201,'244.0.1',612,,9504,22,,,0,100,,9505,22,,,0,100,,9506,22,,,0,15,,9507,22,,,0,15,,9508,22,,,0,15,,9509,22,,,0,55,,9510,22,,,0,15,,9511,22,,,0,15,,9512,22,,,0,15,,9513,22,,,0,57,,9514,22,,,0,16,,9515,22,,,0,15,,9516,22,,,0,55,,9517,22,,,0,15,,9518,22,,,0,15,,9519,22,,,0,15,,9520,22,,,0,55,,9521,22,,,0,15,,9522,22,,,0,15,,9523,22,,,0,15,,9524,22,,,0,55,,9525,22,,,0,15,,9526,22,,,0,15,,9527,22,,,0,15,,9528,22,,,0,55,,9529,22,,,0,15,,9530,22,,,0,15,,9531,22,,,0,15,,9532,22,,,0,55,,9533,22,,,0,15,,9534,22,,,0,15,,9535,22,,,0,15,,9536,22,,,0,55,,9537,22,,,0,15,,9538,22,,,0,15,,9539,22,,,0,14,,9540,22,,,0,15,,9541,22,,,0,55,,9542,22,,,0,15,,9543,22,,,0,15,,9544,22,,,0,15,,9545,22,,,0,55,,9546,22,,,0,15,,9547,22,,,0,14,,9548,22,,,0,14,,9549,22,,,0,55,,9550,22,,,0,30,,9551,22,,,0,70,,9552,22,,,0,30,,9553,22,,,0,70,,9554,22,,,0,30,,9555,22,,,0,70,,9556,22,,,0,30,,9557,22,,,0,70,,9558,22,,,0,30,,9559,22,,,0,70,,9560,22,,,0,30,,9561,22,,,0
201,'244.0.2',622,,9562,22,,,0,100,,9563,22,,,0,95,,9564,22,,,0,20,,9565,22,,,0,20,,9566,22,,,0,60,,9567,22,,,0,20,,9568,22,,,0,22,,9569,22,,,0,60,,9570,22,,,0,20,,9571,22,,,0,20,,9572,22,,,0,60,,9573,22,,,0,20,,9574,22,,,0,20,,9575,22,,,0,60,,9576,22,,,0,20,,9577,22,,,0,20,,9578,22,,,0,60,,9579,22,,,0,20,,9580,22,,,0,20,,9581,22,,,0,60,,9582,22,,,0,20,,9583,22,,,0,20,,9584,22,,,0,60,,9585,22,,,0,20,,9586,22,,,0,20,,9587,22,,,0,60,,9588,22,,,0,20,,9589,22,,,0,20,,9590,22,,,0,60,,9591,22,,,0,20,,9592,22,,,0,20,,9593,22,,,0,55,,9594,22,,,0,29,,9595,22,,,0,69,,9596,22,,,0,30,,9597,22,,,0,70,,9598,22,,,0,30,,9599,22,,,0,70,,9600,22,,,0,30,,9601,22,,,0,70,,9602,22,,,0,30,,9603,22,,,0,70,,9604,22,,,0,30,,9605,22,,,0,70,,9606,22,,,0
201,'244.0.3',544,,9607,22,,,0,70,,9608,22,,,0,30,,9609,22,,,0,15,,9610,22,,,0,55,,9611,22,,,0,18,,9612,22,,,0,18,,9613,22,,,0,55,,9614,22,,,0,15,,9615,22,,,0,15,,9616,22,,,0,15,,9617,22,,,0,53,,9618,22,,,0,14,,9619,22,,,0,15,,9620,22,,,0,15,,9621,22,,,0,55,,9622,22,,,0,15,,9623,22,,,0,15,,9624,22,,,0,15,,9625,22,,,0,55,,9626,22,,,0,15,,9627,22,,,0,15,,9628,22,,,0,15,,9629,22,,,0,55,,9630,22,,,0,15,,9631,22,,,0,15,,9632,22,,,0,15,,9633,22,,,0,55,,9634,22,,,0,15,,9635,22,,,0,15,,9636,22,,,0,15,,9637,22,,,0,55,,9638,22,,,0,15,,9639,22,,,0,15,,9640,22,,,0,15,,9641,22,,,0,55,,9642,22,,,0,15,,9643,22,,,0,16,,9644,22,,,0,16,,9645,22,,,0,55,,9646,22,,,0,15,,9647,22,,,0,15,,9648,22,,,0,15,,9649,22,,,0,55,,9650,22,,,0,15,,9651,22,,,0,15,,9652,22,,,0,13,,9653,22,,,0,54,,9654,22,,,0,15,,9655,22,,,0,15,,9656,22,,,0,15,,9657,22,,,0,70,,9658,22,,,0,30,,9659,22,,,0,70,,9660,22,,,0,30,,9661,22,,,0,70,,9662,22,,,0,30,,9663,22,,,0,70,,9664,22,,,0,30,,9665,22,,,0,70,,9666,22,,,0,30,,9667,22,,,0,70,,9668,22,,,0,30,,9669,22,,,0
301,'244.0.1',619,,9812,18,,,0,100,,9813,18,,,0,100,,9814,18,,,0,30,,9815,18,,,0,70,,9816,18,,,0,30,,9817,18,,,0,70,,9818,18,,,0,33,,9819,18,,,0,70,,9820,18,,,0,30,,9821,18,,,0,70,,9822,18,,,0,30,,9823,18,,,0,70,,9824,18,,,0,30,,9825,18,,,0,70,,9826,18,,,0,30,,9827,18,,,0,70,,9828,18,,,0,30,,9829,18,,,0,70,,9830,18,,,0,30,,9831,18,,,0,70,,9832,18,,,0,30,,9833,18,,,0,67,,9834,18,,,0,30,,9835,18,,,0,70,,9836,18,,,0,30,,9837,18,,,0,70,,9838,18,,,0,30,,9839,18,,,0,70,,9840,18,,,0,30,,9841,18,,,0,70,,9842,18,,,0,30,,9843,18,,,0,70,,9844,18,,,0,30,,9845,18,,,0,70,,9846,18,,,0,30,,9847,18,,,0
301,'244.0.2',618,,9848,18,,,0,100,,9849,18,,,0,100,,9850,18,,,0,30,,9851,18,,,0,70,,9852,18,,,0,20,,9853,18,,,0,20,,9854,18,,,0,60,,9855,18,,,0,22,,9856,18,,,0,60,,9857,18,,,0,20,,9858,18,,,0,20,,9859,18,,,0,60,,9860,18,,,0,20,,9861,18,,,0,20,,9862,18,,,0,60,,9863,18,,,0,20,,9864,18,,,0,20,,9865,18,,,0,60,,9866,18,,,0,20,,9867,18,,,0,20,,9868,18,,,0,60,,9869,18,,,0,20,,9870,18,,,0,20,,9871,18,,,0,60,,9872,18,,,0,20,,9873,18,,,0,20,,9874,18,,,0,60,,9875,18,,,0,20,,9876,18,,,0,20,,9877,18,,,0,60,,9878,18,,,0,20,,9879,18,,,0,30,,9880,18,,,0,70,,9881,18,,,0,30,,9882,18,,,0,70,,9883,18,,,0,30,,9884,18,,,0,68,,9885,18,,,0,30,,9886,18,,,0,70,,9887,18,,,0,30,,9888,18,,,0,70,,9889,18,,,0,30,,9890,18,,,0,70,,9891,18,,,0
301,'244.0.3',550,,9892,18,,,0,70,,9893,18,,,0,15,,9894,18,,,0,15,,9895,18,,,0,55,,9896,18,,,0,15,,9897,18,,,0,17,,9898,18,,,0,18,,9899,18,,,0,55,,9900,18,,,0,15,,9901,18,,,0,15,,9902,18,,,0,15,,9903,18,,,0,55,,9904,18,,,0,14,,9905,18,,,0,17,,9906,18,,,0,60,,9907,18,,,0,20,,9908,18,,,0,20,,9909,18,,,0,60,,9910,18,,,0,20,,9911,18,,,0,20,,9912,18,,,0,60,,9913,18,,,0,20,,9914,18,,,0,20,,9915,18,,,0,60,,9916,18,,,0,20,,9917,18,,,0,20,,9918,18,,,0,60,,9919,18,,,0,20,,9920,18,,,0,20,,9921,18,,,0,60,,9922,18,,,0,21,,9923,18,,,0,15,,9924,18,,,0,15,,9925,18,,,0,55,,9926,18,,,0,15,,9927,18,,,0,15,,9928,18,,,0,15,,9929,18,,,0,55,,9930,18,,,0,15,,9931,18,,,0,15,,9932,18,,,0,15,,9933,18,,,0,54,,9934,18,,,0,14,,9935,18,,,0,15,,9936,18,,,0,15,,9937,18,,,0,60,,9938,18,,,0,20,,9939,18,,,0,20,,9940,18,,,0,60,,9941,18,,,0,20,,9942,18,,,0,20,,9943,18,,,0,60,,9944,18,,,0,10,,9945,18,,,0,30,,9946,18,,,0,70,,9947,18,,,0,27,,9948,18,,,0,70,,9949,18,,,0,33,,9950,18,,,0,70,,9951,18,,,0,30,,9952,18,,,0
2400,'244.0.1',624,,11184,40,,,0,30,,11185,40,,,0,70,,11186,40,,,0,30,,11187,40,,,0,70,,11188,40,,,0,30,,11189,40,,,0,70,,11190,40,,,0,31,,11191,40,,,0,71,,11192,40,,,0,30,,11193,40,,,0,70,,11194,40,,,0,32,,11195,40,,,0,70,,11196,40,,,0,30,,11197,40,,,0,70,,11198,40,,,0,30,,11199,40,,,0,70,,11200,40,,,0,28,,11201,40,,,0,70,,11202,40,,,0,30,,11203,40,,,0,70,,11204,40,,,0,30,,11205,40,,,0,70,,11206,40,,,0,30,,11207,40,,,0,70,,11208,40,,,0,27,,11209,40,,,0,70,,11210,40,,,0,30,,11211,40,,,0,70,,11212,40,,,0,30,,11213,40,,,0,70,,11214,40,,,0,30,,11215,40,,,0,70,,11216,40,,,0,30,,11217,40,,,0,70,,11218,40,,,0,30,,11219,40,,,0
2400,'244.0.2',622,,11220,40,,,0,30,,11221,40,,,0,70,,11222,40,,,0,30,,11223,40,,,0,70,,11224,40,,,0,30,,11225,40,,,0,70,,11226,40,,,0,33,,11227,40,,,0,70,,11228,40,,,0,30,,11229,40,,,0,70,,11230,40,,,0,30,,11231,40,,,0,70,,11232,40,,,0,30,,11233,40,,,0,70,,11234,40,,,0,30,,11235,40,,,0,70,,11236,40,,,0,30,,11237,40,,,0,70,,11238,40,,,0,30,,11239,40,,,0,70,,11240,40,,,0,30,,11241,40,,,0,70,,11242,40,,,0,30,,11243,40,,,0,70,,11244,40,,,0,28,,11245,40,,,0,70,,11246,40,,,0,30,,11247,40,,,0,70,,11248,40,,,0,30,,11249,40,,,0,70,,11250,40,,,0,30,,11251,40,,,0,70,,11252,40,,,0,30,,11253,40,,,0,70,,11254,40,,,0,30,,11255,40,,,0
2400,'244.0.3',626,,11256,40,,,0,30,,11257,40,,,0,70,,11258,40,,,0,30,,11259,40,,,0,70,,11260,40,,,0,74,,11261,40,,,0,25,,11262,40,,,0,30,,11263,40,,,0,70,,11264,40,,,0,30,,11265,40,,,0,70,,11266,40,,,0,30,,11267,40,,,0,70,,11268,40,,,0,30,,11269,40,,,0,70,,11270,40,,,0,30,,11271,40,,,0,70,,11272,40,,,0,30,,11273,40,,,0,70,,11274,40,,,0,30,,11275,40,,,0,70,,11276,40,,,0,30,,11277,40,,,0,70,,11278,40,,,0,30,,11279,40,,,0,70,,11280,40,,,0,30,,11281,40,,,0,67,,11282,40,,,0,30,,11283,40,,,0,70,,11284,40,,,0,30,,11285,40,,,0,70,,11286,40,,,0,30,,11287,40,,,0,70,,11288,40,,,0,30,,11289,40,,,0,70,,11290,40,,,0,30,,11291,40,,,0
2600,'244.0.3',725,,11514,8,,,0,32,,11515,8,,,0,67,,11516,8,,,0,700,,11519,8,,,0,85,,11517,8,,,0,30,,11518,8,,,0,99,,11520,8,,,0
2900,'244.0.1',625,,11695,4,,,0,30,,11696,4,,,0,70,,11697,4,,,0,30,,11698,4,,,0,70,,11699,4,,,0,30,,11700,4,,,0,70,,11701,4,,,0,30,,11702,4,,,0,71,,11703,4,,,0,26,,11704,4,,,0,70,,11705,4,,,0,30,,11706,4,,,0,70,,11707,4,,,0,30,,11708,4,,,0,70,,11709,4,,,0,30,,11710,4,,,0,70,,11711,4,,,0,30,,11712,4,,,0,70,,11713,4,,,0,30,,11714,4,,,0,70,,11715,4,,,0,31,,11716,4,,,0,71,,11717,4,,,0,30,,11718,4,,,0,70,,11719,4,,,0,30,,11720,4,,,0,70,,11721,4,,,0,30,,11722,4,,,0,70,,11723,4,,,0,102,,11724,4,,,0,100,,11725,4,,,0,100,,11726,4,,,0,81,,11727,4,,,0
2900,'244.0.2',630,,11728,4,,,0,70,,11729,4,,,0,30,,11730,4,,,0,70,,11731,4,,,0,30,,11732,4,,,0,70,,11733,4,,,0,30,,11734,4,,,0,70,,11735,4,,,0,30,,11736,4,,,0,71,,11737,4,,,0,27,,11738,4,,,0,30,,11739,4,,,0,70,,11740,4,,,0,30,,11741,4,,,0,70,,11742,4,,,0,30,,11743,4,,,0,70,,11744,4,,,0,30,,11745,4,,,0,70,,11746,4,,,0,30,,11747,4,,,0,70,,11748,4,,,0,30,,11749,4,,,0,70,,11750,4,,,0,30,,11751,4,,,0,72,,11752,4,,,0,100,,11753,4,,,0,100,,11754,4,,,0,100,,11755,4,,,0,100,,11756,4,,,0,100,,11757,4,,,0,78,,11758,4,,,0
2900,'244.0.3',542,,11759,4,,,0,15,,11760,4,,,0,55,,11761,4,,,0,14,,11762,4,,,0,12,,11763,4,,,0,15,,11764,4,,,0,55,,11765,4,,,0,15,,11766,4,,,0,15,,11767,4,,,0,15,,11768,4,,,0,55,,11769,4,,,0,15,,11770,4,,,0,16,,11771,4,,,0,18,,11772,4,,,0,55,,11773,4,,,0,30,,11774,4,,,0,70,,11775,4,,,0,30,,11776,4,,,0,70,,11777,4,,,0,30,,11778,4,,,0,70,,11779,4,,,0,30,,11780,4,,,0,70,,11781,4,,,0,30,,11782,4,,,0,70,,11783,4,,,0,29,,11784,4,,,0,65,,11785,4,,,0,15,,11786,4,,,0,15,,11787,4,,,0,15,,11788,4,,,0,55,,11789,4,,,0,15,,11790,4,,,0,15,,11791,4,,,0,15,,11792,4,,,0,55,,11793,4,,,0,15,,11794,4,,,0,22,,11795,4,,,0,57,,11796,4,,,0,15,,11797,4,,,0,15,,11798,4,,,0,15,,11799,4,,,0,70,,11800,4,,,0,30,,11801,4,,,0,70,,11802,4,,,0,30,,11803,4,,,0,70,,11804,4,,,0,30,,11805,4,,,0,70,,11806,4,,,0,100,,11807,4,,,0,88,,11808,4,,,0
9101,'244.0.1',822,,14805,48,,,0,100,,14806,48,,,0,103,,14807,48,,,0,100,,14808,48,,,0,100,,14809,48,,,0,100,,14810,48,,,0,100,,14811,48,,,0,100,,14812,48,,,0,100,,14813,48,,,0,100,,14814,48,,,0,100,,14815,48,,,0,97,,14816,48,,,0,100,,14817,48,,,0,100,,14818,48,,,0,100,,14819,48,,,0,100,,14820,48,,,0
9101,'244.0.2',851,,14821,48,,,0,100,,14822,48,,,0,103,,14823,48,,,0,100,,14824,48,,,0,100,,14825,48,,,0,100,,14826,48,,,0,100,,14827,48,,,0,100,,14828,48,,,0,100,,14829,48,,,0,97,,14830,48,,,0,100,,14831,48,,,0,100,,14832,48,,,0,100,,14833,48,,,0,100,,14834,48,,,0,100,,14835,48,,,0
9101,'244.0.3',623,,14836,48,,,0,30,,14837,48,,,0,83,,14838,48,,,0,64,,14839,48,,,0,30,,14840,48,,,0,75,,14841,48,,,0,25,,14842,48,,,0,29,,14843,48,,,0,100,,14844,48,,,0,143,,14845,48,,,0,100,,14846,48,,,0,100,,14847,48,,,0,111,,14848,48,,,0,101,,14849,48,,,0,31,,14850,48,,,0,70,,14851,48,,,0,31,,14852,48,,,0,69,,14853,48,,,0,20,,14854,48,,,0,94,,14855,48,,,0,100,,14856,48,,,0,100,,14857,48,,,0,100,,14858,48,,,0,100,,14859,48,,,0
