2100,'259.0.1',552,,19633,1,,,0,70,,19634,1,,,0,31,,19635,1,,,0,70,,19636,1,,,0,30,,19637,1,,,0,70,,19638,1,,,0,30,,19639,1,,,0,70,,19640,1,,,0,30,,19641,1,,,0,71,,19642,1,,,0,30,,19643,1,,,0,70,,19644,1,,,0,33,,19645,1,,,0,71,,19646,1,,,0,30,,19647,1,,,0,70,,19648,1,,,0,30,,19649,1,,,0,70,,19650,1,,,0,30,,19651,1,,,0,70,,19652,1,,,0,30,,19653,1,,,0,70,,19654,1,,,0,30,,19655,1,,,0,70,,19656,1,,,0,30,,19657,1,,,0,66,,19658,1,,,0,30,,19659,1,,,0,70,,19660,1,,,0,30,,19661,1,,,0,74,,19662,1,,,0,30,,19663,1,,,0,70,,19664,1,,,0,30,,19665,1,,,0,100,,19666,1,,,0,100,,19667,1,,,0
2100,'259.0.2',658,,19668,1,,,0,100,,19669,1,,,0,100,,19670,1,,,0,100,,19671,1,,,0,142,,19672,1,,,0,100,,19673,1,,,0,100,,19674,1,,,0,100,,19675,1,,,0,100,,19676,1,,,0,100,,19677,1,,,0,100,,19678,1,,,0,100,,19679,1,,,0,100,,19680,1,,,0,101,,19681,1,,,0,100,,19682,1,,,0,100,,19683,1,,,0,100,,19684,1,,,0,100,,19685,1,,,0
2100,'259.0.3',532,,19686,1,,,0,71,,19687,1,,,0,30,,19688,1,,,0,69,,19689,1,,,0,30,,19690,1,,,0,70,,19691,1,,,0,30,,19692,1,,,0,70,,19693,1,,,0,100,,19694,1,,,0,57,,19695,1,,,0,142,,19696,1,,,0,100,,19697,1,,,0,100,,19698,1,,,0,100,,19699,1,,,0,35,,19700,1,,,0,70,,19701,1,,,0,30,,19702,1,,,0,74,,19703,1,,,0,30,,19704,1,,,0,66,,19705,1,,,0,31,,19706,1,,,0,68,,19707,1,,,0,30,,19708,1,,,0,70,,19709,1,,,0,49,,19710,1,,,0,100,,19711,1,,,0,100,,19712,1,,,0,100,,19713,1,,,0
2101,'259.0.1',551,,19714,10,4,,0,70,,19715,10,4,,0,30,,19716,48,4,,0,70,,19717,48,4,,0,30,,19718,48,4,,0,70,,19719,48,4,,0,30,,19720,48,4,,0,70,,19721,48,4,,0,31,,19722,48,4,,0,70,,19723,48,4,,0,30,,19724,48,4,,0,70,,19725,48,4,,0,34,,19726,48,4,,0,70,,19727,48,4,,0,30,,19728,48,4,,0,70,,19729,48,4,,0,30,,19730,48,4,,0,70,,19731,48,4,,0,30,,19732,48,4,,0,70,,19733,48,4,,0,30,,19734,48,4,,0,70,,19735,48,4,,0,30,,19736,48,4,,0,70,,19737,48,4,,0,29,,19738,48,4,,0,67,,19739,48,4,,0,30,,19740,48,4,,0,70,,19741,48,4,,0,30,,19742,48,4,,0,74,,19743,48,4,,0,30,,19744,48,4,,0,70,,19745,48,4,,0,30,,19746,48,4,,0,100,,19747,48,4,,0,100,,19748,48,4,,0
2101,'259.0.2',656,,19749,48,4,,0,100,,19750,48,4,,0,100,,19751,48,4,,0,100,,19752,48,4,,0,102,,19753,48,4,,0,100,,19754,48,4,,0,100,,19755,48,4,,0,100,,19756,48,4,,0,100,,19757,48,4,,0,100,,19758,48,4,,0,100,,19759,48,4,,0,100,,19760,48,4,,0,100,,19761,48,4,,0,101,,19762,48,4,,0,100,,19763,48,4,,0,100,,19764,48,4,,0,100,,19765,48,4,,0,100,,19766,48,4,,0
2101,'259.0.3',530,,19767,10,4,,0,71,,19768,48,4,,0,30,,19769,48,4,,0,70,,19770,48,4,,0,29,,19771,48,4,,0,70,,19772,48,4,,0,30,,19773,48,4,,0,70,,19774,48,4,,0,100,,19775,48,4,,0,59,,19776,48,4,,0,100,,19777,48,4,,0,100,,19778,48,4,,0,100,,19779,48,4,,0,100,,19780,48,4,,0,75,,19781,48,4,,0,70,,19782,48,4,,0,30,,19783,48,4,,0,74,,19784,48,4,,0,30,,19785,48,4,,0,66,,19786,48,4,,0,29,,19787,48,4,,0,70,,19788,48,4,,0,30,,19789,48,4,,0,70,,19790,48,4,,0,49,,19791,48,4,,0,100,,19792,48,4,,0,100,,19793,48,4,,0,100,,19794,48,4,,0
12300,'259.0.3',605,,23700,1,,,0,30,,23702,1,,,0,100,,23703,1,,,0,70,,23704,1,,,0,30,,23701,1,,,0
12300,'259.1141.3',705,,23705,1,,,0
12300,'259.1143.3',705,,23706,1,,,0
12301,'259.0.3',605,,23708,10,4,,0,30,,23710,10,4,,0,70,,23711,10,4,,0,30,,23713,10,4,,0,70,,23714,10,4,,0,30,,23709,10,4,,0,774,,23715,45,4,,0,30,,23717,45,4,,0,70,,23718,45,4,,0,30,,23707,45,4,,0,67,,23712,45,4,,0,26,,23716,45,4,,0,70,,23719,45,4,,0
