8200,'244.0.1',625,,13753,30,,,0,100,,13754,30,,,0,100,,13755,30,,,0,100,,13756,30,,,0,100,,13757,30,,,0,100,,13758,30,,,0,100,,13759,30,,,0,100,,13760,30,,,0,100,,13761,30,,,0,100,,13762,30,,,0,100,,13763,30,,,0,100,,13764,30,,,0,100,,13765,30,,,0,100,,13766,30,,,0,100,,13767,30,,,0,100,,13768,30,,,0,100,,13769,30,,,0
8200,'244.0.2',627,,13770,30,,,0,100,,13771,30,,,0,100,,13772,30,,,0,100,,13773,30,,,0,100,,13774,30,,,0,100,,13775,30,,,0,100,,13776,30,,,0,100,,13777,30,,,0,100,,13778,30,,,0,100,,13779,30,,,0,100,,13780,30,,,0,100,,13781,30,,,0,100,,13782,30,,,0,100,,13783,30,,,0,100,,13784,30,,,0,100,,13785,30,,,0
8200,'244.0.3',614,,13786,30,,,0,26,,13787,30,,,0,69,,13788,30,,,0,30,,13789,30,,,0,70,,13790,30,,,0,92,,13791,30,,,0,28,,13792,30,,,0,100,,13793,30,,,0,100,,13794,30,,,0,100,,13795,30,,,0,100,,13796,30,,,0,100,,13797,30,,,0,103,,13798,30,,,0,426,,13799,30,,,0,100,,13800,30,,,0,100,,13801,30,,,0,100,,13802,30,,,0
8400,'244.0.1',708,,13955,28,,,0,100,,13956,28,,,0,100,,13957,28,,,0,100,,13958,28,,,0,102,,13959,28,,,0,97,,13960,28,,,0,100,,13961,28,,,0,100,,13962,28,,,0,100,,13963,28,,,0,100,,13964,28,,,0,100,,13965,28,,,0,100,,13966,28,,,0,96,,13967,28,,,0,105,,13968,28,,,0,100,,13969,28,,,0,100,,13970,28,,,0,100,,13971,28,,,0
8400,'244.0.2',713,,13972,28,,,0,100,,13973,28,,,0,100,,13974,28,,,0,100,,13975,28,,,0,101,,13976,28,,,0,96,,13977,28,,,0,100,,13978,28,,,0,100,,13979,28,,,0,100,,13980,28,,,0,100,,13981,28,,,0,103,,13982,28,,,0,100,,13983,28,,,0,100,,13984,28,,,0,100,,13985,28,,,0,99,,13986,28,,,0,100,,13987,28,,,0,100,,13988,28,,,0
8400,'244.0.3',620,,14019,28,,,0,30,,13989,28,,,0,70,,13990,28,,,0,31,,13991,28,,,0,71,,13992,28,,,0,30,,13993,28,,,0,70,,13994,28,,,0,102,,13995,28,,,0,100,,13996,28,,,0,100,,13997,28,,,0,100,,13998,28,,,0,100,,13999,28,,,0,107,,14000,28,,,0,70,,14001,28,,,0,15,,14002,28,,,0,15,,14003,28,,,0,15,,14004,28,,,0,55,,14005,28,,,0,15,,14006,28,,,0,15,,14007,28,,,0,12,,14008,28,,,0,14,,14009,28,,,0,55,,14010,28,,,0,12,,14011,28,,,0,15,,14020,28,,,0,13,,14012,28,,,0,98,,14013,28,,,0,100,,14014,28,,,0,100,,14015,28,,,0,100,,14016,28,,,0,103,,14017,28,,,0,103,,14018,28,,,0
8601,'244.0.1',644,,14255,17,,,0,100,,14256,17,,,0,100,,14257,17,,,0,102,,14258,17,,,0,100,,14259,17,,,0,100,,14260,17,,,0,100,,14261,17,,,0,101,,14262,17,,,0,100,,14263,17,,,0,100,,14264,17,,,0,98,,14265,17,,,0,100,,14266,17,,,0,100,,14267,17,,,0,100,,14268,17,,,0,100,,14269,17,,,0,100,,14270,17,,,0,100,,14271,17,,,0
8601,'244.0.2',650,,14272,17,,,0,100,,14273,17,,,0,100,,14274,17,,,0,101,,14275,17,,,0,100,,14276,17,,,0,100,,14277,17,,,0,100,,14278,17,,,0,100,,14279,17,,,0,99,,14280,17,,,0,100,,14281,17,,,0,100,,14282,17,,,0,100,,14283,17,,,0,100,,14284,17,,,0,100,,14285,17,,,0,100,,14286,17,,,0,100,,14287,17,,,0
8601,'244.0.3',854,,14288,17,,,0,100,,14289,17,,,0,100,,14290,17,,,0,100,,14291,17,,,0,100,,14292,17,,,0,100,,14293,17,,,0,100,,14294,17,,,0,104,,14295,17,,,0,71,,14296,17,,,0,75,,14297,17,,,0,34,,14298,17,,,0,68,,14299,17,,,0,22,,14300,17,,,0,25,,14301,17,,,0,160,,14302,17,,,0,100,,14303,17,,,0,100,,14304,17,,,0,100,,14305,17,,,0
18200,'244.0.3',1552,,15020,50,,,0,55,,15021,50,,,0,17,,15022,50,,,0,18,,15023,50,,,0,14,,15024,50,,,0,57,,15025,50,,,0,14,,15026,50,,,0,11,,15027,50,,,0,12,,15028,50,,,0,55,,15029,50,,,0,11,,15030,50,,,0,15,,15031,50,,,0,15,,15033,50,,,0,54,,15032,50,,,0,16,,15034,50,,,0
18601,'244.0.3',602,,15093,17,,,0,30,,15094,17,,,0,70,,15095,17,,,0,30,,15096,17,,,0,70,,15097,17,,,0,30,,15098,17,,,0
