8201,'259.0.1',701,,22630,34,,,0,100,,22631,34,,,0,100,,22632,34,,,0,100,,22633,34,,,0,100,,22634,34,,,0,100,,22635,34,,,0,100,,22636,34,,,0,100,,22637,34,,,0,100,,22638,34,,,0,100,,22639,34,,,0,100,,22640,34,,,0,100,,22641,34,,,0,100,,22642,34,,,0,100,,22643,34,,,0,100,,22644,34,,,0,100,,22645,34,,,0,100,,22646,34,,,0
8201,'259.0.2',702,,22647,34,,,0,100,,22648,34,,,0,100,,22649,34,,,0,100,,22650,34,,,0,100,,22651,34,,,0,100,,22652,34,,,0,100,,22653,34,,,0,100,,22654,34,,,0,100,,22655,34,,,0,100,,22656,34,,,0,100,,22657,34,,,0,100,,22658,34,,,0,100,,22659,34,,,0,100,,22660,34,,,0,100,,22661,34,,,0,100,,22662,34,,,0
8201,'259.0.3',907,,22663,34,,,0,100,,22664,34,,,0,100,,22665,34,,,0,100,,22666,34,,,0,100,,22667,34,,,0,100,,22668,34,,,0,100,,22669,34,,,0,101,,22670,34,,,0,27,,22671,34,,,0,70,,22672,34,,,0,30,,22673,34,,,0,70,,22674,34,,,0,28,,22675,34,,,0,75,,22676,34,,,0,100,,22677,34,,,0,100,,22678,34,,,0,100,,22679,34,,,0,100,,22680,34,,,0
8401,'259.0.1',613,,22848,21,,,0,100,,22849,21,,,0,100,,22850,21,,,0,100,,22851,21,,,0,101,,22852,21,,,0,100,,22853,21,,,0,100,,22854,21,,,0,101,,22855,21,,,0,100,,22856,21,,,0,100,,22857,21,,,0,100,,22858,21,,,0,99,,22859,21,,,0,100,,22860,21,,,0,100,,22861,21,,,0,99,,22862,21,,,0,100,,22863,21,,,0,100,,22864,21,,,0
8401,'259.0.2',617,,22865,21,,,0,100,,22866,21,,,0,100,,22867,21,,,0,102,,22868,21,,,0,100,,22869,21,,,0,100,,22870,21,,,0,100,,22871,21,,,0,100,,22872,21,,,0,100,,22873,21,,,0,100,,22874,21,,,0,100,,22875,21,,,0,100,,22876,21,,,0,99,,22877,21,,,0,100,,22878,21,,,0,100,,22879,21,,,0,100,,22880,21,,,0,100,,22881,21,,,0
8401,'259.0.3',519,,22882,21,,,0,30,,22883,21,,,0,70,,22884,21,,,0,15,,22885,21,,,0,15,,22913,21,,,0,55,,22886,21,,,0,15,,22887,21,,,0,15,,22888,21,,,0,15,,22889,21,,,0,55,,22890,21,,,0,15,,22891,21,,,0,15,,22892,21,,,0,15,,22893,21,,,0,56,,22914,21,,,0,15,,22894,21,,,0,100,,22895,21,,,0,100,,22896,21,,,0,100,,22897,21,,,0,100,,22898,21,,,0,100,,22899,21,,,0,100,,22900,21,,,0,30,,22901,21,,,0,71,,22902,21,,,0,30,,22903,21,,,0,70,,22904,21,,,0,30,,22905,21,,,0,68,,22906,21,,,0,100,,22907,21,,,0,99,,22908,21,,,0,100,,22909,21,,,0,100,,22910,21,,,0,100,,22911,21,,,0,100,,22912,21,,,0
8801,'259.0.1',729,,23337,6,,,0,100,,23338,6,,,0,100,,23339,6,,,0,100,,23340,6,,,0,101,,23341,6,,,0,100,,23342,6,,,0,100,,23343,6,,,0,100,,23344,6,,,0,100,,23345,6,,,0,100,,23346,6,,,0,100,,23347,6,,,0,99,,23348,6,,,0,99,,23349,6,,,0,100,,23350,6,,,0,100,,23351,6,,,0,100,,23352,6,,,0
8801,'259.0.2',729,,23353,6,,,0,100,,23354,6,,,0,100,,23355,6,,,0,100,,23356,6,,,0,101,,23357,6,,,0,100,,23358,6,,,0,100,,23359,6,,,0,100,,23360,6,,,0,100,,23361,6,,,0,100,,23362,6,,,0,100,,23363,6,,,0,100,,23364,6,,,0,99,,23365,6,,,0,100,,23366,6,,,0,100,,23367,6,,,0
8801,'259.0.3',651,,23368,6,,,0,100,,23369,6,,,0,100,,23370,6,,,0,100,,23371,6,,,0,100,,23372,6,,,0,100,,23373,6,,,0,100,,23374,6,,,0,100,,23375,6,,,0,101,,23376,6,,,0,100,,23377,6,,,0,100,,23378,6,,,0,99,,23379,6,,,0,73,,23380,6,,,0,92,,23381,6,,,0,100,,23382,6,,,0,100,,23383,6,,,0,100,,23384,6,,,0
18201,'259.0.3',544,,23862,36,,,0,15,,23863,36,,,0,55,,23864,36,,,0,15,,23865,36,,,0,15,,23866,36,,,0,15,,23867,36,,,0,55,,23868,36,,,0,15,,23874,36,,,0,15,,23869,36,,,0,15,,23870,36,,,0,55,,23871,36,,,0,15,,23873,36,,,0,15,,23872,36,,,0
