5800,'244.0.1',634,,12673,25,4,,0,100,,12674,25,4,,0,100,,12675,25,4,,0,100,,12676,25,4,,0,101,,12677,25,4,,0,100,,12678,25,4,,0,100,,12679,25,4,,0,100,,12680,25,4,,0,100,,12681,25,4,,0,100,,12682,25,4,,0,100,,12683,25,4,,0,100,,12684,25,4,,0,100,,12685,25,4,,0,100,,12686,25,4,,0,100,,12687,25,4,,0,100,,12688,25,4,,0,100,,12689,25,4,,0
5800,'244.0.2',734,,12690,25,4,,0,100,,12691,25,4,,0,100,,12692,25,4,,0,100,,12693,25,4,,0,100,,12694,25,4,,0,101,,12695,25,4,,0,100,,12696,25,4,,0,100,,12697,25,4,,0,100,,12698,25,4,,0,100,,12699,25,4,,0,100,,12700,25,4,,0,100,,12701,25,4,,0,100,,12702,25,4,,0,100,,12703,25,4,,0,99,,12704,25,4,,0,100,,12705,25,4,,0
5800,'244.0.3',623,,12706,25,4,,0,30,,12707,25,4,,0,70,,12708,25,4,,0,30,,12709,25,4,,0,70,,12710,25,4,,0,117,,12711,25,4,,0,100,,12712,25,4,,0,100,,12713,25,4,,0,100,,12714,25,4,,0,101,,12715,25,4,,0,101,,12716,25,4,,0,100,,12717,25,4,,0,70,,12718,25,4,,0,230,,12719,25,4,,0,99,,12720,25,4,,0,100,,12721,25,4,,0,98,,12722,25,4,,0,100,,12723,25,4,,0,100,,12724,25,4,,0
5801,'244.0.1',600,,12725,1,,,0,100,,12726,1,,,0,100,,12727,1,,,0,100,,12728,1,,,0,100,,12729,1,,,0,100,,12730,1,,,0,100,,12731,1,,,0,100,,12732,1,,,0,100,,12733,1,,,0,100,,12734,1,,,0,100,,12735,1,,,0,100,,12736,1,,,0,100,,12737,1,,,0,100,,12738,1,,,0,100,,12739,1,,,0,100,,12740,1,,,0,100,,12741,1,,,0
5801,'244.0.2',700,,12742,1,,,0,100,,12743,1,,,0,100,,12744,1,,,0,100,,12745,1,,,0,100,,12746,1,,,0,100,,12747,1,,,0,100,,12748,1,,,0,100,,12749,1,,,0,100,,12750,1,,,0,100,,12751,1,,,0,100,,12752,1,,,0,100,,12753,1,,,0,100,,12754,1,,,0,100,,12755,1,,,0,100,,12756,1,,,0,100,,12757,1,,,0
5801,'244.0.3',555,,12758,1,,,0,70,,12759,1,,,0,280,,12760,1,,,0,100,,12761,1,,,0,100,,12762,1,,,0,100,,12763,1,,,0,100,,12764,1,,,0,100,,12765,1,,,0,100,,12766,1,,,0,30,,12767,1,,,0,70,,12768,1,,,0,30,,12769,1,,,0,70,,12770,1,,,0,100,,12771,1,,,0,100,,12772,1,,,0,100,,12773,1,,,0,100,,12774,1,,,0,100,,12775,1,,,0,100,,12776,1,,,0
6300,'244.0.1',816,,13103,32,4,,0,100,,13104,32,4,,0,100,,13105,32,4,,0,100,,13106,32,4,,0,100,,13107,32,4,,0,100,,13108,32,4,,0,100,,13109,32,4,,0,101,,13110,32,4,,0,100,,13111,32,4,,0,100,,13112,32,4,,0,100,,13113,32,4,,0,100,,13114,32,4,,0,97,,13115,32,4,,0,99,,13116,32,4,,0,100,,13117,32,4,,0,100,,13118,32,4,,0
6300,'244.0.2',745,,13119,32,4,,0,100,,13120,32,4,,0,100,,13121,32,4,,0,100,,13122,32,4,,0,100,,13123,32,4,,0,100,,13124,32,4,,0,100,,13125,32,4,,0,100,,13126,32,4,,0,98,,13127,32,4,,0,100,,13128,32,4,,0,100,,13129,32,4,,0,100,,13130,32,4,,0,100,,13131,32,4,,0,100,,13132,32,4,,0,100,,13133,32,4,,0
6300,'244.0.3',710,,13134,32,4,,0,30,,13135,32,4,,0,70,,13136,32,4,,0,30,,13137,32,4,,0,70,,13138,32,4,,0,30,,13139,32,4,,0,70,,13140,32,4,,0,16,,13141,32,4,,0,100,,13142,32,4,,0,100,,13143,32,4,,0,100,,13144,32,4,,0,100,,13145,32,4,,0,101,,13146,32,4,,0,115,,13147,32,4,,0,70,,13148,32,4,,0,28,,13149,32,4,,0,70,,13150,32,4,,0,29,,13151,32,4,,0,69,,13152,32,4,,0,30,,13153,32,4,,0,100,,13154,32,4,,0,100,,13155,32,4,,0,100,,13156,32,4,,0
6301,'244.0.1',730,,13157,1,,,0,100,,13158,1,,,0,100,,13159,1,,,0,100,,13160,1,,,0,100,,13161,1,,,0,100,,13162,1,,,0,100,,13163,1,,,0,100,,13164,1,,,0,100,,13165,1,,,0,100,,13166,1,,,0,100,,13167,1,,,0,100,,13168,1,,,0,100,,13169,1,,,0,100,,13170,1,,,0,100,,13171,1,,,0,100,,13172,1,,,0
6301,'244.0.2',700,,13173,1,,,0,100,,13174,1,,,0,100,,13175,1,,,0,100,,13176,1,,,0,100,,13177,1,,,0,100,,13178,1,,,0,100,,13179,1,,,0,100,,13180,1,,,0,100,,13181,1,,,0,100,,13182,1,,,0,100,,13183,1,,,0,100,,13184,1,,,0,100,,13185,1,,,0,100,,13186,1,,,0,100,,13187,1,,,0
6301,'244.0.3',619,,13188,1,,,0,30,,13189,1,,,0,70,,13190,1,,,0,30,,13191,1,,,0,70,,13192,1,,,0,30,,13193,1,,,0,70,,13194,1,,,0,16,,13195,1,,,0,100,,13196,1,,,0,100,,13197,1,,,0,100,,13198,1,,,0,100,,13199,1,,,0,100,,13200,1,,,0,115,,13201,1,,,0,70,,13202,1,,,0,30,,13203,1,,,0,70,,13204,1,,,0,30,,13205,1,,,0,70,,13206,1,,,0,30,,13207,1,,,0,100,,13208,1,,,0,100,,13209,1,,,0,100,,13210,1,,,0,100,,13211,1,,,0
15800,'244.0.3',1636,,14970,37,4,,0,72,,14971,37,4,,0,32,,14972,37,4,,0,67,,14973,37,4,,0
15801,'244.0.3',655,,14974,1,,,0,70,,14977,1,,,0,30,,14975,1,,,0,70,,14976,1,,,0
