5801,'244.0.1',615,,12725,23,,,0,100,,12726,23,,,0,100,,12727,23,,,0,100,,12728,23,,,0,100,,12729,23,,,0,100,,12730,23,,,0,100,,12731,23,,,0,100,,12732,23,,,0,100,,12733,23,,,0,100,,12734,23,,,0,100,,12735,23,,,0,100,,12736,23,,,0,100,,12737,23,,,0,100,,12738,23,,,0,100,,12739,23,,,0,100,,12740,23,,,0,100,,12741,23,,,0
5801,'244.0.2',715,,12742,23,,,0,100,,12743,23,,,0,100,,12744,23,,,0,100,,12745,23,,,0,100,,12746,23,,,0,100,,12747,23,,,0,100,,12748,23,,,0,100,,12749,23,,,0,100,,12750,23,,,0,100,,12751,23,,,0,100,,12752,23,,,0,100,,12753,23,,,0,100,,12754,23,,,0,100,,12755,23,,,0,100,,12756,23,,,0,100,,12757,23,,,0
5801,'244.0.3',610,,12758,23,,,0,30,,12759,23,,,0,280,,12760,23,,,0,100,,12761,23,,,0,100,,12762,23,,,0,100,,12763,23,,,0,100,,12764,23,,,0,100,,12765,23,,,0,100,,12766,23,,,0,30,,12767,23,,,0,70,,12768,23,,,0,30,,12769,23,,,0,70,,12770,23,,,0,100,,12771,23,,,0,100,,12772,23,,,0,100,,12773,23,,,0,100,,12774,23,,,0,100,,12775,23,,,0,100,,12776,23,,,0
6301,'244.0.1',752,,13157,33,,,0,100,,13158,33,,,0,100,,13159,33,,,0,100,,13160,33,,,0,100,,13161,33,,,0,100,,13162,33,,,0,100,,13163,33,,,0,100,,13164,33,,,0,100,,13165,33,,,0,100,,13166,33,,,0,100,,13167,33,,,0,100,,13168,33,,,0,97,,13169,33,,,0,100,,13170,33,,,0,100,,13171,33,,,0,100,,13172,33,,,0
6301,'244.0.2',721,,13173,33,,,0,100,,13174,33,,,0,100,,13175,33,,,0,100,,13176,33,,,0,100,,13177,33,,,0,100,,13178,33,,,0,100,,13179,33,,,0,100,,13180,33,,,0,98,,13181,33,,,0,100,,13182,33,,,0,100,,13183,33,,,0,100,,13184,33,,,0,100,,13185,33,,,0,100,,13186,33,,,0,100,,13187,33,,,0
6301,'244.0.3',642,,13188,33,,,0,70,,13189,33,,,0,30,,13190,33,,,0,70,,13191,33,,,0,30,,13192,33,,,0,70,,13193,33,,,0,30,,13194,33,,,0,16,,13195,33,,,0,100,,13196,33,,,0,100,,13197,33,,,0,100,,13198,33,,,0,100,,13199,33,,,0,100,,13200,33,,,0,155,,13201,33,,,0,30,,13202,33,,,0,69,,13203,33,,,0,30,,13204,33,,,0,70,,13205,33,,,0,30,,13206,33,,,0,70,,13207,33,,,0,100,,13208,33,,,0,100,,13209,33,,,0,100,,13210,33,,,0,100,,13211,33,,,0
6700,'244.0.1',805,,13380,16,,,0,100,,13381,16,,,0,104,,13382,16,,,0,102,,13383,16,,,0,100,,13384,16,,,0,100,,13385,16,,,0,100,,13386,16,,,0,100,,13387,16,,,0,100,,13388,16,,,0,100,,13389,16,,,0,100,,13390,16,,,0,95,,13391,16,,,0,99,,13392,16,,,0,100,,13393,16,,,0,100,,13394,16,,,0,100,,13395,16,,,0
6700,'244.0.2',803,,13396,16,,,0,100,,13397,16,,,0,100,,13398,16,,,0,106,,13399,16,,,0,101,,13400,16,,,0,100,,13401,16,,,0,100,,13402,16,,,0,100,,13403,16,,,0,100,,13404,16,,,0,100,,13405,16,,,0,97,,13406,16,,,0,99,,13407,16,,,0,100,,13408,16,,,0,100,,13409,16,,,0,97,,13410,16,,,0,100,,13411,16,,,0
6700,'244.0.3',617,,13412,16,,,0,30,,13413,16,,,0,70,,13414,16,,,0,30,,13415,16,,,0,70,,13416,16,,,0,30,,13417,16,,,0,70,,13418,16,,,0,100,,13419,16,,,0,99,,13420,16,,,0,100,,13421,16,,,0,100,,13422,16,,,0,100,,13423,16,,,0,99,,13424,16,,,0,30,,13425,16,,,0,70,,13426,16,,,0,30,,13427,16,,,0,70,,13428,16,,,0,31,,13429,16,,,0,72,,13430,16,,,0,30,,13431,16,,,0,100,,13432,16,,,0,100,,13433,16,,,0,100,,13434,16,,,0,100,,13435,16,,,0
15801,'244.0.3',710,,14974,23,,,0,30,,14977,23,,,0,70,,14975,23,,,0,30,,14976,23,,,0
