400,'259.0.1',557,,18780,10,,,0,100,,18781,10,,,0,100,,18782,10,,,0,70,,18783,10,,,0,30,,18784,10,,,0,70,,18785,10,,,0,31,,18786,10,,,0,70,,18787,10,,,0,30,,18788,10,,,0,70,,18789,10,,,0,30,,18790,10,,,0,70,,18791,10,,,0,30,,18792,10,,,0,70,,18793,10,,,0,30,,18794,10,,,0,70,,18795,10,,,0,30,,18796,10,,,0,70,,18797,10,,,0,30,,18798,10,,,0,70,,18799,10,,,0,30,,18800,10,,,0,70,,18801,10,,,0,30,,18802,10,,,0,70,,18803,10,,,0,30,,18804,10,,,0,70,,18805,10,,,0,30,,18806,10,,,0,70,,18807,10,,,0,30,,18808,10,,,0,69,,18809,10,,,0,30,,18810,10,,,0,100,,18811,10,,,0,100,,18812,10,,,0
400,'259.0.2',652,,18813,10,,,0,70,,18814,10,,,0,30,,18815,10,,,0,70,,18816,10,,,0,30,,18817,10,,,0,70,,18818,10,,,0,30,,18819,10,,,0,70,,18820,10,,,0,30,,18821,10,,,0,70,,18822,10,,,0,30,,18823,10,,,0,70,,18824,10,,,0,30,,18825,10,,,0,70,,18826,10,,,0,30,,18827,10,,,0,70,,18828,10,,,0,30,,18829,10,,,0,70,,18830,10,,,0,30,,18831,10,,,0,70,,18832,10,,,0,30,,18833,10,,,0,70,,18834,10,,,0,30,,18835,10,,,0,70,,18836,10,,,0,30,,18837,10,,,0,70,,18838,10,,,0,30,,18839,10,,,0,100,,18840,10,,,0,100,,18841,10,,,0,100,,18842,10,,,0,100,,18843,10,,,0
400,'259.0.3',607,,18844,10,,,0,20,,18845,10,,,0,20,,18846,10,,,0,60,,18847,10,,,0,15,,18848,10,,,0,16,,18849,10,,,0,15,,18850,10,,,0,55,,18851,10,,,0,15,,18852,10,,,0,15,,18853,10,,,0,15,,18854,10,,,0,55,,18855,10,,,0,15,,18856,10,,,0,15,,18857,10,,,0,15,,18858,10,,,0,55,,18859,10,,,0,15,,18860,10,,,0,15,,18861,10,,,0,15,,18862,10,,,0,55,,18863,10,,,0,15,,18864,10,,,0,16,,18865,10,,,0,15,,18866,10,,,0,55,,18867,10,,,0,15,,18868,10,,,0,15,,18869,10,,,0,15,,18870,10,,,0,55,,18871,10,,,0,10,,18872,10,,,0,10,,18873,10,,,0,10,,18874,10,,,0,10,,18875,10,,,0,10,,18876,10,,,0,50,,18877,10,,,0,8,,18878,10,,,0,8,,18879,10,,,0,8,,18880,10,,,0,8,,18881,10,,,0,8,,18882,10,,,0,8,,18883,10,,,0,48,,18884,10,,,0,8,,18885,10,,,0,8,,18886,10,,,0,8,,18887,10,,,0,8,,18888,10,,,0,8,,18889,10,,,0,8,,18890,10,,,0,48,,18891,10,,,0,8,,18892,10,,,0,8,,18893,10,,,0,8,,18894,10,,,0,8,,18895,10,,,0,8,,18896,10,,,0,8,,18897,10,,,0,56,,18898,10,,,0,8,,18899,10,,,0,8,,18900,10,,,0,8,,18901,10,,,0,8,,18902,10,,,0,8,,18903,10,,,0,9,,18904,10,,,0,54,,18905,10,,,0,15,,18906,10,,,0,15,,18907,10,,,0,20,,18908,10,,,0,60,,18909,10,,,0,20,,18910,10,,,0,20,,18911,10,,,0,60,,18912,10,,,0,20,,18913,10,,,0,20,,18914,10,,,0,59,,18915,10,,,0,20,,18916,10,,,0,20,,18917,10,,,0,70,,18918,10,,,0,30,,18919,10,,,0,70,,18920,10,,,0,30,,18921,10,,,0,70,,18922,10,,,0,30,,18923,10,,,0
400,'259.1141.3',1657,,18924,10,,,0
400,'259.1143.3',1657,,18925,10,,,0
1001000,'259.0.3',628,,24716,10,,,0,19,,24717,10,,,0,59,,24718,10,,,0,28,,24719,10,,,0,18,,24720,10,,,0,58,,24721,10,,,0,20,,24722,10,,,0,20,,24723,10,,,0,60,,24724,10,,,0,500,,24725,10,,,0,19,,24726,10,,,0,20,,24727,10,,,0,60,,24728,10,,,0,20,,24729,10,,,0,21,,24730,10,,,0,60,,24731,10,,,0,20,,24732,10,,,0,20,,24733,10,,,0,50,,24734,10,,,0,29,,24735,10,,,0,20,,24736,10,,,0,60,,24737,10,,,0,19,,24738,10,,,0
2001000,'259.0.1',637,,25713,10,,,0,85,,25714,10,,,0,30,,25715,10,,,0,70,,25716,10,,,0,30,,25717,10,,,0,70,,25718,10,,,0,31,,25719,10,,,0,70,,25720,10,,,0,30,,25721,10,,,0,71,,25722,10,,,0,30,,25723,10,,,0,70,,25724,10,,,0,30,,25725,10,,,0,70,,25726,10,,,0,30,,25727,10,,,0,70,,25728,10,,,0,30,,25729,10,,,0,70,,25730,10,,,0,30,,25731,10,,,0,70,,25732,10,,,0,30,,25733,10,,,0,70,,25734,10,,,0,30,,25735,10,,,0,70,,25736,10,,,0,29,,25737,10,,,0,70,,25738,10,,,0,30,,25739,10,,,0,85,,25740,10,,,0,100,,25741,10,,,0,100,,25742,10,,,0,100,,25743,10,,,0
2001000,'259.0.2',637,,25744,10,,,0,115,,25745,10,,,0,70,,25746,10,,,0,30,,25747,10,,,0,70,,25748,10,,,0,31,,25749,10,,,0,70,,25750,10,,,0,30,,25751,10,,,0,70,,25752,10,,,0,30,,25753,10,,,0,70,,25754,10,,,0,30,,25755,10,,,0,70,,25756,10,,,0,30,,25757,10,,,0,70,,25758,10,,,0,30,,25759,10,,,0,70,,25760,10,,,0,30,,25761,10,,,0,70,,25762,10,,,0,30,,25763,10,,,0,70,,25764,10,,,0,30,,25765,10,,,0,85,,25766,10,,,0,99,,25767,10,,,0,100,,25768,10,,,0,100,,25769,10,,,0,100,,25770,10,,,0,100,,25771,10,,,0,100,,25772,10,,,0
2001000,'259.0.3',550,,25773,10,,,0,91,,25774,10,,,0,60,,25775,10,,,0,20,,25776,10,,,0,20,,25777,10,,,0,61,,25778,10,,,0,21,,25779,10,,,0,20,,25780,10,,,0,60,,25781,10,,,0,37,,25782,10,,,0,70,,25783,10,,,0,30,,25784,10,,,0,70,,25785,10,,,0,30,,25786,10,,,0,70,,25787,10,,,0,30,,25788,10,,,0,70,,25789,10,,,0,30,,25790,10,,,0,65,,25791,10,,,0,17,,25792,10,,,0,20,,25793,10,,,0,60,,25794,10,,,0,20,,25795,10,,,0,21,,25796,10,,,0,60,,25797,10,,,0,20,,25798,10,,,0,20,,25799,10,,,0,60,,25800,10,,,0,19,,25801,10,,,0,20,,25802,10,,,0,60,,25803,10,,,0,19,,25804,10,,,0,23,,25805,10,,,0,60,,25806,10,,,0,24,,25807,10,,,0,30,,25808,10,,,0,70,,25809,10,,,0,30,,25810,10,,,0,70,,25811,10,,,0
3001000,'259.0.1',607,,26275,10,,,0,100,,26276,10,,,0,30,,26277,10,,,0,70,,26278,10,,,0,30,,26279,10,,,0,70,,26280,10,,,0,31,,26281,10,,,0,70,,26282,10,,,0,30,,26283,10,,,0,70,,26284,10,,,0,31,,26285,10,,,0,70,,26286,10,,,0,30,,26287,10,,,0,70,,26288,10,,,0,30,,26289,10,,,0,70,,26290,10,,,0,30,,26291,10,,,0,70,,26292,10,,,0,30,,26293,10,,,0,70,,26294,10,,,0,30,,26295,10,,,0,70,,26296,10,,,0,30,,26297,10,,,0,70,,26298,10,,,0,29,,26299,10,,,0,70,,26300,10,,,0,100,,26301,10,,,0,100,,26302,10,,,0,100,,26303,10,,,0,100,,26304,10,,,0,100,,26305,10,,,0
3001000,'259.0.2',607,,26307,10,,,0,100,,26308,10,,,0,30,,26309,10,,,0,70,,26310,10,,,0,30,,26311,10,,,0,70,,26312,10,,,0,30,,26313,10,,,0,71,,26314,10,,,0,30,,26315,10,,,0,70,,26316,10,,,0,30,,26317,10,,,0,70,,26318,10,,,0,30,,26319,10,,,0,70,,26320,10,,,0,30,,26321,10,,,0,70,,26322,10,,,0,30,,26323,10,,,0,70,,26324,10,,,0,30,,26325,10,,,0,70,,26326,10,,,0,30,,26327,10,,,0,70,,26328,10,,,0,30,,26329,10,,,0,70,,26330,10,,,0,100,,26331,10,,,0,99,,26332,10,,,0,100,,26333,10,,,0,100,,26334,10,,,0,100,,26335,10,,,0
3001000,'259.0.3',555,,26339,10,,,0,59,,26340,10,,,0,20,,26341,10,,,0,19,,26342,10,,,0,58,,26343,10,,,0,17,,26344,10,,,0,18,,26345,10,,,0,71,,26346,10,,,0,20,,26347,10,,,0,20,,26348,10,,,0,68,,26349,10,,,0,30,,26350,10,,,0,70,,26351,10,,,0,30,,26352,10,,,0,70,,26353,10,,,0,30,,26354,10,,,0,70,,26355,10,,,0,30,,26356,10,,,0,70,,26357,10,,,0,30,,26358,10,,,0,60,,26359,10,,,0,20,,26360,10,,,0,20,,26361,10,,,0,60,,26362,10,,,0,20,,26363,10,,,0,21,,26364,10,,,0,60,,26365,10,,,0,20,,26366,10,,,0,20,,26367,10,,,0,59,,26368,10,,,0,20,,26369,10,,,0,20,,26370,10,,,0,59,,26371,10,,,0,20,,26372,10,,,0,20,,26373,10,,,0,59,,26374,10,,,0,30,,26375,10,,,0,70,,26376,10,,,0,30,,26377,10,,,0,70,,26378,10,,,0,30,,26379,10,,,0,68,,26380,10,,,0,30,,26381,10,,,0,70,,26382,10,,,0,30,,26383,10,,,0,70,,26384,10,,,0
