2201,'244.0.1',558,,11075,17,,,0,70,,11076,17,,,0,30,,11077,17,,,0,70,,11078,17,,,0,30,,11079,17,,,0,70,,11080,17,,,0,30,,11081,17,,,0,70,,11082,17,,,0,29,,11083,17,,,0,70,,11084,17,,,0,30,,11085,17,,,0,70,,11086,17,,,0,30,,11087,17,,,0,70,,11088,17,,,0,30,,11089,17,,,0,70,,11090,17,,,0,30,,11091,17,,,0,70,,11092,17,,,0,30,,11093,17,,,0,70,,11094,17,,,0,30,,11095,17,,,0,70,,11096,17,,,0,31,,11097,17,,,0,70,,11098,17,,,0,30,,11099,17,,,0,70,,11100,17,,,0,30,,11101,17,,,0,70,,11102,17,,,0,30,,11103,17,,,0,70,,11104,17,,,0,30,,11105,17,,,0,70,,11106,17,,,0,30,,11107,17,,,0,70,,11108,17,,,0,30,,11109,17,,,0,70,,11110,17,,,0
2201,'244.0.2',548,,11111,17,,,0,70,,11112,17,,,0,30,,11113,17,,,0,70,,11114,17,,,0,30,,11115,17,,,0,70,,11116,17,,,0,30,,11117,17,,,0,70,,11118,17,,,0,30,,11119,17,,,0,70,,11120,17,,,0,29,,11121,17,,,0,70,,11122,17,,,0,30,,11123,17,,,0,70,,11124,17,,,0,30,,11125,17,,,0,70,,11126,17,,,0,30,,11127,17,,,0,70,,11128,17,,,0,30,,11129,17,,,0,70,,11130,17,,,0,30,,11131,17,,,0,70,,11132,17,,,0,31,,11133,17,,,0,70,,11134,17,,,0,30,,11135,17,,,0,70,,11136,17,,,0,30,,11137,17,,,0,70,,11138,17,,,0,30,,11139,17,,,0,70,,11140,17,,,0,30,,11141,17,,,0,70,,11142,17,,,0,30,,11143,17,,,0,70,,11144,17,,,0,30,,11145,17,,,0,70,,11146,17,,,0,30,,11147,17,,,0
2201,'244.0.3',610,,11148,17,,,0,30,,11149,17,,,0,70,,11150,17,,,0,28,,11151,17,,,0,70,,11152,17,,,0,30,,11153,17,,,0,70,,11154,17,,,0,29,,11155,17,,,0,70,,11156,17,,,0,30,,11157,17,,,0,70,,11158,17,,,0,30,,11159,17,,,0,70,,11160,17,,,0,30,,11161,17,,,0,70,,11162,17,,,0,30,,11163,17,,,0,70,,11164,17,,,0,30,,11165,17,,,0,70,,11166,17,,,0,30,,11167,17,,,0,70,,11168,17,,,0,30,,11169,17,,,0,70,,11170,17,,,0,30,,11171,17,,,0,70,,11172,17,,,0,31,,11173,17,,,0,70,,11174,17,,,0,30,,11175,17,,,0,70,,11176,17,,,0,30,,11177,17,,,0,70,,11178,17,,,0,30,,11179,17,,,0,70,,11180,17,,,0,30,,11181,17,,,0,70,,11182,17,,,0,30,,11183,17,,,0
2501,'244.0.1',710,,11458,24,,,0,100,,11459,24,,,0,100,,11460,24,,,0,100,,11461,24,,,0,100,,11462,24,,,0,100,,11463,24,,,0,100,,11464,24,,,0,100,,11465,24,,,0,100,,11466,24,,,0,100,,11467,24,,,0,100,,11468,24,,,0,100,,11469,24,,,0,100,,11470,24,,,0,100,,11471,24,,,0,100,,11472,24,,,0,100,,11473,24,,,0
2501,'244.0.2',810,,11474,24,,,0,100,,11475,24,,,0,100,,11476,24,,,0,100,,11477,24,,,0,100,,11478,24,,,0,100,,11479,24,,,0,100,,11480,24,,,0,100,,11481,24,,,0,100,,11482,24,,,0,100,,11483,24,,,0,100,,11484,24,,,0,100,,11485,24,,,0,100,,11486,24,,,0,100,,11487,24,,,0
2501,'244.0.3',613,,11488,24,,,0,30,,11489,24,,,0,70,,11490,24,,,0,36,,11491,24,,,0,66,,11492,24,,,0,30,,11493,24,,,0,70,,11494,24,,,0,28,,11495,24,,,0,100,,11496,24,,,0,100,,11497,24,,,0,100,,11498,24,,,0,100,,11499,24,,,0,100,,11500,24,,,0,100,,11501,24,,,0,74,,11502,24,,,0,32,,11503,24,,,0,72,,11504,24,,,0,26,,11505,24,,,0,69,,11506,24,,,0,26,,11507,24,,,0,70,,11508,24,,,0,30,,11509,24,,,0,100,,11510,24,,,0,100,,11511,24,,,0,100,,11512,24,,,0,100,,11513,24,,,0
41501,'244.0.3',645,,15328,25,,,0,106,,15329,25,,,0,95,,15330,25,,,0,98,,15331,25,,,0,573,,15335,25,,,0,105,,15332,25,,,0,101,,15333,25,,,0,98,,15334,25,,,0
1000901,'244.0.1',659,,15814,31,,,0,100,,15815,31,,,0,141,,15816,31,,,0,100,,15817,31,,,0,100,,15818,31,,,0,100,,15819,31,,,0,100,,15820,31,,,0,100,,15821,31,,,0,100,,15822,31,,,0,100,,15823,31,,,0,100,,15824,31,,,0,58,,15825,31,,,0,100,,15826,31,,,0,100,,15827,31,,,0,98,,15828,31,,,0,100,,15829,31,,,0,100,,15830,31,,,0,100,,15831,31,,,0
1000901,'244.0.2',657,,15832,31,,,0,98,,15833,31,,,0,103,,15834,31,,,0,100,,15835,31,,,0,100,,15836,31,,,0,100,,15837,31,,,0,100,,15838,31,,,0,100,,15839,31,,,0,100,,15840,31,,,0,100,,15841,31,,,0,100,,15842,31,,,0,100,,15843,31,,,0,100,,15844,31,,,0,100,,15845,31,,,0,96,,15846,31,,,0,100,,15847,31,,,0,100,,15848,31,,,0,101,,15849,31,,,0
1000901,'244.0.3',544,,15850,31,,,0,67,,15851,31,,,0,25,,15852,31,,,0,10,,15853,31,,,0,5,,15854,31,,,0,55,,15855,31,,,0,20,,15856,31,,,0,5,,15857,31,,,0,15,,15858,31,,,0,10,,15859,31,,,0,60,,15860,31,,,0,10,,15861,31,,,0,20,,15862,31,,,0,9,,15863,31,,,0,50,,15864,31,,,0,10,,15865,31,,,0,25,,15866,31,,,0,15,,15867,31,,,0,55,,15868,31,,,0,30,,15869,31,,,0,15,,15870,31,,,0,55,,15871,31,,,0,30,,15872,31,,,0,15,,15873,31,,,0,55,,15874,31,,,0,30,,15875,31,,,0,15,,15876,31,,,0,55,,15877,31,,,0,30,,15878,31,,,0,15,,15879,31,,,0,55,,15880,31,,,0,30,,15881,31,,,0,15,,15882,31,,,0,55,,15883,31,,,0,30,,15884,31,,,0,65,,15885,31,,,0,5,,15886,31,,,0,25,,15887,31,,,0,10,,15888,31,,,0,60,,15889,31,,,0,10,,15890,31,,,0,20,,15891,31,,,0,10,,15892,31,,,0,60,,15893,31,,,0,10,,15894,31,,,0,17,,15895,31,,,0,10,,15896,31,,,0,65,,15897,31,,,0,30,,15898,31,,,0,71,,15899,31,,,0,29,,15900,31,,,0,70,,15901,31,,,0,29,,15902,31,,,0,70,,15903,31,,,0,35,,15904,31,,,0,60,,15905,31,,,0,40,,15906,31,,,0,60,,15907,31,,,0,40,,15908,31,,,0,60,,15909,31,,,0
2000901,'244.0.1',630,,16829,47,,,0,100,,16830,47,,,0,99,,16831,47,,,0,101,,16832,47,,,0,100,,16833,47,,,0,100,,16834,47,,,0,100,,16835,47,,,0,100,,16836,47,,,0,100,,16837,47,,,0,100,,16838,47,,,0,100,,16839,47,,,0,100,,16840,47,,,0,98,,16841,47,,,0,100,,16842,47,,,0,98,,16843,47,,,0,100,,16844,47,,,0,100,,16845,47,,,0,100,,16846,47,,,0,100,,16847,47,,,0
2000901,'244.0.2',627,,16848,47,,,0,100,,16849,47,,,0,98,,16850,47,,,0,103,,16851,47,,,0,100,,16852,47,,,0,100,,16853,47,,,0,100,,16854,47,,,0,100,,16855,47,,,0,100,,16856,47,,,0,100,,16857,47,,,0,100,,16858,47,,,0,100,,16859,47,,,0,100,,16860,47,,,0,100,,16861,47,,,0,96,,16862,47,,,0,100,,16863,47,,,0,100,,16864,47,,,0,100,,16865,47,,,0,100,,16866,47,,,0
2000901,'244.0.3',556,,16867,47,,,0,70,,16868,47,,,0,30,,16869,47,,,0,80,,16870,47,,,0,70,,16871,47,,,0,30,,16872,47,,,0,21,,16873,47,,,0,69,,16874,47,,,0,100,,16875,47,,,0,100,,16876,47,,,0,100,,16877,47,,,0,100,,16878,47,,,0,100,,16879,47,,,0,99,,16880,47,,,0,30,,16881,47,,,0,70,,16882,47,,,0,30,,16883,47,,,0,70,,16884,47,,,0,30,,16885,47,,,0,68,,16886,47,,,0,29,,16887,47,,,0,70,,16888,47,,,0,30,,16889,47,,,0,70,,16890,47,,,0,30,,16891,47,,,0,70,,16892,47,,,0,23,,16893,47,,,0,70,,16894,47,,,0,100,,16895,47,,,0,100,,16896,47,,,0
