9001,'244.0.1',637,,14654,59,,,0,70,,14655,59,,,0,30,,14656,59,,,0,66,,14657,59,,,0,31,,14658,59,,,0,70,,14659,59,,,0,30,,14660,59,,,0,67,,14661,59,,,0,34,,14662,59,,,0,71,,14663,59,,,0,30,,14664,59,,,0,70,,14665,59,,,0,30,,14666,59,,,0,70,,14667,59,,,0,30,,14668,59,,,0,70,,14669,59,,,0,30,,14670,59,,,0,70,,14671,59,,,0,30,,14672,59,,,0,70,,14673,59,,,0,30,,14674,59,,,0,70,,14675,59,,,0,30,,14676,59,,,0,73,,14677,59,,,0,25,,14678,59,,,0,69,,14679,59,,,0,30,,14680,59,,,0,70,,14681,59,,,0,30,,14682,59,,,0,98,,14683,59,,,0,100,,14684,59,,,0,100,,14685,59,,,0,100,,14686,59,,,0
9001,'244.0.2',625,,14687,59,,,0,100,,14688,59,,,0,100,,14689,59,,,0,100,,14690,59,,,0,101,,14691,59,,,0,102,,14692,59,,,0,100,,14693,59,,,0,102,,14694,59,,,0,100,,14695,59,,,0,98,,14696,59,,,0,100,,14697,59,,,0,98,,14698,59,,,0,98,,14699,59,,,0,103,,14700,59,,,0,105,,14701,59,,,0,98,,14702,59,,,0,97,,14703,59,,,0,99,,14704,59,,,0
9001,'244.0.3',612,,14705,59,,,0,30,,14706,59,,,0,74,,14707,59,,,0,24,,14739,59,,,0,13,,14708,59,,,0,55,,14740,59,,,0,10,,14709,59,,,0,16,,14741,59,,,0,15,,14710,59,,,0,53,,14742,59,,,0,11,,14711,59,,,0,15,,14743,59,,,0,15,,14712,59,,,0,70,,14713,59,,,0,25,,14714,59,,,0,70,,14715,59,,,0,30,,14716,59,,,0,70,,14717,59,,,0,30,,14718,59,,,0,70,,14719,59,,,0,30,,14720,59,,,0,70,,14721,59,,,0,30,,14722,59,,,0,70,,14723,59,,,0,33,,14724,59,,,0,73,,14725,59,,,0,21,,14744,59,,,0,22,,14726,59,,,0,48,,14745,59,,,0,25,,14727,59,,,0,15,,14746,59,,,0,13,,14728,59,,,0,52,,14747,59,,,0,12,,14729,59,,,0,13,,14748,59,,,0,13,,14730,59,,,0,52,,14749,59,,,0,13,,14731,59,,,0,12,,14750,59,,,0,13,,14732,59,,,0,70,,14733,59,,,0,25,,14734,59,,,0,70,,14735,59,,,0,100,,14736,59,,,0,100,,14737,59,,,0,100,,14738,59,,,0
13501,'244.0.3',1519,,14921,5,,,0,30,,14922,5,,,0,70,,14923,5,,,0,30,,14924,5,,,0,70,,14925,5,,,0,31,,14926,5,,,0,70,,14927,5,,,0
13601,'244.0.3',1509,,14936,5,,,0,30,,14937,5,,,0,70,,14938,5,,,0,14,,14939,5,,,0,15,,14940,5,,,0,70,,14941,5,,,0,32,,14942,5,,,0,70,,14943,5,,,0
13701,'244.0.3',1529,,14950,5,,,0,30,,14951,5,,,0,70,,14952,5,,,0,30,,14953,5,,,0,70,,14954,5,,,0,71,,14955,5,,,0
13801,'244.0.3',1534,,14963,5,,,0,70,,14964,5,,,0,29,,14965,5,,,0,70,,14966,5,,,0,32,,14967,5,,,0,70,,14968,5,,,0,20,,14969,5,,,0
15800,'244.0.3',1543,,14970,5,,,0,71,,14971,5,,,0,30,,14972,5,,,0,70,,14973,5,,,0
15900,'244.0.3',1506,,14978,5,,,0,20,,14979,5,,,0,20,,14980,5,,,0,61,,14981,5,,,0,20,,14982,5,,,0,20,,14985,5,,,0,60,,14986,5,,,0,20,,14983,5,,,0,19,,14984,5,,,0
16101,'244.0.3',1510,,15007,5,,,0,30,,15002,5,,,0,71,,15003,5,,,0,30,,15004,5,,,0,70,,15005,5,,,0,29,,15006,5,,,0
16500,'244.0.3',1523,,15008,5,,,0,31,,15009,5,,,0,70,,15010,5,,,0,30,,15011,5,,,0,70,,15012,5,,,0,30,,15013,5,,,0
1016800,'244.0.3',1502,,16285,5,,,0,30,,16286,5,,,0,71,,16287,5,,,0,30,,16288,5,,,0,70,,16289,5,,,0,30,,16290,5,,,0,70,,16291,5,,,0
2016800,'244.0.3',1519,,17301,5,,,0,31,,17302,5,,,0,70,,17303,5,,,0,30,,17304,5,,,0,70,,17305,5,,,0,29,,17306,5,,,0
