5901,'244.0.1',645,,12833,23,,,0,100,,12834,23,,,0,100,,12835,23,,,0,100,,12836,23,,,0,101,,12837,23,,,0,100,,12838,23,,,0,100,,12839,23,,,0,100,,12840,23,,,0,100,,12841,23,,,0,100,,12842,23,,,0,100,,12843,23,,,0,100,,12844,23,,,0,99,,12845,23,,,0,100,,12846,23,,,0,100,,12847,23,,,0,100,,12848,23,,,0,100,,12849,23,,,0,100,,12850,23,,,0
5901,'244.0.2',745,,12851,23,,,0,100,,12852,23,,,0,100,,12853,23,,,0,101,,12854,23,,,0,100,,12855,23,,,0,100,,12856,23,,,0,100,,12857,23,,,0,100,,12858,23,,,0,100,,12859,23,,,0,100,,12860,23,,,0,100,,12861,23,,,0,99,,12862,23,,,0,100,,12863,23,,,0,100,,12864,23,,,0,100,,12865,23,,,0,100,,12866,23,,,0
5901,'244.0.3',927,,12867,23,,,0,100,,12868,23,,,0,100,,12869,23,,,0,100,,12870,23,,,0,101,,12871,23,,,0,100,,12872,23,,,0,100,,12873,23,,,0,30,,12874,23,,,0,61,,12875,23,,,0,24,,12876,23,,,0,63,,12877,23,,,0,22,,12878,23,,,0,18,,12879,23,,,0,13,,12888,23,,,0,57,,12880,23,,,0,18,,12881,23,,,0,101,,12882,23,,,0,100,,12883,23,,,0,100,,12884,23,,,0,100,,12885,23,,,0,100,,12886,23,,,0,100,,12887,23,,,0
6101,'244.0.1',651,,12940,38,,,0,100,,12941,38,,,0,100,,12942,38,,,0,103,,12943,38,,,0,100,,12944,38,,,0,102,,12945,38,,,0,100,,12946,38,,,0,100,,12947,38,,,0,100,,12948,38,,,0,100,,12949,38,,,0,100,,12950,38,,,0,100,,12951,38,,,0,100,,12952,38,,,0,96,,12953,38,,,0,100,,12954,38,,,0,98,,12955,38,,,0,100,,12956,38,,,0,100,,12957,38,,,0
6101,'244.0.2',751,,12958,38,,,0,100,,12959,38,,,0,100,,12960,38,,,0,100,,12961,38,,,0,102,,12962,38,,,0,100,,12963,38,,,0,103,,12964,38,,,0,100,,12965,38,,,0,100,,12966,38,,,0,100,,12967,38,,,0,100,,12968,38,,,0,96,,12969,38,,,0,98,,12970,38,,,0,100,,12971,38,,,0,100,,12972,38,,,0,100,,12973,38,,,0
6101,'244.0.3',930,,12974,38,,,0,98,,12975,38,,,0,100,,12976,38,,,0,101,,12977,38,,,0,101,,12978,38,,,0,100,,12979,38,,,0,100,,12980,38,,,0,102,,12981,38,,,0,73,,12982,38,,,0,35,,12983,38,,,0,70,,12984,38,,,0,25,,12985,38,,,0,24,,12986,38,,,0,98,,12987,38,,,0,100,,12988,38,,,0,98,,12989,38,,,0,100,,12990,38,,,0
6300,'244.0.1',814,,13103,31,,,0,100,,13104,31,,,0,100,,13105,31,,,0,100,,13106,31,,,0,100,,13107,31,,,0,100,,13108,31,,,0,100,,13109,31,,,0,101,,13110,31,,,0,100,,13111,31,,,0,100,,13112,31,,,0,100,,13113,31,,,0,100,,13114,31,,,0,97,,13115,31,,,0,99,,13116,31,,,0,100,,13117,31,,,0,100,,13118,31,,,0
6300,'244.0.2',743,,13119,31,,,0,100,,13120,31,,,0,100,,13121,31,,,0,100,,13122,31,,,0,100,,13123,31,,,0,100,,13124,31,,,0,100,,13125,31,,,0,100,,13126,31,,,0,98,,13127,31,,,0,100,,13128,31,,,0,100,,13129,31,,,0,100,,13130,31,,,0,100,,13131,31,,,0,100,,13132,31,,,0,100,,13133,31,,,0
6300,'244.0.3',708,,13134,31,,,0,30,,13135,31,,,0,70,,13136,31,,,0,30,,13137,31,,,0,70,,13138,31,,,0,30,,13139,31,,,0,70,,13140,31,,,0,16,,13141,31,,,0,100,,13142,31,,,0,100,,13143,31,,,0,100,,13144,31,,,0,100,,13145,31,,,0,101,,13146,31,,,0,115,,13147,31,,,0,70,,13148,31,,,0,28,,13149,31,,,0,70,,13150,31,,,0,29,,13151,31,,,0,69,,13152,31,,,0,30,,13153,31,,,0,100,,13154,31,,,0,100,,13155,31,,,0,100,,13156,31,,,0
6801,'244.0.1',631,,13545,29,,,0,100,,13546,29,,,0,100,,13547,29,,,0,100,,13548,29,,,0,102,,13549,29,,,0,101,,13550,29,,,0,100,,13551,29,,,0,100,,13552,29,,,0,100,,13553,29,,,0,100,,13554,29,,,0,100,,13555,29,,,0,99,,13556,29,,,0,100,,13557,29,,,0,100,,13558,29,,,0,99,,13559,29,,,0,100,,13560,29,,,0,100,,13561,29,,,0,100,,13562,29,,,0,100,,13563,29,,,0
6801,'244.0.2',731,,13564,29,,,0,100,,13565,29,,,0,100,,13566,29,,,0,100,,13567,29,,,0,101,,13568,29,,,0,101,,13569,29,,,0,101,,13570,29,,,0,100,,13571,29,,,0,100,,13572,29,,,0,100,,13573,29,,,0,99,,13574,29,,,0,100,,13575,29,,,0,99,,13576,29,,,0,99,,13577,29,,,0,100,,13578,29,,,0,100,,13579,29,,,0
6801,'244.0.3',955,,13580,29,,,0,100,,13581,29,,,0,100,,13582,29,,,0,101,,13583,29,,,0,102,,13584,29,,,0,100,,13585,29,,,0,100,,13586,29,,,0,81,,13587,29,,,0,76,,13588,29,,,0,31,,13589,29,,,0,69,,13590,29,,,0,23,,13591,29,,,0,66,,13592,29,,,0,119,,13593,29,,,0,100,,13594,29,,,0,100,,13595,29,,,0,100,,13596,29,,,0,100,,13597,29,,,0
15901,'244.0.3',556,,14987,22,,,0,60,,14995,22,,,0,20,,14988,22,,,0,20,,14989,22,,,0,60,,14990,22,,,0,20,,14991,22,,,0,20,,14992,22,,,0,61,,14993,22,,,0,19,,14994,22,,,0
16100,'244.0.3',600,,14996,35,,,0,30,,14997,35,,,0,70,,14998,35,,,0,30,,14999,35,,,0,70,,15000,35,,,0,30,,15001,35,,,0
40100,'244.0.1',756,,15295,46,,,0,501,,15296,46,,,0,600,,15297,46,,,0
40100,'244.0.2',756,,15298,46,,,0,501,,15299,46,,,0,600,,15300,46,,,0
40100,'244.0.3',621,,15302,46,,,0,136,,15306,46,,,0,175,,15307,46,,,0,175,,15304,46,,,0,615,,15301,46,,,0,179,,15305,46,,,0,139,,15303,46,,,0
1016801,'244.0.3',622,,16292,25,,,0,30,,16293,25,,,0,70,,16294,25,,,0,30,,16295,25,,,0,70,,16296,25,,,0,30,,16297,25,,,0
2016801,'244.0.3',609,,17307,30,,,0,30,,17308,30,,,0,70,,17309,30,,,0,30,,17310,30,,,0,70,,17311,30,,,0,30,,17312,30,,,0
