2100,'244.0.1',615,,10806,38,,,0,30,,10807,38,,,0,71,,10808,38,,,0,30,,10809,38,,,0,70,,10810,38,,,0,30,,10811,38,,,0,70,,10812,38,,,0,30,,10813,38,,,0,74,,10814,38,,,0,31,,10815,38,,,0,70,,10816,38,,,0,30,,10817,38,,,0,73,,10818,38,,,0,31,,10819,38,,,0,70,,10820,38,,,0,30,,10821,38,,,0,70,,10822,38,,,0,30,,10823,38,,,0,70,,10824,38,,,0,30,,10825,38,,,0,70,,10826,38,,,0,30,,10827,38,,,0,70,,10828,38,,,0,30,,10829,38,,,0,67,,10830,38,,,0,26,,10831,38,,,0,70,,10832,38,,,0,30,,10833,38,,,0,70,,10834,38,,,0,34,,10835,38,,,0,68,,10836,38,,,0,30,,10837,38,,,0,70,,10838,38,,,0,100,,10839,38,,,0,100,,10840,38,,,0
2100,'244.0.2',721,,10841,38,,,0,100,,10842,38,,,0,100,,10843,38,,,0,100,,10844,38,,,0,106,,10845,38,,,0,100,,10846,38,,,0,100,,10847,38,,,0,100,,10848,38,,,0,100,,10849,38,,,0,100,,10850,38,,,0,100,,10851,38,,,0,96,,10852,38,,,0,100,,10853,38,,,0,101,,10854,38,,,0,100,,10855,38,,,0,100,,10856,38,,,0,100,,10857,38,,,0,100,,10858,38,,,0
2100,'244.0.3',555,,10859,38,,,0,71,,10860,38,,,0,30,,10861,38,,,0,69,,10862,38,,,0,32,,10863,38,,,0,70,,10864,38,,,0,30,,10865,38,,,0,70,,10866,38,,,0,104,,10867,38,,,0,98,,10868,38,,,0,102,,10869,38,,,0,100,,10870,38,,,0,100,,10871,38,,,0,100,,10872,38,,,0,75,,10873,38,,,0,30,,10874,38,,,0,70,,10875,38,,,0,34,,10876,38,,,0,65,,10877,38,,,0,26,,10878,38,,,0,71,,10879,38,,,0,28,,10880,38,,,0,70,,10881,38,,,0,28,,10882,38,,,0,89,,10883,38,,,0,100,,10884,38,,,0,100,,10885,38,,,0,100,,10886,38,,,0
2800,'244.0.1',732,,11528,28,,,0,70,,11529,28,,,0,30,,11530,28,,,0,70,,11531,28,,,0,30,,11532,28,,,0,70,,11533,28,,,0,35,,11534,28,,,0,71,,11535,28,,,0,30,,11536,28,,,0,70,,11537,28,,,0,30,,11538,28,,,0,70,,11539,28,,,0,30,,11540,28,,,0,70,,11541,28,,,0,30,,11542,28,,,0,70,,11543,28,,,0,30,,11544,28,,,0,70,,11545,28,,,0,30,,11546,28,,,0,70,,11547,28,,,0,30,,11548,28,,,0,70,,11549,28,,,0,25,,11550,28,,,0,69,,11551,28,,,0,30,,11552,28,,,0,70,,11553,28,,,0,30,,11554,28,,,0,70,,11555,28,,,0,30,,11556,28,,,0,70,,11557,28,,,0,30,,11558,28,,,0,70,,11559,28,,,0,30,,11560,28,,,0,70,,11561,28,,,0
2800,'244.0.2',750,,11562,28,,,0,100,,11563,28,,,0,101,,11564,28,,,0,100,,11565,28,,,0,100,,11566,28,,,0,104,,11567,28,,,0,100,,11568,28,,,0,100,,11569,28,,,0,100,,11570,28,,,0,100,,11571,28,,,0,96,,11572,28,,,0,100,,11573,28,,,0,100,,11574,28,,,0,100,,11575,28,,,0,100,,11576,28,,,0,100,,11577,28,,,0,100,,11578,28,,,0
2800,'244.0.3',645,,11579,28,,,0,70,,11580,28,,,0,35,,11581,28,,,0,70,,11582,28,,,0,30,,11583,28,,,0,70,,11584,28,,,0,27,,11585,28,,,0,70,,11586,28,,,0,30,,11587,28,,,0,70,,11588,28,,,0,30,,11589,28,,,0,70,,11590,28,,,0,30,,11591,28,,,0,70,,11592,28,,,0,30,,11593,28,,,0,70,,11594,28,,,0,30,,11595,28,,,0,72,,11596,28,,,0,32,,11597,28,,,0,70,,11598,28,,,0,30,,11599,28,,,0,70,,11600,28,,,0,30,,11601,28,,,0,70,,11602,28,,,0,24,,11603,28,,,0,70,,11604,28,,,0,30,,11605,28,,,0,70,,11606,28,,,0,30,,11607,28,,,0,100,,11608,28,,,0,100,,11609,28,,,0,100,,11610,28,,,0
3901,'244.0.1',645,,12000,33,,,0,70,,12001,33,,,0,30,,12002,33,,,0,70,,12003,33,,,0,30,,12004,33,,,0,71,,12005,33,,,0,30,,12006,33,,,0,70,,12007,33,,,0,30,,12008,33,,,0,70,,12009,33,,,0,30,,12010,33,,,0,70,,12011,33,,,0,30,,12012,33,,,0,70,,12013,33,,,0,30,,12014,33,,,0,70,,12015,33,,,0,30,,12016,33,,,0,70,,12017,33,,,0,30,,12018,33,,,0,70,,12019,33,,,0,30,,12020,33,,,0,70,,12021,33,,,0,30,,12022,33,,,0,70,,12023,33,,,0,30,,12024,33,,,0,70,,12025,33,,,0,30,,12026,33,,,0,70,,12027,33,,,0,30,,12028,33,,,0,70,,12029,33,,,0,30,,12030,33,,,0,69,,12031,33,,,0,30,,12032,33,,,0,70,,12033,33,,,0,30,,12034,33,,,0
3901,'244.0.2',714,,12035,33,,,0,100,,12036,33,,,0,100,,12037,33,,,0,101,,12038,33,,,0,101,,12039,33,,,0,100,,12040,33,,,0,100,,12041,33,,,0,100,,12042,33,,,0,100,,12043,33,,,0,100,,12044,33,,,0,100,,12045,33,,,0,100,,12046,33,,,0,100,,12047,33,,,0,98,,12048,33,,,0,100,,12049,33,,,0,100,,12050,33,,,0
3901,'244.0.3',628,,12051,33,,,0,30,,12052,33,,,0,73,,12053,33,,,0,70,,12054,33,,,0,30,,12055,33,,,0,70,,12056,33,,,0,30,,12057,33,,,0,70,,12058,33,,,0,30,,12059,33,,,0,70,,12060,33,,,0,30,,12061,33,,,0,70,,12062,33,,,0,30,,12063,33,,,0,70,,12064,33,,,0,30,,12065,33,,,0,70,,12066,33,,,0,30,,12067,33,,,0,70,,12068,33,,,0,31,,12069,33,,,0,77,,12070,33,,,0,30,,12071,33,,,0,70,,12072,33,,,0,30,,12073,33,,,0,69,,12074,33,,,0,24,,12075,33,,,0,100,,12076,33,,,0,99,,12077,33,,,0,100,,12078,33,,,0,100,,12079,33,,,0,100,,12080,33,,,0
13600,'244.0.3',624,,14928,14,,,0,27,,14929,14,,,0,53,,14930,14,,,0,13,,14931,14,,,0,14,,14932,14,,,0,16,,14933,14,,,0,9,,14934,14,,,0,59,,14935,14,,,0
13800,'244.0.3',610,,14956,16,,,0,29,,14957,16,,,0,14,,14958,16,,,0,54,,14959,16,,,0,27,,14960,16,,,0,5,,14961,16,,,0,64,,14962,16,,,0
