200,'259.0.1',616,,18165,18,,,0,100,,18166,18,,,0,100,,18167,18,,,0,15,,18168,18,,,0,15,,18169,18,,,0,55,,18170,18,,,0,15,,18171,18,,,0,15,,18172,18,,,0,15,,18173,18,,,0,55,,18174,18,,,0,15,,18175,18,,,0,15,,18176,18,,,0,16,,18177,18,,,0,55,,18178,18,,,0,15,,18179,18,,,0,15,,18180,18,,,0,15,,18181,18,,,0,55,,18182,18,,,0,15,,18183,18,,,0,15,,18184,18,,,0,15,,18185,18,,,0,55,,18186,18,,,0,15,,18187,18,,,0,15,,18188,18,,,0,15,,18189,18,,,0,55,,18190,18,,,0,15,,18191,18,,,0,15,,18192,18,,,0,15,,18193,18,,,0,55,,18194,18,,,0,15,,18195,18,,,0,15,,18196,18,,,0,15,,18197,18,,,0,55,,18198,18,,,0,15,,18199,18,,,0,15,,18200,18,,,0,15,,18201,18,,,0,55,,18202,18,,,0,15,,18203,18,,,0,15,,18204,18,,,0,15,,18205,18,,,0,55,,18206,18,,,0,15,,18207,18,,,0,15,,18208,18,,,0,15,,18209,18,,,0,55,,18210,18,,,0,15,,18211,18,,,0,15,,18212,18,,,0,70,,18213,18,,,0,30,,18214,18,,,0,70,,18215,18,,,0,29,,18216,18,,,0,70,,18217,18,,,0,30,,18218,18,,,0,70,,18219,18,,,0,30,,18220,18,,,0,70,,18221,18,,,0,30,,18222,18,,,0
200,'259.0.2',605,,18223,18,,,0,100,,18224,18,,,0,100,,18225,18,,,0,30,,18226,18,,,0,20,,18227,18,,,0,60,,18228,18,,,0,20,,18229,18,,,0,20,,18230,18,,,0,60,,18231,18,,,0,20,,18232,18,,,0,21,,18233,18,,,0,60,,18234,18,,,0,20,,18235,18,,,0,20,,18236,18,,,0,60,,18237,18,,,0,20,,18238,18,,,0,20,,18239,18,,,0,60,,18240,18,,,0,20,,18241,18,,,0,20,,18242,18,,,0,60,,18243,18,,,0,20,,18244,18,,,0,20,,18245,18,,,0,60,,18246,18,,,0,20,,18247,18,,,0,20,,18248,18,,,0,60,,18249,18,,,0,20,,18250,18,,,0,20,,18251,18,,,0,60,,18252,18,,,0,20,,18253,18,,,0,20,,18254,18,,,0,60,,18255,18,,,0,30,,18256,18,,,0,68,,18257,18,,,0,30,,18258,18,,,0,70,,18259,18,,,0,30,,18260,18,,,0,70,,18261,18,,,0,30,,18262,18,,,0,70,,18263,18,,,0,30,,18264,18,,,0,70,,18265,18,,,0,30,,18266,18,,,0,70,,18267,18,,,0
200,'259.0.3',546,,18268,18,,,0,70,,18269,18,,,0,30,,18270,18,,,0,55,,18271,18,,,0,15,,18272,18,,,0,15,,18273,18,,,0,16,,18274,18,,,0,55,,18275,18,,,0,15,,18276,18,,,0,15,,18277,18,,,0,15,,18278,18,,,0,55,,18279,18,,,0,15,,18280,18,,,0,15,,18281,18,,,0,15,,18282,18,,,0,55,,18283,18,,,0,15,,18284,18,,,0,15,,18285,18,,,0,15,,18286,18,,,0,55,,18287,18,,,0,15,,18288,18,,,0,15,,18289,18,,,0,15,,18290,18,,,0,55,,18291,18,,,0,17,,18292,18,,,0,15,,18293,18,,,0,15,,18294,18,,,0,55,,18295,18,,,0,15,,18296,18,,,0,15,,18297,18,,,0,15,,18298,18,,,0,55,,18299,18,,,0,15,,18300,18,,,0,15,,18301,18,,,0,15,,18302,18,,,0,55,,18303,18,,,0,16,,18304,18,,,0,16,,18305,18,,,0,15,,18306,18,,,0,55,,18307,18,,,0,15,,18308,18,,,0,15,,18309,18,,,0,15,,18310,18,,,0,55,,18311,18,,,0,15,,18312,18,,,0,15,,18313,18,,,0,14,,18314,18,,,0,52,,18315,18,,,0,15,,18316,18,,,0,15,,18317,18,,,0,15,,18318,18,,,0,55,,18319,18,,,0,30,,18320,18,,,0,70,,18321,18,,,0,30,,18322,18,,,0,70,,18323,18,,,0,30,,18324,18,,,0,70,,18325,18,,,0,30,,18326,18,,,0,70,,18327,18,,,0,30,,18328,18,,,0,70,,18329,18,,,0,30,,18330,18,,,0
300,'259.0.1',653,,18497,40,,,0,100,,18498,40,,,0,100,,18499,40,,,0,70,,18500,40,,,0,30,,18501,40,,,0,70,,18502,40,,,0,30,,18503,40,,,0,70,,18504,40,,,0,30,,18505,40,,,0,71,,18506,40,,,0,30,,18507,40,,,0,70,,18508,40,,,0,30,,18509,40,,,0,70,,18510,40,,,0,30,,18511,40,,,0,70,,18512,40,,,0,30,,18513,40,,,0,70,,18514,40,,,0,30,,18515,40,,,0,70,,18516,40,,,0,30,,18517,40,,,0,70,,18518,40,,,0,30,,18519,40,,,0,67,,18520,40,,,0,29,,18521,40,,,0,70,,18522,40,,,0,30,,18523,40,,,0,70,,18524,40,,,0,30,,18525,40,,,0,70,,18526,40,,,0,30,,18527,40,,,0,70,,18528,40,,,0,30,,18529,40,,,0,70,,18530,40,,,0,30,,18531,40,,,0,60,,18532,40,,,0
300,'259.0.2',634,,18533,40,,,0,100,,18534,40,,,0,100,,18535,40,,,0,70,,18536,40,,,0,30,,18537,40,,,0,67,,18538,40,,,0,20,,18539,40,,,0,20,,18540,40,,,0,60,,18541,40,,,0,24,,18542,40,,,0,20,,18543,40,,,0,60,,18544,40,,,0,20,,18545,40,,,0,20,,18546,40,,,0,60,,18547,40,,,0,20,,18548,40,,,0,20,,18549,40,,,0,60,,18550,40,,,0,20,,18551,40,,,0,20,,18552,40,,,0,60,,18553,40,,,0,20,,18554,40,,,0,20,,18555,40,,,0,60,,18556,40,,,0,20,,18557,40,,,0,20,,18558,40,,,0,60,,18559,40,,,0,20,,18560,40,,,0,20,,18561,40,,,0,58,,18562,40,,,0,18,,18563,40,,,0,19,,18564,40,,,0,70,,18565,40,,,0,30,,18566,40,,,0,70,,18567,40,,,0,30,,18568,40,,,0,70,,18569,40,,,0,30,,18570,40,,,0,70,,18571,40,,,0,23,,18572,40,,,0,70,,18573,40,,,0,30,,18574,40,,,0,70,,18575,40,,,0,30,,18576,40,,,0
300,'259.0.3',607,,18577,40,,,0,30,,18578,40,,,0,15,,18579,40,,,0,55,,18580,40,,,0,15,,18581,40,,,0,18,,18582,40,,,0,17,,18583,40,,,0,59,,18584,40,,,0,15,,18585,40,,,0,15,,18586,40,,,0,54,,18587,40,,,0,15,,18588,40,,,0,15,,18589,40,,,0,15,,18590,40,,,0,60,,18591,40,,,0,20,,18592,40,,,0,20,,18593,40,,,0,60,,18594,40,,,0,20,,18595,40,,,0,20,,18596,40,,,0,60,,18597,40,,,0,20,,18598,40,,,0,20,,18599,40,,,0,60,,18600,40,,,0,20,,18601,40,,,0,20,,18602,40,,,0,60,,18603,40,,,0,20,,18604,40,,,0,20,,18605,40,,,0,60,,18606,40,,,0,20,,18607,40,,,0,10,,18608,40,,,0,11,,18609,40,,,0,60,,18610,40,,,0,15,,18611,40,,,0,15,,18612,40,,,0,15,,18613,40,,,0,55,,18614,40,,,0,15,,18615,40,,,0,15,,18616,40,,,0,14,,18617,40,,,0,53,,18618,40,,,0,13,,18619,40,,,0,13,,18620,40,,,0,15,,18621,40,,,0,15,,18622,40,,,0,48,,18623,40,,,0,17,,18624,40,,,0,20,,18625,40,,,0,60,,18626,40,,,0,20,,18627,40,,,0,20,,18628,40,,,0,60,,18629,40,,,0,20,,18630,40,,,0,10,,18631,40,,,0,70,,18632,40,,,0,30,,18633,40,,,0,70,,18634,40,,,0,30,,18635,40,,,0,70,,18636,40,,,0,30,,18637,40,,,0,70,,18638,40,,,0
2401,'259.0.1',623,,20119,21,,,0,30,,20120,21,,,0,70,,20121,21,,,0,30,,20122,21,,,0,70,,20123,21,,,0,30,,20124,21,,,0,70,,20125,21,,,0,30,,20126,21,,,0,75,,20127,21,,,0,31,,20128,21,,,0,70,,20129,21,,,0,71,,20130,21,,,0,32,,20131,21,,,0,70,,20132,21,,,0,30,,20133,21,,,0,70,,20134,21,,,0,30,,20135,21,,,0,70,,20136,21,,,0,28,,20137,21,,,0,70,,20138,21,,,0,30,,20139,21,,,0,70,,20140,21,,,0,30,,20141,21,,,0,70,,20142,21,,,0,30,,20143,21,,,0,27,,20144,21,,,0,67,,20145,21,,,0,30,,20146,21,,,0,70,,20147,21,,,0,30,,20148,21,,,0,69,,20149,21,,,0,30,,20150,21,,,0,70,,20151,21,,,0,30,,20152,21,,,0,70,,20153,21,,,0,30,,20154,21,,,0
2401,'259.0.2',621,,20155,21,,,0,30,,20156,21,,,0,70,,20157,21,,,0,30,,20158,21,,,0,70,,20159,21,,,0,30,,20160,21,,,0,70,,20161,21,,,0,32,,20162,21,,,0,76,,20163,21,,,0,30,,20164,21,,,0,70,,20165,21,,,0,30,,20166,21,,,0,70,,20167,21,,,0,30,,20168,21,,,0,70,,20169,21,,,0,30,,20170,21,,,0,70,,20171,21,,,0,30,,20172,21,,,0,70,,20173,21,,,0,30,,20174,21,,,0,70,,20175,21,,,0,30,,20176,21,,,0,70,,20177,21,,,0,30,,20178,21,,,0,70,,20179,21,,,0,28,,20180,21,,,0,68,,20181,21,,,0,30,,20182,21,,,0,68,,20183,21,,,0,30,,20184,21,,,0,70,,20185,21,,,0,30,,20186,21,,,0,70,,20187,21,,,0,30,,20188,21,,,0,70,,20189,21,,,0,30,,20190,21,,,0
2401,'259.0.3',659,,20191,21,,,0,70,,20192,21,,,0,74,,20193,21,,,0,31,,20194,21,,,0,70,,20195,21,,,0,30,,20196,21,,,0,25,,20197,21,,,0,70,,20198,21,,,0,30,,20199,21,,,0,70,,20200,21,,,0,71,,20201,21,,,0,30,,20202,21,,,0,70,,20203,21,,,0,30,,20204,21,,,0,70,,20205,21,,,0,32,,20206,21,,,0,70,,20207,21,,,0,34,,20208,21,,,0,70,,20209,21,,,0,30,,20210,21,,,0,70,,20211,21,,,0,27,,20212,21,,,0,68,,20213,21,,,0,30,,20214,21,,,0,28,,20215,21,,,0,68,,20216,21,,,0,26,,20217,21,,,0,70,,20218,21,,,0,30,,20219,21,,,0,70,,20220,21,,,0,30,,20221,21,,,0,70,,20222,21,,,0,30,,20223,21,,,0,70,,20224,21,,,0,30,,20225,21,,,0,70,,20226,21,,,0
1000900,'259.0.1',702,,24530,18,,,0,100,,24531,18,,,0,100,,24532,18,,,0,98,,24533,18,,,0,100,,24534,18,,,0,56,,24535,18,,,0,101,,24536,18,,,0,100,,24537,18,,,0,100,,24538,18,,,0,100,,24539,18,,,0,100,,24540,18,,,0,100,,24541,18,,,0,100,,24542,18,,,0,143,,24543,18,,,0,100,,24544,18,,,0,100,,24545,18,,,0,100,,24546,18,,,0,100,,24547,18,,,0
1000900,'259.0.2',701,,24548,18,,,0,56,,24549,18,,,0,100,,24550,18,,,0,100,,24551,18,,,0,143,,24552,18,,,0,100,,24553,18,,,0,100,,24554,18,,,0,100,,24555,18,,,0,100,,24556,18,,,0,100,,24557,18,,,0,100,,24558,18,,,0,100,,24559,18,,,0,100,,24560,18,,,0,100,,24561,18,,,0,100,,24562,18,,,0,100,,24563,18,,,0,100,,24564,18,,,0,100,,24565,18,,,0
1000900,'259.0.3',615,,24566,18,,,0,30,,24567,18,,,0,70,,24568,18,,,0,31,,24569,18,,,0,72,,24570,18,,,0,29,,24571,18,,,0,12,,24572,18,,,0,55,,24573,18,,,0,30,,24574,18,,,0,15,,24575,18,,,0,55,,24576,18,,,0,30,,24577,18,,,0,56,,24578,18,,,0,13,,24579,18,,,0,27,,24580,18,,,0,15,,24581,18,,,0,55,,24582,18,,,0,30,,24583,18,,,0,15,,24584,18,,,0,55,,24585,18,,,0,30,,24586,18,,,0,15,,24587,18,,,0,55,,24588,18,,,0,30,,24589,18,,,0,66,,24590,18,,,0,24,,24591,18,,,0,9,,24592,18,,,0,19,,24593,18,,,0,50,,24594,18,,,0,20,,24595,18,,,0,10,,24596,18,,,0,20,,24597,18,,,0,50,,24598,18,,,0,10,,24599,18,,,0,21,,24600,18,,,0,6,,24601,18,,,0,6,,24602,18,,,0,56,,24603,18,,,0,10,,24604,18,,,0,20,,24605,18,,,0,10,,24606,18,,,0,70,,24607,18,,,0,30,,24608,18,,,0,70,,24609,18,,,0,30,,24610,18,,,0,69,,24611,18,,,0,27,,24612,18,,,0,15,,24613,18,,,0,55,,24614,18,,,0,35,,24615,18,,,0,60,,24616,18,,,0,40,,24617,18,,,0,60,,24618,18,,,0,40,,24619,18,,,0
2000900,'259.0.1',632,,25574,18,,,0,100,,25575,18,,,0,100,,25576,18,,,0,98,,25577,18,,,0,100,,25578,18,,,0,100,,25579,18,,,0,97,,25580,18,,,0,100,,25581,18,,,0,100,,25582,18,,,0,100,,25583,18,,,0,100,,25584,18,,,0,100,,25585,18,,,0,100,,25586,18,,,0,103,,25587,18,,,0,100,,25588,18,,,0,100,,25589,18,,,0,100,,25590,18,,,0,100,,25591,18,,,0,100,,25592,18,,,0
2000900,'259.0.2',632,,25593,18,,,0,97,,25594,18,,,0,98,,25595,18,,,0,100,,25596,18,,,0,103,,25597,18,,,0,100,,25598,18,,,0,100,,25599,18,,,0,100,,25600,18,,,0,100,,25601,18,,,0,100,,25602,18,,,0,100,,25603,18,,,0,100,,25604,18,,,0,100,,25605,18,,,0,100,,25606,18,,,0,100,,25607,18,,,0,100,,25608,18,,,0,100,,25609,18,,,0,100,,25610,18,,,0,100,,25611,18,,,0
2000900,'259.0.3',630,,25614,18,,,0,70,,25615,18,,,0,30,,25616,18,,,0,28,,25617,18,,,0,70,,25618,18,,,0,100,,25619,18,,,0,100,,25620,18,,,0,98,,25621,18,,,0,96,,25622,18,,,0,100,,25623,18,,,0,100,,25624,18,,,0,28,,25625,18,,,0,69,,25626,18,,,0,29,,25627,18,,,0,70,,25628,18,,,0,30,,25629,18,,,0,80,,25630,18,,,0,28,,25631,18,,,0,70,,25632,18,,,0,30,,25633,18,,,0,70,,25634,18,,,0,30,,25635,18,,,0,70,,25636,18,,,0,30,,25637,18,,,0,67,,25638,18,,,0,100,,25639,18,,,0,100,,25640,18,,,0,100,,25641,18,,,0,100,,25642,18,,,0
