800,'259.0.1',555,,19385,6,,,0,71,,19386,67,,,0,30,,19387,67,,,0,70,,19388,67,,,0,30,,19389,67,,,0,74,,19390,67,,,0,23,,19391,67,,,0,62,,19392,67,,,0,30,,19393,67,,,0,70,,19394,67,,,0,33,,19395,67,,,0,72,,19396,67,,,0,29,,19397,67,,,0,70,,19398,67,,,0,30,,19399,67,,,0,70,,19400,67,,,0,30,,19401,67,,,0,71,,19402,67,,,0,29,,19403,67,,,0,72,,19404,67,,,0,30,,19405,67,,,0,70,,19406,67,,,0,30,,19407,67,,,0,70,,19408,67,,,0,30,,19409,67,,,0,70,,19410,67,,,0,25,,19411,67,,,0,70,,19412,67,,,0,30,,19413,67,,,0,70,,19414,67,,,0,30,,19415,67,,,0,70,,19416,67,,,0,30,,19417,67,,,0,70,,19418,67,,,0,30,,19419,67,,,0,63,,19420,67,,,0,29,,19421,67,,,0,70,,19422,67,,,0,100,,19423,67,,,0
800,'259.0.2',645,,19424,67,,,0,70,,19425,67,,,0,30,,19426,67,,,0,70,,19427,67,,,0,30,,19428,67,,,0,70,,19429,67,,,0,30,,19430,67,,,0,70,,19431,67,,,0,32,,19432,67,,,0,74,,19433,67,,,0,30,,19434,67,,,0,66,,19435,67,,,0,31,,19436,67,,,0,72,,19437,67,,,0,30,,19438,67,,,0,70,,19439,67,,,0,30,,19440,67,,,0,70,,19441,67,,,0,30,,19442,67,,,0,70,,19443,67,,,0,30,,19444,67,,,0,75,,19445,67,,,0,29,,19446,67,,,0,70,,19447,67,,,0,28,,19448,67,,,0,69,,19449,67,,,0,28,,19450,67,,,0,69,,19451,67,,,0,26,,19452,67,,,0,69,,19453,67,,,0,30,,19454,67,,,0,70,,19455,67,,,0,30,,19456,67,,,0,70,,19457,67,,,0,100,,19458,67,,,0,100,,19459,67,,,0
800,'259.0.3',515,,19460,6,,,0,30,,19461,6,,,0,72,,19462,67,,,0,30,,19463,67,,,0,71,,19464,67,,,0,40,,19465,67,,,0,72,,19466,67,,,0,71,,19467,67,,,0,30,,19468,67,,,0,70,,19469,67,,,0,30,,19470,67,,,0,20,,19471,67,,,0,60,,19472,67,,,0,20,,19473,67,,,0,20,,19474,67,,,0,60,,19475,67,,,0,20,,19476,67,,,0,20,,19477,67,,,0,60,,19478,67,,,0,20,,19479,67,,,0,20,,19480,67,,,0,60,,19481,67,,,0,20,,19482,67,,,0,20,,19483,67,,,0,60,,19484,67,,,0,24,,19485,67,,,0,69,,19486,67,,,0,24,,19487,67,,,0,20,,19488,67,,,0,60,,19489,67,,,0,20,,19490,67,,,0,20,,19491,67,,,0,60,,19492,67,,,0,18,,19493,67,,,0,14,,19494,67,,,0,66,,19495,67,,,0,10,,19510,67,,,0,10,,19496,67,,,0,30,,19497,67,,,0,70,,19498,67,,,0,30,,19499,67,,,0,67,,19500,67,,,0,28,,19501,67,,,0,69,,19502,67,,,0,30,,19503,67,,,0,70,,19504,67,,,0,30,,19505,67,,,0,70,,19506,67,,,0,30,,19507,67,,,0,70,,19508,67,,,0,30,,19509,67,,,0
801,'259.0.1',535,,19511,15,,,0,70,,19512,15,,,0,30,,19513,15,,,0,70,,19514,15,,,0,30,,19515,15,,,0,71,,19516,15,,,0,30,,19517,15,,,0,70,,19518,15,,,0,30,,19519,15,,,0,70,,19520,15,,,0,30,,19521,15,,,0,70,,19522,15,,,0,30,,19523,15,,,0,70,,19524,15,,,0,30,,19525,15,,,0,71,,19526,15,,,0,30,,19527,15,,,0,70,,19528,15,,,0,30,,19529,15,,,0,70,,19530,15,,,0,30,,19531,15,,,0,70,,19532,15,,,0,30,,19533,15,,,0,70,,19534,15,,,0,30,,19535,15,,,0,69,,19536,15,,,0,30,,19537,15,,,0,70,,19538,15,,,0,30,,19539,15,,,0,69,,19540,15,,,0,30,,19541,15,,,0,70,,19542,15,,,0,30,,19543,15,,,0,70,,19544,15,,,0,30,,19545,15,,,0,70,,19546,15,,,0,30,,19547,15,,,0,100,,19548,15,,,0
801,'259.0.2',540,,19549,15,,,0,70,,19550,15,,,0,30,,19551,15,,,0,70,,19552,15,,,0,30,,19553,15,,,0,70,,19554,15,,,0,30,,19555,15,,,0,71,,19556,15,,,0,30,,19557,15,,,0,70,,19558,15,,,0,30,,19559,15,,,0,70,,19560,15,,,0,30,,19561,15,,,0,70,,19562,15,,,0,30,,19563,15,,,0,70,,19564,15,,,0,30,,19565,15,,,0,70,,19566,15,,,0,30,,19567,15,,,0,70,,19568,15,,,0,30,,19569,15,,,0,70,,19570,15,,,0,30,,19571,15,,,0,70,,19572,15,,,0,30,,19573,15,,,0,69,,19574,15,,,0,30,,19575,15,,,0,70,,19576,15,,,0,30,,19577,15,,,0,70,,19578,15,,,0,30,,19579,15,,,0,70,,19580,15,,,0,30,,19581,15,,,0,70,,19582,15,,,0,100,,19583,15,,,0,100,,19584,15,,,0
801,'259.0.3',522,,19585,15,,,0,30,,19586,15,,,0,70,,19587,15,,,0,20,,19588,15,,,0,60,,19589,15,,,0,20,,19590,15,,,0,20,,19591,15,,,0,60,,19592,15,,,0,20,,19593,15,,,0,20,,19594,15,,,0,60,,19595,15,,,0,20,,19596,15,,,0,20,,19597,15,,,0,60,,19598,15,,,0,20,,19599,15,,,0,20,,19600,15,,,0,60,,19601,15,,,0,20,,19602,15,,,0,20,,19603,15,,,0,60,,19604,15,,,0,20,,19605,15,,,0,20,,19606,15,,,0,60,,19607,15,,,0,20,,19608,15,,,0,20,,19609,15,,,0,60,,19610,15,,,0,20,,19611,15,,,0,20,,19612,15,,,0,60,,19613,15,,,0,32,,19614,15,,,0,70,,19615,15,,,0,30,,19616,15,,,0,70,,19617,15,,,0,30,,19618,15,,,0,70,,19619,15,,,0,28,,19620,15,,,0,70,,19621,15,,,0,30,,19622,15,,,0,70,,19623,15,,,0,30,,19624,15,,,0,70,,19625,15,,,0,29,,19626,15,,,0,70,,19627,15,,,0,30,,19628,15,,,0,70,,19629,15,,,0,30,,19630,15,,,0,70,,19631,15,,,0,30,,19632,15,,,0
8200,'259.0.1',606,,22580,1,,,0,100,,22581,1,,,0,100,,22582,1,,,0,100,,22583,1,,,0,100,,22584,1,,,0,100,,22585,1,,,0,100,,22586,1,,,0,100,,22587,1,,,0,100,,22588,1,,,0,100,,22589,1,,,0,100,,22590,1,,,0,100,,22591,1,,,0,100,,22592,1,,,0,100,,22593,1,,,0,100,,22594,1,,,0,100,,22595,1,,,0,100,,22596,1,,,0
8200,'259.0.2',608,,22597,1,,,0,100,,22598,1,,,0,100,,22599,1,,,0,100,,22600,1,,,0,100,,22601,1,,,0,100,,22602,1,,,0,100,,22603,1,,,0,100,,22604,1,,,0,100,,22605,1,,,0,100,,22606,1,,,0,100,,22607,1,,,0,100,,22608,1,,,0,100,,22609,1,,,0,100,,22610,1,,,0,100,,22611,1,,,0,100,,22612,1,,,0
8200,'259.0.3',556,,22613,1,,,0,64,,22614,1,,,0,28,,22615,1,,,0,70,,22616,1,,,0,30,,22617,1,,,0,93,,22618,1,,,0,69,,22619,1,,,0,100,,22620,1,,,0,100,,22621,1,,,0,100,,22622,1,,,0,100,,22623,1,,,0,100,,22624,1,,,0,100,,22625,1,,,0,430,,22626,1,,,0,100,,22627,1,,,0,100,,22628,1,,,0,100,,22629,1,,,0
8201,'259.0.1',703,,22630,35,4,,0,100,,22631,35,4,,0,100,,22632,35,4,,0,100,,22633,35,4,,0,100,,22634,35,4,,0,100,,22635,35,4,,0,100,,22636,35,4,,0,100,,22637,35,4,,0,100,,22638,35,4,,0,100,,22639,35,4,,0,100,,22640,35,4,,0,100,,22641,35,4,,0,100,,22642,35,4,,0,100,,22643,35,4,,0,100,,22644,35,4,,0,100,,22645,35,4,,0,100,,22646,35,4,,0
8201,'259.0.2',704,,22647,35,4,,0,100,,22648,35,4,,0,100,,22649,35,4,,0,100,,22650,35,4,,0,100,,22651,35,4,,0,100,,22652,35,4,,0,100,,22653,35,4,,0,100,,22654,35,4,,0,100,,22655,35,4,,0,100,,22656,35,4,,0,100,,22657,35,4,,0,100,,22658,35,4,,0,100,,22659,35,4,,0,100,,22660,35,4,,0,100,,22661,35,4,,0,100,,22662,35,4,,0
8201,'259.0.3',909,,22663,35,4,,0,100,,22664,35,4,,0,100,,22665,35,4,,0,100,,22666,35,4,,0,100,,22667,35,4,,0,100,,22668,35,4,,0,100,,22669,35,4,,0,101,,22670,35,4,,0,27,,22671,35,4,,0,70,,22672,35,4,,0,30,,22673,35,4,,0,70,,22674,35,4,,0,28,,22675,35,4,,0,75,,22676,35,4,,0,100,,22677,35,4,,0,100,,22678,35,4,,0,100,,22679,35,4,,0,100,,22680,35,4,,0
8400,'259.0.1',658,,22782,13,,,0,100,,22783,13,,,0,100,,22784,13,,,0,100,,22785,13,,,0,100,,22786,13,,,0,97,,22787,13,,,0,100,,22788,13,,,0,100,,22789,13,,,0,100,,22790,13,,,0,100,,22791,13,,,0,100,,22792,13,,,0,100,,22793,13,,,0,98,,22794,13,,,0,105,,22795,13,,,0,100,,22796,13,,,0,100,,22797,13,,,0,100,,22798,13,,,0
8400,'259.0.2',703,,22799,13,,,0,100,,22800,13,,,0,100,,22801,13,,,0,100,,22802,13,,,0,100,,22803,13,,,0,56,,22804,13,,,0,100,,22805,13,,,0,100,,22806,13,,,0,100,,22807,13,,,0,100,,22808,13,,,0,144,,22809,13,,,0,100,,22810,13,,,0,100,,22811,13,,,0,100,,22812,13,,,0,99,,22813,13,,,0,100,,22814,13,,,0,100,,22815,13,,,0
8400,'259.0.3',610,,22846,13,,,0,30,,22816,13,,,0,70,,22817,13,,,0,31,,22818,13,,,0,71,,22819,13,,,0,30,,22820,13,,,0,70,,22821,13,,,0,100,,22822,13,,,0,100,,22823,13,,,0,100,,22824,13,,,0,100,,22825,13,,,0,100,,22826,13,,,0,104,,22827,13,,,0,30,,22828,13,,,0,55,,22829,13,,,0,15,,22830,13,,,0,15,,22831,13,,,0,15,,22832,13,,,0,55,,22833,13,,,0,15,,22834,13,,,0,15,,22835,13,,,0,14,,22836,13,,,0,55,,22837,13,,,0,12,,22838,13,,,0,15,,22847,13,,,0,15,,22839,13,,,0,98,,22840,13,,,0,100,,22841,13,,,0,100,,22842,13,,,0,100,,22843,13,,,0,103,,22844,13,,,0,103,,22845,13,,,0
8700,'259.0.1',700,,23133,23,,,0,30,,23134,23,,,0,70,,23135,23,,,0,30,,23136,23,,,0,70,,23137,23,,,0,30,,23138,23,,,0,27,,23139,23,,,0,70,,23140,23,,,0,30,,23141,23,,,0,72,,23142,23,,,0,30,,23143,23,,,0,70,,23144,23,,,0,30,,23145,23,,,0,70,,23146,23,,,0,30,,23147,23,,,0,70,,23148,23,,,0,29,,23149,23,,,0,70,,23150,23,,,0,30,,23151,23,,,0,71,,23152,23,,,0,29,,23153,23,,,0,70,,23154,23,,,0,30,,23155,23,,,0,70,,23156,23,,,0,30,,23157,23,,,0,142,,23158,23,,,0,100,,23159,23,,,0,100,,23160,23,,,0,100,,23161,23,,,0,100,,23162,23,,,0
8700,'259.0.2',702,,23163,23,,,0,100,,23164,23,,,0,101,,23165,23,,,0,100,,23166,23,,,0,101,,23167,23,,,0,101,,23168,23,,,0,99,,23169,23,,,0,100,,23170,23,,,0,100,,23171,23,,,0,100,,23172,23,,,0,100,,23173,23,,,0,100,,23174,23,,,0,99,,23175,23,,,0,100,,23176,23,,,0,100,,23177,23,,,0,100,,23178,23,,,0,100,,23179,23,,,0
8700,'259.0.3',706,,23180,23,,,0,30,,23181,23,,,0,70,,23182,23,,,0,30,,23183,23,,,0,70,,23184,23,,,0,30,,23185,23,,,0,70,,23186,23,,,0,30,,23187,23,,,0,70,,23188,23,,,0,30,,23189,23,,,0,70,,23190,23,,,0,30,,23191,23,,,0,70,,23192,23,,,0,30,,23193,23,,,0,70,,23194,23,,,0,30,,23195,23,,,0,70,,23196,23,,,0,30,,23197,23,,,0,76,,23198,23,,,0,33,,23199,23,,,0,70,,23200,23,,,0,27,,23201,23,,,0,69,,23202,23,,,0,25,,23203,23,,,0,87,,23204,23,,,0,100,,23205,23,,,0,100,,23206,23,,,0,100,,23207,23,,,0,100,,23208,23,,,0,100,,23209,23,,,0
8701,'259.0.1',615,,23210,14,,,0,30,,23211,14,,,0,70,,23212,14,,,0,30,,23213,14,,,0,70,,23214,14,,,0,30,,23215,14,,,0,70,,23216,14,,,0,31,,23217,14,,,0,70,,23218,14,,,0,30,,23219,14,,,0,70,,23220,14,,,0,31,,23221,14,,,0,70,,23222,14,,,0,30,,23223,14,,,0,70,,23224,14,,,0,30,,23225,14,,,0,70,,23226,14,,,0,30,,23227,14,,,0,70,,23228,14,,,0,30,,23229,14,,,0,70,,23230,14,,,0,30,,23231,14,,,0,70,,23232,14,,,0,30,,23233,14,,,0,68,,23234,14,,,0,95,,23235,14,,,0,100,,23236,14,,,0,100,,23237,14,,,0,100,,23238,14,,,0,100,,23239,14,,,0
8701,'259.0.2',615,,23240,14,,,0,100,,23241,14,,,0,100,,23242,14,,,0,101,,23243,14,,,0,100,,23244,14,,,0,100,,23245,14,,,0,100,,23246,14,,,0,101,,23247,14,,,0,100,,23248,14,,,0,100,,23249,14,,,0,100,,23250,14,,,0,100,,23251,14,,,0,98,,23252,14,,,0,100,,23253,14,,,0,100,,23254,14,,,0,100,,23255,14,,,0,100,,23256,14,,,0,99,,23257,14,,,0
8701,'259.0.3',637,,23258,14,,,0,70,,23259,14,,,0,15,,23260,14,,,0,30,,23261,14,,,0,70,,23262,14,,,0,30,,23263,14,,,0,70,,23264,14,,,0,30,,23265,14,,,0,70,,23266,14,,,0,30,,23267,14,,,0,70,,23268,14,,,0,30,,23269,14,,,0,70,,23270,14,,,0,30,,23271,14,,,0,70,,23272,14,,,0,30,,23273,14,,,0,70,,23274,14,,,0,31,,23275,14,,,0,70,,23276,14,,,0,30,,23277,14,,,0,71,,23278,14,,,0,30,,23279,14,,,0,70,,23280,14,,,0,30,,23281,14,,,0,68,,23282,14,,,0,30,,23283,14,,,0,90,,23284,14,,,0,100,,23285,14,,,0,100,,23286,14,,,0,100,,23287,14,,,0,100,,23288,14,,,0
8800,'259.0.1',715,,23289,11,,,0,100,,23290,11,,,0,100,,23291,11,,,0,100,,23292,11,,,0,100,,23293,11,,,0,100,,23294,11,,,0,100,,23295,11,,,0,100,,23296,11,,,0,100,,23297,11,,,0,100,,23298,11,,,0,100,,23299,11,,,0,100,,23300,11,,,0,100,,23301,11,,,0,100,,23302,11,,,0,100,,23303,11,,,0,100,,23304,11,,,0
8800,'259.0.2',715,,23305,11,,,0,100,,23306,11,,,0,100,,23307,11,,,0,100,,23308,11,,,0,100,,23309,11,,,0,100,,23310,11,,,0,100,,23311,11,,,0,100,,23312,11,,,0,100,,23313,11,,,0,100,,23314,11,,,0,100,,23315,11,,,0,100,,23316,11,,,0,100,,23317,11,,,0,100,,23318,11,,,0,100,,23319,11,,,0
8800,'259.0.3',633,,23320,11,,,0,100,,23321,11,,,0,100,,23322,11,,,0,100,,23323,11,,,0,100,,23324,11,,,0,100,,23325,11,,,0,100,,23326,11,,,0,100,,23327,11,,,0,100,,23328,11,,,0,100,,23329,11,,,0,100,,23330,11,,,0,100,,23331,11,,,0,75,,23332,11,,,0,40,,23333,11,,,0,100,,23334,11,,,0,100,,23335,11,,,0,100,,23336,11,,,0
9300,'259.0.3',1604,,23687,53,4,,0,30,,23688,53,4,,0,83,,23689,53,4,,0,22,,23690,53,4,,0,72,,23691,53,4,,0,17,,23692,53,4,,0,30,,23693,53,4,,0
9301,'259.0.3',559,,23694,1,,,0,70,,23695,1,,,0,29,,23696,1,,,0,68,,23697,1,,,0,31,,23698,1,,,0,71,,23699,1,,,0
18200,'259.0.3',1530,,23847,19,,,0,15,,23848,19,,,0,57,,23849,19,,,0,18,,23850,19,,,0,14,,23851,19,,,0,17,,23852,19,,,0,55,,23853,19,,,0,13,,23854,19,,,0,13,,23855,19,,,0,15,,23856,19,,,0,11,,23857,19,,,0,55,,23858,19,,,0,15,,23860,19,,,0,14,,23859,19,,,0,16,,23861,19,,,0
