5900,'259.0.1',631,,21604,2,,,0,100,,21605,2,,,0,100,,21606,2,,,0,100,,21607,2,,,0,100,,21608,2,,,0,100,,21609,2,,,0,100,,21610,2,,,0,100,,21611,2,,,0,100,,21612,2,,,0,100,,21613,2,,,0,100,,21614,2,,,0,100,,21615,2,,,0,100,,21616,2,,,0,100,,21617,2,,,0,100,,21618,2,,,0,100,,21619,2,,,0,100,,21620,2,,,0,100,,21621,2,,,0
5900,'259.0.2',731,,21622,2,,,0,100,,21623,2,,,0,100,,21624,2,,,0,100,,21625,2,,,0,100,,21626,2,,,0,100,,21627,2,,,0,100,,21628,2,,,0,100,,21629,2,,,0,100,,21630,2,,,0,100,,21631,2,,,0,100,,21632,2,,,0,100,,21633,2,,,0,100,,21634,2,,,0,100,,21635,2,,,0,100,,21636,2,,,0,100,,21637,2,,,0
5900,'259.0.3',537,,21638,2,,,0,20,,21659,2,,,0,60,,21639,2,,,0,20,,21640,2,,,0,20,,21641,2,,,0,60,,21642,2,,,0,20,,21643,2,,,0,22,,21644,2,,,0,60,,21645,2,,,0,93,,21646,2,,,0,100,,21647,2,,,0,100,,21648,2,,,0,100,,21649,2,,,0,100,,21650,2,,,0,100,,21651,2,,,0,100,,21652,2,,,0,408,,21653,2,,,0,100,,21654,2,,,0,100,,21655,2,,,0,100,,21656,2,,,0,100,,21657,2,,,0,100,,21658,2,,,0
6100,'259.0.1',609,,21716,2,,,0,100,,21717,2,,,0,100,,21718,2,,,0,100,,21719,2,,,0,100,,21720,2,,,0,100,,21721,2,,,0,100,,21722,2,,,0,100,,21723,2,,,0,100,,21724,2,,,0,100,,21725,2,,,0,100,,21726,2,,,0,100,,21727,2,,,0,100,,21728,2,,,0,100,,21729,2,,,0,100,,21730,2,,,0,100,,21731,2,,,0,100,,21732,2,,,0,100,,21733,2,,,0
6100,'259.0.2',709,,21734,2,,,0,100,,21735,2,,,0,100,,21736,2,,,0,100,,21737,2,,,0,100,,21738,2,,,0,100,,21739,2,,,0,100,,21740,2,,,0,100,,21741,2,,,0,100,,21742,2,,,0,100,,21743,2,,,0,100,,21744,2,,,0,100,,21745,2,,,0,100,,21746,2,,,0,100,,21747,2,,,0,100,,21748,2,,,0,100,,21749,2,,,0
6100,'259.0.3',612,,21752,2,,,0,30,,21753,2,,,0,70,,21754,2,,,0,30,,21755,2,,,0,100,,21756,2,,,0,100,,21757,2,,,0,100,,21758,2,,,0,100,,21759,2,,,0,100,,21760,2,,,0,100,,21761,2,,,0,100,,21762,2,,,0,470,,21763,2,,,0,100,,21764,2,,,0,100,,21765,2,,,0,100,,21766,2,,,0
6301,'259.0.1',731,,21984,2,,,0,100,,21985,2,,,0,100,,21986,2,,,0,100,,21987,2,,,0,100,,21988,2,,,0,100,,21989,2,,,0,100,,21990,2,,,0,100,,21991,2,,,0,100,,21992,2,,,0,100,,21993,2,,,0,100,,21994,2,,,0,100,,21995,2,,,0,100,,21996,2,,,0,100,,21997,2,,,0,100,,21998,2,,,0,100,,21999,2,,,0
6301,'259.0.2',701,,22000,2,,,0,100,,22001,2,,,0,100,,22002,2,,,0,100,,22003,2,,,0,100,,22004,2,,,0,100,,22005,2,,,0,100,,22006,2,,,0,100,,22007,2,,,0,100,,22008,2,,,0,100,,22009,2,,,0,100,,22010,2,,,0,100,,22011,2,,,0,100,,22012,2,,,0,100,,22013,2,,,0,100,,22014,2,,,0
6301,'259.0.3',620,,22015,2,,,0,30,,22016,2,,,0,70,,22017,2,,,0,30,,22018,2,,,0,70,,22019,2,,,0,30,,22020,2,,,0,70,,22021,2,,,0,16,,22022,2,,,0,100,,22023,2,,,0,100,,22024,2,,,0,100,,22025,2,,,0,100,,22026,2,,,0,100,,22027,2,,,0,115,,22028,2,,,0,70,,22029,2,,,0,30,,22030,2,,,0,70,,22031,2,,,0,30,,22032,2,,,0,70,,22033,2,,,0,30,,22034,2,,,0,100,,22035,2,,,0,100,,22036,2,,,0,100,,22037,2,,,0,100,,22038,2,,,0
6800,'259.0.1',551,,22319,2,,,0,100,,22320,2,,,0,100,,22321,2,,,0,100,,22322,2,,,0,100,,22323,2,,,0,100,,22324,2,,,0,100,,22325,2,,,0,100,,22326,2,,,0,100,,22327,2,,,0,100,,22328,2,,,0,100,,22329,2,,,0,100,,22330,2,,,0,100,,22331,2,,,0,100,,22332,2,,,0,100,,22333,2,,,0,100,,22334,2,,,0,100,,22335,2,,,0,100,,22336,2,,,0,100,,22337,2,,,0
6800,'259.0.2',651,,22338,2,,,0,100,,22339,2,,,0,100,,22340,2,,,0,100,,22341,2,,,0,100,,22342,2,,,0,100,,22343,2,,,0,100,,22344,2,,,0,100,,22345,2,,,0,100,,22346,2,,,0,100,,22347,2,,,0,100,,22348,2,,,0,100,,22349,2,,,0,100,,22350,2,,,0,100,,22351,2,,,0,100,,22352,2,,,0,100,,22353,2,,,0
6800,'259.0.3',556,,22355,2,,,0,70,,22356,2,,,0,30,,22357,2,,,0,70,,22358,2,,,0,30,,22371,2,,,0,156,,22359,2,,,0,100,,22360,2,,,0,100,,22361,2,,,0,100,,22362,2,,,0,100,,22363,2,,,0,100,,22364,2,,,0,100,,22365,2,,,0,429,,22366,2,,,0,100,,22367,2,,,0,100,,22368,2,,,0,100,,22369,2,,,0,100,,22370,2,,,0
15900,'259.0.3',1542,,23805,15,,,0,61,,23806,15,,,0,24,,23807,15,,,0,23,,23808,15,,,0,62,,23809,15,,,0,19,,23812,15,,,0,11,,23813,15,,,0,60,,23810,15,,,0,18,,23811,15,,,0
16101,'259.0.3',1547,,23834,15,,,0,73,,23829,15,,,0,35,,23830,15,,,0,72,,23831,15,,,0,25,,23832,15,,,0,64,,23833,15,,,0
40101,'259.0.1',805,,24114,2,,,0,326,,24115,2,,,0,600,,24116,2,,,0
40101,'259.0.2',805,,24117,2,,,0,326,,24118,2,,,0,600,,24119,2,,,0
40101,'259.0.3',630,,24120,2,,,0,175,,24121,2,,,0,135,,24122,2,,,0,613,,24125,2,,,0,179,,24123,2,,,0,179,,24124,2,,,0
1016800,'259.0.3',1538,,25091,15,,,0,73,,25092,15,,,0,35,,25093,15,,,0,73,,25094,15,,,0,26,,25095,15,,,0,64,,25096,15,,,0,30,,25097,15,,,0
2016800,'259.0.3',1556,,26115,15,,,0,76,,26116,15,,,0,73,,26117,15,,,0,29,,26118,15,,,0,24,,26119,15,,,0,66,,26120,15,,,0
