9001,'244.0.1',636,,14654,58,,,0,70,,14655,58,,,0,30,,14656,58,,,0,66,,14657,58,,,0,31,,14658,58,,,0,70,,14659,58,,,0,30,,14660,58,,,0,26,,14661,58,,,0,74,,14662,58,,,0,71,,14663,58,,,0,30,,14664,58,,,0,70,,14665,58,,,0,30,,14666,58,,,0,70,,14667,58,,,0,30,,14668,58,,,0,70,,14669,58,,,0,30,,14670,58,,,0,70,,14671,58,,,0,30,,14672,58,,,0,70,,14673,58,,,0,30,,14674,58,,,0,70,,14675,58,,,0,30,,14676,58,,,0,74,,14677,58,,,0,25,,14678,58,,,0,69,,14679,58,,,0,30,,14680,58,,,0,70,,14681,58,,,0,30,,14682,58,,,0,98,,14683,58,,,0,100,,14684,58,,,0,100,,14685,58,,,0,100,,14686,58,,,0
9001,'244.0.2',624,,14687,58,,,0,100,,14688,58,,,0,100,,14689,58,,,0,100,,14690,58,,,0,100,,14691,58,,,0,102,,14692,58,,,0,100,,14693,58,,,0,102,,14694,58,,,0,100,,14695,58,,,0,98,,14696,58,,,0,100,,14697,58,,,0,99,,14698,58,,,0,98,,14699,58,,,0,103,,14700,58,,,0,105,,14701,58,,,0,98,,14702,58,,,0,97,,14703,58,,,0,99,,14704,58,,,0
9001,'244.0.3',611,,14705,58,,,0,30,,14706,58,,,0,74,,14707,58,,,0,24,,14739,58,,,0,13,,14708,58,,,0,55,,14740,58,,,0,10,,14709,58,,,0,16,,14741,58,,,0,15,,14710,58,,,0,53,,14742,58,,,0,11,,14711,58,,,0,15,,14743,58,,,0,15,,14712,58,,,0,70,,14713,58,,,0,25,,14714,58,,,0,70,,14715,58,,,0,30,,14716,58,,,0,70,,14717,58,,,0,30,,14718,58,,,0,70,,14719,58,,,0,30,,14720,58,,,0,70,,14721,58,,,0,30,,14722,58,,,0,70,,14723,58,,,0,33,,14724,58,,,0,73,,14725,58,,,0,21,,14744,58,,,0,22,,14726,58,,,0,48,,14745,58,,,0,25,,14727,58,,,0,15,,14746,58,,,0,12,,14728,58,,,0,52,,14747,58,,,0,12,,14729,58,,,0,13,,14748,58,,,0,13,,14730,58,,,0,12,,14749,58,,,0,53,,14731,58,,,0,12,,14750,58,,,0,13,,14732,58,,,0,70,,14733,58,,,0,26,,14734,58,,,0,70,,14735,58,,,0,100,,14736,58,,,0,100,,14737,58,,,0,100,,14738,58,,,0
13501,'244.0.3',1518,,14921,4,,,0,30,,14922,4,,,0,70,,14923,4,,,0,30,,14924,4,,,0,70,,14925,4,,,0,31,,14926,4,,,0,70,,14927,4,,,0
13601,'244.0.3',1508,,14936,4,,,0,30,,14937,4,,,0,70,,14938,4,,,0,14,,14939,4,,,0,15,,14940,4,,,0,70,,14941,4,,,0,32,,14942,4,,,0,70,,14943,4,,,0
13701,'244.0.3',1528,,14950,4,,,0,30,,14951,4,,,0,70,,14952,4,,,0,30,,14953,4,,,0,70,,14954,4,,,0,31,,14955,4,,,0
13801,'244.0.3',1533,,14963,4,,,0,70,,14964,4,,,0,29,,14965,4,,,0,70,,14966,4,,,0,32,,14967,4,,,0,70,,14968,4,,,0,20,,14969,4,,,0
15800,'244.0.3',1542,,14970,4,,,0,70,,14971,4,,,0,31,,14972,4,,,0,70,,14973,4,,,0
15900,'244.0.3',1505,,14978,4,,,0,20,,14979,4,,,0,20,,14980,4,,,0,60,,14981,4,,,0,20,,14982,4,,,0,21,,14985,4,,,0,59,,14986,4,,,0,20,,14983,4,,,0,20,,14984,4,,,0
16101,'244.0.3',1509,,15007,4,,,0,30,,15002,4,,,0,70,,15003,4,,,0,31,,15004,4,,,0,70,,15005,4,,,0,29,,15006,4,,,0
16500,'244.0.3',1522,,15008,4,,,0,30,,15009,4,,,0,70,,15010,4,,,0,31,,15011,4,,,0,70,,15012,4,,,0,30,,15013,4,,,0
1016800,'244.0.3',1501,,16285,4,,,0,30,,16286,4,,,0,70,,16287,4,,,0,31,,16288,4,,,0,70,,16289,4,,,0,29,,16290,4,,,0,70,,16291,4,,,0
2016800,'244.0.3',1518,,17301,4,,,0,30,,17302,4,,,0,70,,17303,4,,,0,31,,17304,4,,,0,70,,17305,4,,,0,29,,17306,4,,,0
