2900,'259.0.1',641,,20522,28,,,0,70,,20523,28,,,0,30,,20524,28,,,0,70,,20525,28,,,0,30,,20526,28,,,0,70,,20527,28,,,0,30,,20528,28,,,0,70,,20529,28,,,0,34,,20530,28,,,0,66,,20531,28,,,0,30,,20532,28,,,0,70,,20533,28,,,0,30,,20534,28,,,0,70,,20535,28,,,0,30,,20536,28,,,0,70,,20537,28,,,0,30,,20538,28,,,0,70,,20539,28,,,0,30,,20540,28,,,0,70,,20541,28,,,0,29,,20542,28,,,0,70,,20543,28,,,0,31,,20544,28,,,0,70,,20545,28,,,0,30,,20546,28,,,0,70,,20547,28,,,0,30,,20548,28,,,0,70,,20549,28,,,0,28,,20550,28,,,0,102,,20551,28,,,0,100,,20552,28,,,0,100,,20553,28,,,0,81,,20554,28,,,0
2900,'259.0.2',646,,20555,28,,,0,70,,20556,28,,,0,30,,20557,28,,,0,70,,20558,28,,,0,30,,20559,28,,,0,70,,20560,28,,,0,30,,20561,28,,,0,70,,20562,28,,,0,30,,20563,28,,,0,73,,20564,28,,,0,27,,20565,28,,,0,70,,20566,28,,,0,30,,20567,28,,,0,70,,20568,28,,,0,30,,20569,28,,,0,70,,20570,28,,,0,30,,20571,28,,,0,70,,20572,28,,,0,30,,20573,28,,,0,70,,20574,28,,,0,30,,20575,28,,,0,70,,20576,28,,,0,30,,20577,28,,,0,68,,20578,28,,,0,32,,20579,28,,,0,100,,20580,28,,,0,100,,20581,28,,,0,100,,20582,28,,,0,100,,20583,28,,,0,100,,20584,28,,,0,78,,20585,28,,,0
2900,'259.0.3',600,,20586,28,,,0,15,,20587,28,,,0,15,,20588,28,,,0,14,,20589,28,,,0,15,,20590,28,,,0,55,,20591,28,,,0,15,,20592,28,,,0,15,,20593,28,,,0,15,,20594,28,,,0,55,,20595,28,,,0,15,,20596,28,,,0,15,,20597,28,,,0,56,,20598,28,,,0,16,,20599,28,,,0,15,,20600,28,,,0,70,,20601,28,,,0,30,,20602,28,,,0,70,,20603,28,,,0,30,,20604,28,,,0,70,,20605,28,,,0,30,,20606,28,,,0,70,,20607,28,,,0,30,,20608,28,,,0,70,,20609,28,,,0,30,,20610,28,,,0,69,,20611,28,,,0,30,,20612,28,,,0,15,,20613,28,,,0,55,,20614,28,,,0,15,,20615,28,,,0,15,,20616,28,,,0,15,,20617,28,,,0,55,,20618,28,,,0,15,,20619,28,,,0,15,,20620,28,,,0,15,,20621,28,,,0,56,,20622,28,,,0,15,,20623,28,,,0,15,,20624,28,,,0,15,,20625,28,,,0,55,,20626,28,,,0,30,,20627,28,,,0,70,,20628,28,,,0,30,,20629,28,,,0,70,,20630,28,,,0,30,,20631,28,,,0,70,,20632,28,,,0,30,,20633,28,,,0,100,,20634,28,,,0,88,,20635,28,,,0
8401,'259.0.1',637,,22848,34,,,0,100,,22849,34,,,0,100,,22850,34,,,0,101,,22851,34,,,0,101,,22852,34,,,0,100,,22853,34,,,0,103,,22854,34,,,0,101,,22855,34,,,0,100,,22856,34,,,0,100,,22857,34,,,0,100,,22858,34,,,0,99,,22859,34,,,0,100,,22860,34,,,0,100,,22861,34,,,0,96,,22862,34,,,0,100,,22863,34,,,0,100,,22864,34,,,0
8401,'259.0.2',641,,22865,34,,,0,100,,22866,34,,,0,100,,22867,34,,,0,104,,22868,34,,,0,100,,22869,34,,,0,100,,22870,34,,,0,100,,22871,34,,,0,100,,22872,34,,,0,100,,22873,34,,,0,100,,22874,34,,,0,100,,22875,34,,,0,100,,22876,34,,,0,98,,22877,34,,,0,100,,22878,34,,,0,100,,22879,34,,,0,100,,22880,34,,,0,100,,22881,34,,,0
8401,'259.0.3',546,,22882,34,,,0,70,,22883,34,,,0,30,,22884,34,,,0,55,,22885,34,,,0,21,,22913,34,,,0,20,,22886,34,,,0,15,,22887,34,,,0,55,,22888,34,,,0,15,,22889,34,,,0,15,,22890,34,,,0,15,,22891,34,,,0,55,,22892,34,,,0,8,,22893,34,,,0,11,,22914,34,,,0,15,,22894,34,,,0,100,,22895,34,,,0,100,,22896,34,,,0,100,,22897,34,,,0,100,,22898,34,,,0,100,,22899,34,,,0,100,,22900,34,,,0,77,,22901,34,,,0,31,,22902,34,,,0,70,,22903,34,,,0,30,,22904,34,,,0,64,,22905,34,,,0,28,,22906,34,,,0,100,,22907,34,,,0,98,,22908,34,,,0,100,,22909,34,,,0,100,,22910,34,,,0,100,,22911,34,,,0,100,,22912,34,,,0
9301,'259.0.3',637,,23694,50,,,0,71,,23695,50,,,0,36,,23696,50,,,0,71,,23697,50,,,0,30,,23698,50,,,0,66,,23699,50,,,0
13600,'259.0.3',641,,23755,33,,,0,69,,23756,33,,,0,15,,23757,33,,,0,15,,23758,33,,,0,15,,23759,33,,,0,56,,23760,33,,,0,9,,23761,33,,,0,20,,23762,33,,,0
13700,'259.0.3',646,,23775,27,,,0,69,,23771,27,,,0,20,,23776,27,,,0,9,,23772,27,,,0,70,,23773,27,,,0,30,,23774,27,,,0
18201,'259.0.3',609,,23862,48,,,0,15,,23863,48,,,0,15,,23864,48,,,0,16,,23865,48,,,0,59,,23866,48,,,0,15,,23867,48,,,0,15,,23868,48,,,0,12,,23874,48,,,0,55,,23869,48,,,0,15,,23870,48,,,0,15,,23871,48,,,0,15,,23873,48,,,0,55,,23872,48,,,0
18301,'259.0.3',642,,23882,24,,,0,72,,23883,24,,,0,32,,23884,24,,,0,70,,23885,24,,,0,30,,23886,24,,,0,70,,23887,24,,,0
18501,'259.0.3',620,,23902,29,,,0,17,,23912,29,,,0,14,,23903,29,,,0,56,,23904,29,,,0,15,,23905,29,,,0,16,,23911,29,,,0,17,,23906,29,,,0,54,,23907,29,,,0,15,,23908,29,,,0,15,,23909,29,,,0,15,,23910,29,,,0,55,,23913,29,,,0
18601,'259.0.3',627,,23920,28,,,0,32,,23921,28,,,0,70,,23922,28,,,0,73,,23923,28,,,0,29,,23924,28,,,0,70,,23925,28,,,0
