5400,'259.0.1',615,,21085,23,,,0,100,,21086,23,,,0,100,,21087,23,,,0,100,,21088,23,,,0,103,,21089,23,,,0,100,,21090,23,,,0,100,,21091,23,,,0,100,,21092,23,,,0,100,,21093,23,,,0,100,,21094,23,,,0,100,,21095,23,,,0,100,,21096,23,,,0,98,,21097,23,,,0,100,,21098,23,,,0,100,,21099,23,,,0,100,,21100,23,,,0,100,,21101,23,,,0
5400,'259.0.2',815,,21102,23,,,0,100,,21103,23,,,0,103,,21104,23,,,0,100,,21105,23,,,0,100,,21106,23,,,0,100,,21107,23,,,0,100,,21108,23,,,0,100,,21109,23,,,0,100,,21110,23,,,0,100,,21111,23,,,0,97,,21112,23,,,0,100,,21113,23,,,0,100,,21114,23,,,0,100,,21115,23,,,0
5400,'259.0.3',617,,21116,23,,,0,28,,21117,23,,,0,70,,21118,23,,,0,30,,21119,23,,,0,70,,21120,23,,,0,31,,21121,23,,,0,75,,21122,23,,,0,100,,21123,23,,,0,100,,21124,23,,,0,103,,21125,23,,,0,100,,21126,23,,,0,100,,21127,23,,,0,100,,21128,23,,,0,30,,21129,23,,,0,70,,21130,23,,,0,29,,21131,23,,,0,70,,21132,23,,,0,27,,21133,23,,,0,71,,21134,23,,,0,30,,21135,23,,,0,70,,21136,23,,,0,30,,21137,23,,,0,70,,21138,23,,,0,100,,21139,23,,,0
6700,'259.0.1',802,,22207,9,,,0,100,,22208,9,,,0,104,,22209,9,,,0,101,,22210,9,,,0,100,,22211,9,,,0,100,,22212,9,,,0,100,,22213,9,,,0,100,,22214,9,,,0,100,,22215,9,,,0,100,,22216,9,,,0,100,,22217,9,,,0,96,,22218,9,,,0,99,,22219,9,,,0,100,,22220,9,,,0,100,,22221,9,,,0,100,,22222,9,,,0
6700,'259.0.2',800,,22223,9,,,0,100,,22224,9,,,0,100,,22225,9,,,0,106,,22226,9,,,0,100,,22227,9,,,0,100,,22228,9,,,0,100,,22229,9,,,0,100,,22230,9,,,0,100,,22231,9,,,0,100,,22232,9,,,0,97,,22233,9,,,0,100,,22234,9,,,0,100,,22235,9,,,0,100,,22236,9,,,0,97,,22237,9,,,0,100,,22238,9,,,0
6700,'259.0.3',613,,22239,9,,,0,30,,22240,9,,,0,70,,22241,9,,,0,30,,22242,9,,,0,70,,22243,9,,,0,30,,22244,9,,,0,70,,22245,9,,,0,100,,22246,9,,,0,98,,22247,9,,,0,100,,22248,9,,,0,100,,22249,9,,,0,100,,22250,9,,,0,99,,22251,9,,,0,30,,22252,9,,,0,70,,22253,9,,,0,30,,22254,9,,,0,70,,22255,9,,,0,31,,22256,9,,,0,73,,22257,9,,,0,30,,22258,9,,,0,100,,22259,9,,,0,100,,22260,9,,,0,100,,22261,9,,,0,100,,22262,9,,,0
7201,'259.0.1',650,,22502,19,,,0,77,,22503,39,,,0,30,,22504,39,,,0,70,,22505,39,,,0,30,,22506,39,,,0,70,,22507,39,,,0,30,,22508,39,,,0,77,,22509,39,,,0,70,,22510,39,,,0,30,,22511,39,,,0,76,,22512,39,,,0,30,,22513,39,,,0,70,,22514,39,,,0,30,,22515,39,,,0,70,,22516,39,,,0,30,,22517,39,,,0,70,,22518,39,,,0,30,,22519,39,,,0,70,,22520,39,,,0,30,,22521,39,,,0,70,,22522,39,,,0,30,,22523,39,,,0,70,,22524,39,,,0,25,,22525,39,,,0,65,,22526,39,,,0,30,,22527,39,,,0,100,,22528,39,,,0,100,,22529,39,,,0,100,,22530,39,,,0,100,,22531,39,,,0,100,,22532,39,,,0
7201,'259.0.2',726,,22533,19,,,0,100,,22534,39,,,0,100,,22535,39,,,0,100,,22536,39,,,0,105,,22537,39,,,0,106,,22538,39,,,0,100,,22539,39,,,0,100,,22540,39,,,0,100,,22541,39,,,0,100,,22542,39,,,0,100,,22543,39,,,0,95,,22544,39,,,0,100,,22545,39,,,0,92,,22546,39,,,0,100,,22547,39,,,0,100,,22548,39,,,0,100,,22549,39,,,0
7201,'259.0.3',702,,22550,39,,,0,30,,22551,39,,,0,70,,22552,39,,,0,33,,22553,39,,,0,72,,22554,39,,,0,32,,22555,39,,,0,70,,22556,39,,,0,28,,22557,39,,,0,70,,22558,39,,,0,30,,22559,39,,,0,70,,22560,39,,,0,30,,22561,39,,,0,70,,22562,39,,,0,30,,22563,39,,,0,70,,22564,39,,,0,30,,22565,39,,,0,74,,22566,39,,,0,30,,22567,39,,,0,71,,22568,39,,,0,31,,22569,39,,,0,70,,22570,39,,,0,30,,22571,39,,,0,70,,22572,39,,,0,28,,22573,39,,,0,64,,22574,39,,,0,24,,22575,39,,,0,100,,22576,39,,,0,100,,22577,39,,,0,100,,22578,39,,,0,100,,22579,39,,,0
3001000,'259.0.1',550,,26274,4,0,5,0,89,,26275,43,,,0,100,,26276,43,,,0,70,,26277,43,,,0,30,,26278,43,,,0,70,,26279,43,,,0,31,,26280,43,,,0,73,,26281,43,,,0,30,,26282,43,,,0,70,,26283,43,,,0,31,,26284,43,,,0,73,,26285,43,,,0,30,,26286,43,,,0,70,,26287,43,,,0,30,,26288,43,,,0,70,,26289,43,,,0,30,,26290,43,,,0,70,,26291,43,,,0,30,,26292,43,,,0,70,,26293,43,,,0,30,,26294,43,,,0,70,,26295,43,,,0,30,,26296,43,,,0,70,,26297,43,,,0,29,,26298,43,,,0,68,,26299,43,,,0,30,,26300,43,,,0,100,,26301,43,,,0,99,,26302,43,,,0,96,,26303,43,,,0,100,,26304,43,,,0,100,,26305,43,,,0
3001000,'259.0.2',551,,26306,4,0,5,0,85,,26307,43,,,0,100,,26308,43,,,0,70,,26309,43,,,0,30,,26310,43,,,0,70,,26311,43,,,0,30,,26312,43,,,0,71,,26313,43,,,0,34,,26314,43,,,0,70,,26315,43,,,0,30,,26316,43,,,0,70,,26317,43,,,0,30,,26318,43,,,0,70,,26319,43,,,0,30,,26320,43,,,0,70,,26321,43,,,0,33,,26322,43,,,0,70,,26323,43,,,0,30,,26324,43,,,0,70,,26325,43,,,0,30,,26326,43,,,0,70,,26327,43,,,0,30,,26328,43,,,0,70,,26329,43,,,0,30,,26330,43,,,0,100,,26331,43,,,0,95,,26332,43,,,0,100,,26333,43,,,0,100,,26334,43,,,0,100,,26335,43,,,0
3001000,'259.0.3',514,,26336,4,0,5,0,30,,26337,4,0,5,0,70,,26338,4,0,5,0,15,,26339,43,,,0,19,,26340,43,,,0,60,,26341,43,,,0,19,,26342,43,,,0,18,,26343,43,,,0,57,,26344,43,,,0,20,,26345,43,,,0,33,,26346,43,,,0,60,,26347,43,,,0,20,,26348,43,,,0,68,,26349,43,,,0,30,,26350,43,,,0,70,,26351,43,,,0,30,,26352,43,,,0,70,,26353,43,,,0,30,,26354,43,,,0,70,,26355,43,,,0,30,,26356,43,,,0,70,,26357,43,,,0,30,,26358,43,,,0,20,,26359,43,,,0,60,,26360,43,,,0,20,,26361,43,,,0,21,,26362,43,,,0,67,,26363,43,,,0,23,,26364,43,,,0,60,,26365,43,,,0,20,,26366,43,,,0,18,,26367,43,,,0,59,,26368,43,,,0,18,,26369,43,,,0,13,,26370,43,,,0,16,,26371,43,,,0,60,,26372,43,,,0,20,,26373,43,,,0,19,,26374,43,,,0,70,,26375,43,,,0,30,,26376,43,,,0,70,,26377,43,,,0,30,,26378,43,,,0,68,,26379,43,,,0,27,,26380,43,,,0,70,,26381,43,,,0,30,,26382,43,,,0,70,,26383,43,,,0,30,,26384,43,,,0
