801,'259.0.1',554,,19511,49,,,0,70,,19512,49,,,0,30,,19513,49,,,0,70,,19514,49,,,0,30,,19515,49,,,0,73,,19516,49,,,0,30,,19517,49,,,0,70,,19518,49,,,0,30,,19519,49,,,0,74,,19520,49,,,0,70,,19521,49,,,0,30,,19522,49,,,0,70,,19523,49,,,0,30,,19524,49,,,0,71,,19525,49,,,0,31,,19526,49,,,0,70,,19527,49,,,0,30,,19528,49,,,0,70,,19529,49,,,0,30,,19530,49,,,0,70,,19531,49,,,0,30,,19532,49,,,0,70,,19533,49,,,0,30,,19534,49,,,0,68,,19535,49,,,0,29,,19536,49,,,0,70,,19537,49,,,0,30,,19538,49,,,0,25,,19539,49,,,0,69,,19540,49,,,0,30,,19541,49,,,0,70,,19542,49,,,0,30,,19543,49,,,0,70,,19544,49,,,0,30,,19545,49,,,0,70,,19546,49,,,0,30,,19547,49,,,0,100,,19548,49,,,0
801,'259.0.2',558,,19549,49,,,0,70,,19550,49,,,0,30,,19551,49,,,0,70,,19552,49,,,0,30,,19553,49,,,0,70,,19554,49,,,0,30,,19555,49,,,0,75,,19556,49,,,0,70,,19557,49,,,0,30,,19558,49,,,0,70,,19559,49,,,0,30,,19560,49,,,0,70,,19561,49,,,0,30,,19562,49,,,0,70,,19563,49,,,0,30,,19564,49,,,0,70,,19565,49,,,0,30,,19566,49,,,0,70,,19567,49,,,0,30,,19568,49,,,0,70,,19569,49,,,0,30,,19570,49,,,0,70,,19571,49,,,0,30,,19572,49,,,0,70,,19573,49,,,0,28,,19574,49,,,0,70,,19575,49,,,0,30,,19576,49,,,0,70,,19577,49,,,0,30,,19578,49,,,0,70,,19579,49,,,0,27,,19580,49,,,0,30,,19581,49,,,0,70,,19582,49,,,0,100,,19583,49,,,0,100,,19584,49,,,0
801,'259.0.3',544,,19585,49,,,0,70,,19586,49,,,0,30,,19587,49,,,0,60,,19588,49,,,0,23,,19589,49,,,0,20,,19590,49,,,0,60,,19591,49,,,0,20,,19592,49,,,0,20,,19593,49,,,0,60,,19594,49,,,0,17,,19595,49,,,0,20,,19596,49,,,0,60,,19597,49,,,0,20,,19598,49,,,0,20,,19599,49,,,0,60,,19600,49,,,0,20,,19601,49,,,0,20,,19602,49,,,0,60,,19603,49,,,0,20,,19604,49,,,0,20,,19605,49,,,0,60,,19606,49,,,0,20,,19607,49,,,0,20,,19608,49,,,0,60,,19609,49,,,0,20,,19610,49,,,0,20,,19611,49,,,0,60,,19612,49,,,0,23,,19613,49,,,0,73,,19614,49,,,0,30,,19615,49,,,0,70,,19616,49,,,0,30,,19617,49,,,0,70,,19618,49,,,0,25,,19619,49,,,0,28,,19620,49,,,0,70,,19621,49,,,0,30,,19622,49,,,0,70,,19623,49,,,0,30,,19624,49,,,0,67,,19625,49,,,0,29,,19626,49,,,0,70,,19627,49,,,0,30,,19628,49,,,0,70,,19629,49,,,0,30,,19630,49,,,0,70,,19631,49,,,0,30,,19632,49,,,0
3900,'259.0.1',616,,20746,25,,,0,30,,20747,25,,,0,70,,20748,25,,,0,30,,20749,25,,,0,70,,20750,25,,,0,30,,20751,25,,,0,70,,20752,25,,,0,30,,20753,25,,,0,70,,20754,25,,,0,31,,20755,25,,,0,70,,20756,25,,,0,30,,20757,25,,,0,70,,20758,25,,,0,30,,20759,25,,,0,70,,20760,25,,,0,30,,20761,25,,,0,70,,20762,25,,,0,30,,20763,25,,,0,70,,20764,25,,,0,30,,20765,25,,,0,70,,20766,25,,,0,30,,20767,25,,,0,70,,20768,25,,,0,30,,20769,25,,,0,70,,20770,25,,,0,30,,20771,25,,,0,70,,20772,25,,,0,30,,20773,25,,,0,70,,20774,25,,,0,30,,20775,25,,,0,70,,20776,25,,,0,30,,20777,25,,,0,70,,20778,25,,,0,30,,20779,25,,,0,70,,20780,25,,,0
3900,'259.0.2',617,,20781,25,,,0,100,,20782,25,,,0,100,,20783,25,,,0,100,,20784,25,,,0,100,,20785,25,,,0,100,,20786,25,,,0,101,,20787,25,,,0,100,,20788,25,,,0,100,,20789,25,,,0,100,,20790,25,,,0,100,,20791,25,,,0,100,,20792,25,,,0,100,,20793,25,,,0,100,,20794,25,,,0,100,,20795,25,,,0,100,,20796,25,,,0
3900,'259.0.3',620,,20797,25,,,0,30,,20798,25,,,0,71,,20799,25,,,0,31,,20800,25,,,0,70,,20801,25,,,0,30,,20802,25,,,0,68,,20803,25,,,0,30,,20804,25,,,0,70,,20805,25,,,0,30,,20806,25,,,0,70,,20807,25,,,0,30,,20808,25,,,0,70,,20809,25,,,0,30,,20810,25,,,0,70,,20811,25,,,0,30,,20812,25,,,0,70,,20813,25,,,0,30,,20814,25,,,0,72,,20815,25,,,0,30,,20816,25,,,0,70,,20817,25,,,0,30,,20818,25,,,0,70,,20819,25,,,0,30,,20820,25,,,0,68,,20821,25,,,0,30,,20822,25,,,0,100,,20823,25,,,0,100,,20824,25,,,0,100,,20825,25,,,0,100,,20826,25,,,0
9001,'259.0.1',618,,23481,34,,,0,30,,23482,34,,,0,70,,23483,34,,,0,25,,23484,34,,,0,70,,23485,34,,,0,30,,23486,34,,,0,70,,23487,34,,,0,25,,23488,34,,,0,71,,23489,34,,,0,31,,23490,34,,,0,70,,23491,34,,,0,30,,23492,34,,,0,70,,23493,34,,,0,30,,23494,34,,,0,70,,23495,34,,,0,30,,23496,34,,,0,70,,23497,34,,,0,30,,23498,34,,,0,70,,23499,34,,,0,30,,23500,34,,,0,70,,23501,34,,,0,30,,23502,34,,,0,70,,23503,34,,,0,35,,23504,34,,,0,68,,23505,34,,,0,29,,23506,34,,,0,70,,23507,34,,,0,30,,23508,34,,,0,70,,23509,34,,,0,100,,23510,34,,,0,100,,23511,34,,,0,100,,23512,34,,,0,100,,23513,34,,,0
9001,'259.0.2',605,,23514,34,,,0,100,,23515,34,,,0,100,,23516,34,,,0,100,,23517,34,,,0,96,,23518,34,,,0,102,,23519,34,,,0,100,,23520,34,,,0,102,,23521,34,,,0,100,,23522,34,,,0,98,,23523,34,,,0,100,,23524,34,,,0,100,,23525,34,,,0,98,,23526,34,,,0,103,,23527,34,,,0,105,,23528,34,,,0,98,,23529,34,,,0,100,,23530,34,,,0,99,,23531,34,,,0
9001,'259.0.3',550,,23532,34,,,0,70,,23533,34,,,0,30,,23534,34,,,0,61,,23566,34,,,0,13,,23535,34,,,0,15,,23567,34,,,0,10,,23536,34,,,0,55,,23568,34,,,0,15,,23537,34,,,0,17,,23569,34,,,0,11,,23538,34,,,0,55,,23570,34,,,0,15,,23539,34,,,0,30,,23540,34,,,0,65,,23541,34,,,0,30,,23542,34,,,0,70,,23543,34,,,0,30,,23544,34,,,0,70,,23545,34,,,0,30,,23546,34,,,0,70,,23547,34,,,0,30,,23548,34,,,0,70,,23549,34,,,0,30,,23550,34,,,0,70,,23551,34,,,0,33,,23552,34,,,0,61,,23571,34,,,0,22,,23553,34,,,0,8,,23572,34,,,0,65,,23554,34,,,0,15,,23573,34,,,0,15,,23555,34,,,0,15,,23574,34,,,0,12,,23556,34,,,0,53,,23575,34,,,0,13,,23557,34,,,0,12,,23576,34,,,0,13,,23558,34,,,0,52,,23577,34,,,0,13,,23559,34,,,0,30,,23560,34,,,0,69,,23561,34,,,0,30,,23562,34,,,0,100,,23563,34,,,0,100,,23564,34,,,0,100,,23565,34,,,0
9101,'259.0.1',812,,23632,38,,,0,100,,23633,38,,,0,100,,23634,38,,,0,100,,23635,38,,,0,100,,23636,38,,,0,100,,23637,38,,,0,100,,23638,38,,,0,100,,23639,38,,,0,100,,23640,38,,,0,100,,23641,38,,,0,100,,23642,38,,,0,100,,23643,38,,,0,100,,23644,38,,,0,100,,23645,38,,,0,100,,23646,38,,,0,100,,23647,38,,,0
9101,'259.0.2',841,,23648,38,,,0,100,,23649,38,,,0,100,,23650,38,,,0,100,,23651,38,,,0,100,,23652,38,,,0,100,,23653,38,,,0,100,,23654,38,,,0,100,,23655,38,,,0,100,,23656,38,,,0,100,,23657,38,,,0,100,,23658,38,,,0,100,,23659,38,,,0,100,,23660,38,,,0,100,,23661,38,,,0,100,,23662,38,,,0
9101,'259.0.3',615,,23663,38,,,0,30,,23664,38,,,0,77,,23665,38,,,0,24,,23666,38,,,0,70,,23667,38,,,0,37,,23668,38,,,0,67,,23669,38,,,0,29,,23670,38,,,0,100,,23671,38,,,0,103,,23672,38,,,0,100,,23673,38,,,0,99,,23674,38,,,0,108,,23675,38,,,0,141,,23676,38,,,0,31,,23677,38,,,0,70,,23678,38,,,0,32,,23679,38,,,0,70,,23680,38,,,0,24,,23681,38,,,0,94,,23682,38,,,0,100,,23683,38,,,0,100,,23684,38,,,0,100,,23685,38,,,0,100,,23686,38,,,0
9301,'259.0.3',621,,23694,35,,,0,30,,23695,35,,,0,70,,23696,35,,,0,30,,23697,35,,,0,71,,23698,35,,,0,30,,23699,35,,,0
13501,'259.0.3',1607,,23748,42,4,,0,33,,23749,42,4,,0,70,,23750,42,4,,0,29,,23751,42,4,,0,65,,23752,42,4,,0,26,,23753,42,4,,0,26,,23754,42,4,,0
