5900,'244.0.1',631,,12777,3,,,0,100,,12778,3,,,0,100,,12779,3,,,0,100,,12780,3,,,0,100,,12781,3,,,0,100,,12782,3,,,0,100,,12783,3,,,0,100,,12784,3,,,0,100,,12785,3,,,0,100,,12786,3,,,0,100,,12787,3,,,0,100,,12788,3,,,0,100,,12789,3,,,0,100,,12790,3,,,0,100,,12791,3,,,0,100,,12792,3,,,0,100,,12793,3,,,0,100,,12794,3,,,0
5900,'244.0.2',731,,12795,3,,,0,100,,12796,3,,,0,100,,12797,3,,,0,100,,12798,3,,,0,100,,12799,3,,,0,100,,12800,3,,,0,100,,12801,3,,,0,100,,12802,3,,,0,100,,12803,3,,,0,100,,12804,3,,,0,100,,12805,3,,,0,100,,12806,3,,,0,100,,12807,3,,,0,100,,12808,3,,,0,100,,12809,3,,,0,100,,12810,3,,,0
5900,'244.0.3',537,,12811,3,,,0,20,,12832,3,,,0,60,,12812,3,,,0,20,,12813,3,,,0,20,,12814,3,,,0,60,,12815,3,,,0,20,,12816,3,,,0,22,,12817,3,,,0,60,,12818,3,,,0,93,,12819,3,,,0,100,,12820,3,,,0,100,,12821,3,,,0,100,,12822,3,,,0,100,,12823,3,,,0,100,,12824,3,,,0,100,,12825,3,,,0,409,,12826,3,,,0,100,,12827,3,,,0,100,,12828,3,,,0,100,,12829,3,,,0,100,,12830,3,,,0,100,,12831,3,,,0
6301,'244.0.1',732,,13157,3,,,0,100,,13158,3,,,0,100,,13159,3,,,0,100,,13160,3,,,0,100,,13161,3,,,0,100,,13162,3,,,0,100,,13163,3,,,0,100,,13164,3,,,0,100,,13165,3,,,0,100,,13166,3,,,0,100,,13167,3,,,0,100,,13168,3,,,0,100,,13169,3,,,0,100,,13170,3,,,0,100,,13171,3,,,0,100,,13172,3,,,0
6301,'244.0.2',702,,13173,3,,,0,100,,13174,3,,,0,100,,13175,3,,,0,100,,13176,3,,,0,100,,13177,3,,,0,100,,13178,3,,,0,100,,13179,3,,,0,100,,13180,3,,,0,100,,13181,3,,,0,100,,13182,3,,,0,100,,13183,3,,,0,100,,13184,3,,,0,100,,13185,3,,,0,100,,13186,3,,,0,100,,13187,3,,,0
6301,'244.0.3',621,,13188,3,,,0,30,,13189,3,,,0,70,,13190,3,,,0,30,,13191,3,,,0,70,,13192,3,,,0,30,,13193,3,,,0,70,,13194,3,,,0,16,,13195,3,,,0,100,,13196,3,,,0,100,,13197,3,,,0,100,,13198,3,,,0,100,,13199,3,,,0,100,,13200,3,,,0,115,,13201,3,,,0,70,,13202,3,,,0,30,,13203,3,,,0,70,,13204,3,,,0,30,,13205,3,,,0,70,,13206,3,,,0,30,,13207,3,,,0,100,,13208,3,,,0,100,,13209,3,,,0,100,,13210,3,,,0,100,,13211,3,,,0
6800,'244.0.1',551,,13492,3,,,0,100,,13493,3,,,0,100,,13494,3,,,0,100,,13495,3,,,0,100,,13496,3,,,0,100,,13497,3,,,0,100,,13498,3,,,0,100,,13499,3,,,0,100,,13500,3,,,0,100,,13501,3,,,0,100,,13502,3,,,0,100,,13503,3,,,0,100,,13504,3,,,0,100,,13505,3,,,0,100,,13506,3,,,0,100,,13507,3,,,0,100,,13508,3,,,0,100,,13509,3,,,0,100,,13510,3,,,0
6800,'244.0.2',651,,13511,3,,,0,100,,13512,3,,,0,100,,13513,3,,,0,100,,13514,3,,,0,100,,13515,3,,,0,100,,13516,3,,,0,100,,13517,3,,,0,100,,13518,3,,,0,100,,13519,3,,,0,100,,13520,3,,,0,100,,13521,3,,,0,100,,13522,3,,,0,100,,13523,3,,,0,100,,13524,3,,,0,100,,13525,3,,,0,100,,13526,3,,,0
6800,'244.0.3',556,,13528,3,,,0,70,,13529,3,,,0,30,,13530,3,,,0,70,,13531,3,,,0,30,,13544,3,,,0,156,,13532,3,,,0,100,,13533,3,,,0,100,,13534,3,,,0,100,,13535,3,,,0,100,,13536,3,,,0,101,,13537,3,,,0,100,,13538,3,,,0,428,,13539,3,,,0,100,,13540,3,,,0,100,,13541,3,,,0,100,,13542,3,,,0,100,,13543,3,,,0
15900,'244.0.3',1542,,14978,16,,,0,61,,14979,16,,,0,24,,14980,16,,,0,23,,14981,16,,,0,62,,14982,16,,,0,19,,14985,16,,,0,12,,14986,16,,,0,60,,14983,16,,,0,18,,14984,16,,,0
40101,'244.0.1',806,,15308,3,,,0,326,,15309,3,,,0,600,,15310,3,,,0
40101,'244.0.2',806,,15311,3,,,0,326,,15312,3,,,0,600,,15313,3,,,0
40101,'244.0.3',630,,15314,3,,,0,175,,15315,3,,,0,135,,15316,3,,,0,613,,15319,3,,,0,179,,15317,3,,,0,179,,15318,3,,,0
1016800,'244.0.3',1539,,16285,16,,,0,73,,16286,16,,,0,35,,16287,16,,,0,73,,16288,16,,,0,26,,16289,16,,,0,64,,16290,16,,,0,30,,16291,16,,,0
2016800,'244.0.3',1557,,17301,16,,,0,76,,17302,16,,,0,73,,17303,16,,,0,29,,17304,16,,,0,24,,17305,16,,,0,66,,17306,16,,,0
