2401,'244.0.1',639,,11292,48,,,0,70,,11293,48,,,0,30,,11294,48,,,0,70,,11295,48,,,0,30,,11296,48,,,0,70,,11297,48,,,0,30,,11298,48,,,0,71,,11299,48,,,0,37,,11300,48,,,0,71,,11301,48,,,0,30,,11302,48,,,0,71,,11303,48,,,0,32,,11304,48,,,0,70,,11305,48,,,0,30,,11306,48,,,0,70,,11307,48,,,0,30,,11308,48,,,0,70,,11309,48,,,0,28,,11310,48,,,0,70,,11311,48,,,0,30,,11312,48,,,0,70,,11313,48,,,0,30,,11314,48,,,0,70,,11315,48,,,0,30,,11316,48,,,0,67,,11317,48,,,0,27,,11318,48,,,0,70,,11319,48,,,0,30,,11320,48,,,0,68,,11321,48,,,0,28,,11322,48,,,0,70,,11323,48,,,0,30,,11324,48,,,0,70,,11325,48,,,0,30,,11326,48,,,0,70,,11327,48,,,0
2401,'244.0.2',637,,11328,48,,,0,70,,11329,48,,,0,30,,11330,48,,,0,70,,11331,48,,,0,30,,11332,48,,,0,70,,11333,48,,,0,30,,11334,48,,,0,72,,11335,48,,,0,36,,11336,48,,,0,70,,11337,48,,,0,30,,11338,48,,,0,70,,11339,48,,,0,30,,11340,48,,,0,70,,11341,48,,,0,31,,11342,48,,,0,70,,11343,48,,,0,30,,11344,48,,,0,70,,11345,48,,,0,30,,11346,48,,,0,70,,11347,48,,,0,30,,11348,48,,,0,70,,11349,48,,,0,30,,11350,48,,,0,70,,11351,48,,,0,30,,11352,48,,,0,68,,11353,48,,,0,28,,11354,48,,,0,69,,11355,48,,,0,28,,11356,48,,,0,70,,11357,48,,,0,30,,11358,48,,,0,70,,11359,48,,,0,30,,11360,48,,,0,70,,11361,48,,,0,30,,11362,48,,,0,70,,11363,48,,,0
2401,'244.0.3',716,,11364,48,,,0,30,,11365,48,,,0,74,,11366,48,,,0,31,,11367,48,,,0,70,,11368,48,,,0,30,,11369,48,,,0,65,,11370,48,,,0,30,,11371,48,,,0,70,,11372,48,,,0,31,,11373,48,,,0,71,,11374,48,,,0,30,,11375,48,,,0,70,,11376,48,,,0,30,,11377,48,,,0,70,,11378,48,,,0,33,,11379,48,,,0,72,,11380,48,,,0,79,,11381,48,,,0,30,,11382,48,,,0,70,,11383,48,,,0,28,,11384,48,,,0,22,,11385,48,,,0,68,,11386,48,,,0,30,,11387,48,,,0,66,,11388,48,,,0,28,,11389,48,,,0,66,,11390,48,,,0,30,,11391,48,,,0,70,,11392,48,,,0,30,,11393,48,,,0,70,,11394,48,,,0,30,,11395,48,,,0,70,,11396,48,,,0,30,,11397,48,,,0,70,,11398,48,,,0,30,,11399,48,,,0
12701,'244.0.3',1611,,14902,18,,,0,17,,14903,18,,,0,16,,14904,18,,,0,80,,14905,18,,,0,15,,14906,18,,,0,14,,14907,18,,,0,55,,14908,18,,,0
12701,'244.1141.3',1654,,14909,18,,,0,57,,14910,18,,,0
12701,'244.1143.3',1654,,14911,18,,,0,57,,14912,18,,,0
1000900,'244.0.1',711,,15724,33,,,0,100,,15725,33,,,0,100,,15726,33,,,0,102,,15727,33,,,0,100,,15728,33,,,0,96,,15729,33,,,0,103,,15730,33,,,0,100,,15731,33,,,0,100,,15732,33,,,0,100,,15733,33,,,0,100,,15734,33,,,0,100,,15735,33,,,0,100,,15736,33,,,0,99,,15737,33,,,0,100,,15738,33,,,0,100,,15739,33,,,0,100,,15740,33,,,0,100,,15741,33,,,0
1000900,'244.0.2',710,,15742,33,,,0,96,,15743,33,,,0,100,,15744,33,,,0,100,,15745,33,,,0,108,,15746,33,,,0,100,,15747,33,,,0,100,,15748,33,,,0,100,,15749,33,,,0,100,,15750,33,,,0,100,,15751,33,,,0,100,,15752,33,,,0,100,,15753,33,,,0,100,,15754,33,,,0,100,,15755,33,,,0,96,,15756,33,,,0,100,,15757,33,,,0,100,,15758,33,,,0,100,,15759,33,,,0
1000900,'244.0.3',625,,15760,33,,,0,30,,15761,33,,,0,70,,15762,33,,,0,32,,15763,33,,,0,72,,15764,33,,,0,29,,15765,33,,,0,52,,15766,33,,,0,15,,15767,33,,,0,30,,15768,33,,,0,55,,15769,33,,,0,15,,15770,33,,,0,30,,15771,33,,,0,59,,15772,33,,,0,13,,15773,33,,,0,27,,15774,33,,,0,55,,15775,33,,,0,15,,15776,33,,,0,30,,15777,33,,,0,55,,15778,33,,,0,15,,15779,33,,,0,30,,15780,33,,,0,55,,15781,33,,,0,15,,15782,33,,,0,30,,15783,33,,,0,68,,15784,33,,,0,25,,15785,33,,,0,9,,15786,33,,,0,59,,15787,33,,,0,10,,15788,33,,,0,20,,15789,33,,,0,10,,15790,33,,,0,60,,15791,33,,,0,10,,15792,33,,,0,10,,15793,33,,,0,18,,15794,33,,,0,5,,15795,33,,,0,46,,15796,33,,,0,16,,15797,33,,,0,10,,15798,33,,,0,20,,15799,33,,,0,50,,15800,33,,,0,30,,15801,33,,,0,70,,15802,33,,,0,30,,15803,33,,,0,70,,15804,33,,,0,27,,15805,33,,,0,27,,15806,33,,,0,55,,15807,33,,,0,15,,15808,33,,,0,35,,15809,33,,,0,60,,15810,33,,,0,40,,15811,33,,,0,60,,15812,33,,,0,40,,15813,33,,,0
2000900,'244.0.1',641,,16760,33,,,0,100,,16761,33,,,0,100,,16762,33,,,0,102,,16763,33,,,0,100,,16764,33,,,0,100,,16765,33,,,0,99,,16766,33,,,0,100,,16767,33,,,0,100,,16768,33,,,0,100,,16769,33,,,0,100,,16770,33,,,0,100,,16771,33,,,0,100,,16772,33,,,0,99,,16773,33,,,0,100,,16774,33,,,0,100,,16775,33,,,0,100,,16776,33,,,0,100,,16777,33,,,0,100,,16778,33,,,0
2000900,'244.0.2',641,,16779,33,,,0,97,,16780,33,,,0,98,,16781,33,,,0,100,,16782,33,,,0,108,,16783,33,,,0,100,,16784,33,,,0,100,,16785,33,,,0,100,,16786,33,,,0,100,,16787,33,,,0,100,,16788,33,,,0,100,,16789,33,,,0,100,,16790,33,,,0,100,,16791,33,,,0,100,,16792,33,,,0,96,,16793,33,,,0,100,,16794,33,,,0,100,,16795,33,,,0,100,,16796,33,,,0,100,,16797,33,,,0
2000900,'244.0.3',540,,16798,15,,,0,70,,16799,15,,,0,30,,16800,33,,,0,70,,16801,33,,,0,30,,16802,33,,,0,70,,16803,33,,,0,30,,16804,33,,,0,100,,16805,33,,,0,100,,16806,33,,,0,100,,16807,33,,,0,96,,16808,33,,,0,100,,16809,33,,,0,100,,16810,33,,,0,68,,16811,33,,,0,32,,16812,33,,,0,69,,16813,33,,,0,30,,16814,33,,,0,70,,16815,33,,,0,36,,16816,33,,,0,67,,16817,33,,,0,30,,16818,33,,,0,70,,16819,33,,,0,30,,16820,33,,,0,70,,16821,33,,,0,30,,16822,33,,,0,69,,16823,33,,,0,27,,16824,33,,,0,100,,16825,33,,,0,100,,16826,33,,,0,100,,16827,33,,,0,100,,16828,33,,,0
