501,'259.0.1',614,,19227,15,,,0,20,,19228,15,,,0,20,,19229,15,,,0,60,,19230,15,,,0,20,,19231,15,,,0,20,,19232,15,,,0,60,,19233,15,,,0,20,,19234,15,,,0,20,,19235,15,,,0,60,,19236,15,,,0,20,,19237,15,,,0,20,,19238,15,,,0,64,,19239,15,,,0,20,,19240,15,,,0,20,,19241,15,,,0,60,,19242,15,,,0,20,,19243,15,,,0,20,,19244,15,,,0,60,,19245,15,,,0,20,,19246,15,,,0,20,,19247,15,,,0,60,,19248,15,,,0,20,,19249,15,,,0,20,,19250,15,,,0,60,,19251,15,,,0,20,,19252,15,,,0,20,,19253,15,,,0,60,,19254,15,,,0,20,,19255,15,,,0,20,,19256,15,,,0,59,,19257,15,,,0,20,,19258,15,,,0,20,,19259,15,,,0,60,,19260,15,,,0,20,,19261,15,,,0,20,,19262,15,,,0,60,,19263,15,,,0,20,,19264,15,,,0,20,,19265,15,,,0,60,,19266,15,,,0,20,,19267,15,,,0,20,,19268,15,,,0,57,,19269,15,,,0,20,,19270,15,,,0,20,,19271,15,,,0,60,,19272,15,,,0,20,,19273,15,,,0,20,,19274,15,,,0,60,,19275,15,,,0,30,,19276,15,,,0,70,,19277,15,,,0,30,,19278,15,,,0,70,,19279,15,,,0,30,,19280,15,,,0
501,'259.0.2',614,,19281,15,,,0,30,,19282,15,,,0,70,,19283,15,,,0,30,,19284,15,,,0,70,,19285,15,,,0,30,,19286,15,,,0,70,,19287,15,,,0,30,,19288,15,,,0,70,,19289,15,,,0,33,,19290,15,,,0,69,,19291,15,,,0,30,,19292,15,,,0,70,,19293,15,,,0,31,,19294,15,,,0,68,,19295,15,,,0,30,,19296,15,,,0,70,,19297,15,,,0,30,,19298,15,,,0,71,,19299,15,,,0,30,,19300,15,,,0,70,,19301,15,,,0,30,,19302,15,,,0,70,,19303,15,,,0,30,,19304,15,,,0,70,,19305,15,,,0,30,,19306,15,,,0,70,,19307,15,,,0,30,,19308,15,,,0,70,,19309,15,,,0,30,,19310,15,,,0,70,,19311,15,,,0,27,,19312,15,,,0,70,,19313,15,,,0,30,,19314,15,,,0,70,,19315,15,,,0,30,,19316,15,,,0
501,'259.0.3',516,,19317,15,,,0,30,,19318,15,,,0,70,,19319,15,,,0,15,,19320,15,,,0,15,,19321,15,,,0,55,,19322,15,,,0,15,,19323,15,,,0,22,,19324,15,,,0,15,,19325,15,,,0,55,,19326,15,,,0,15,,19327,15,,,0,15,,19328,15,,,0,15,,19329,15,,,0,52,,19330,15,,,0,13,,19331,15,,,0,15,,19332,15,,,0,15,,19333,15,,,0,55,,19334,15,,,0,15,,19335,15,,,0,15,,19336,15,,,0,15,,19337,15,,,0,55,,19338,15,,,0,15,,19339,15,,,0,15,,19340,15,,,0,15,,19341,15,,,0,55,,19342,15,,,0,15,,19343,15,,,0,15,,19344,15,,,0,15,,19345,15,,,0,55,,19346,15,,,0,15,,19347,15,,,0,15,,19348,15,,,0,15,,19349,15,,,0,55,,19350,15,,,0,15,,19351,15,,,0,15,,19352,15,,,0,15,,19353,15,,,0,55,,19354,15,,,0,15,,19355,15,,,0,15,,19356,15,,,0,15,,19357,15,,,0,55,,19358,15,,,0,15,,19359,15,,,0,15,,19360,15,,,0,15,,19361,15,,,0,55,,19362,15,,,0,15,,19363,15,,,0,15,,19364,15,,,0,15,,19365,15,,,0,55,,19366,15,,,0,15,,19367,15,,,0,14,,19368,15,,,0,12,,19369,15,,,0,60,,19370,15,,,0,20,,19371,15,,,0,20,,19372,15,,,0,60,,19373,15,,,0,20,,19374,15,,,0,20,,19375,15,,,0,60,,19376,15,,,0,20,,19377,15,,,0,20,,19378,15,,,0,60,,19379,15,,,0,30,,19380,15,,,0,70,,19381,15,,,0,30,,19382,15,,,0,70,,19383,15,,,0,30,,19384,15,,,0
5300,'259.0.1',609,,20917,5,,,0,30,,20918,5,,,0,70,,20919,5,,,0,30,,20920,5,,,0,70,,20921,5,,,0,30,,20922,5,,,0,70,,20923,5,,,0,30,,20924,5,,,0,70,,20925,5,,,0,30,,20926,5,,,0,70,,20927,5,,,0,30,,20928,5,,,0,70,,20929,5,,,0,30,,20930,5,,,0,70,,20931,5,,,0,30,,20932,5,,,0,70,,20933,5,,,0,30,,20934,5,,,0,70,,20935,5,,,0,30,,20936,5,,,0,70,,20937,5,,,0,30,,20938,5,,,0,70,,20939,5,,,0,30,,20940,5,,,0,70,,20941,5,,,0,30,,20942,5,,,0,70,,20943,5,,,0,30,,20944,5,,,0,70,,20945,5,,,0,30,,20946,5,,,0,70,,20947,5,,,0,30,,20948,5,,,0,70,,20949,5,,,0,100,,20950,5,,,0
5300,'259.0.2',709,,20951,5,,,0,100,,20952,5,,,0,100,,20953,5,,,0,100,,20954,5,,,0,100,,20955,5,,,0,100,,20956,5,,,0,100,,20957,5,,,0,100,,20958,5,,,0,100,,20959,5,,,0,100,,20960,5,,,0,100,,20961,5,,,0,100,,20962,5,,,0,100,,20963,5,,,0,100,,20964,5,,,0,100,,20965,5,,,0,100,,20966,5,,,0
5300,'259.0.3',608,,20967,5,,,0,30,,20968,5,,,0,71,,20969,5,,,0,30,,20970,5,,,0,70,,20971,5,,,0,30,,20972,5,,,0,70,,20973,5,,,0,30,,20974,5,,,0,70,,20975,5,,,0,30,,20976,5,,,0,70,,20977,5,,,0,30,,20978,5,,,0,70,,20979,5,,,0,30,,20980,5,,,0,70,,20981,5,,,0,30,,20982,5,,,0,70,,20983,5,,,0,30,,20984,5,,,0,70,,20985,5,,,0,30,,20986,5,,,0,70,,20987,5,,,0,30,,20988,5,,,0,70,,20989,5,,,0,30,,20990,5,,,0,70,,20991,5,,,0,30,,20992,5,,,0,70,,20993,5,,,0,30,,20994,5,,,0,70,,20995,5,,,0,30,,20996,5,,,0,70,,20997,5,,,0,100,,20998,5,,,0,100,,20999,5,,,0,100,,21000,5,,,0
5401,'259.0.1',650,,21140,32,,,0,100,,21141,32,,,0,100,,21142,32,,,0,100,,21143,32,,,0,108,,21144,32,,,0,100,,21145,32,,,0,100,,21146,32,,,0,100,,21147,32,,,0,100,,21148,32,,,0,99,,21149,32,,,0,100,,21150,32,,,0,100,,21151,32,,,0,95,,21152,32,,,0,100,,21153,32,,,0,100,,21154,32,,,0,100,,21155,32,,,0,100,,21156,32,,,0
5401,'259.0.2',851,,21157,32,,,0,100,,21158,32,,,0,107,,21159,32,,,0,100,,21160,32,,,0,99,,21161,32,,,0,100,,21162,32,,,0,99,,21163,32,,,0,99,,21164,32,,,0,100,,21165,32,,,0,100,,21166,32,,,0,96,,21167,32,,,0,100,,21168,32,,,0,100,,21169,32,,,0,100,,21170,32,,,0
5401,'259.0.3',654,,21171,32,,,0,74,,21172,32,,,0,27,,21173,32,,,0,70,,21174,32,,,0,30,,21175,32,,,0,70,,21176,32,,,0,75,,21177,32,,,0,100,,21178,32,,,0,100,,21179,32,,,0,104,,21180,32,,,0,100,,21181,32,,,0,102,,21182,32,,,0,100,,21183,32,,,0,30,,21184,32,,,0,75,,21185,32,,,0,27,,21186,32,,,0,70,,21187,32,,,0,24,,21188,32,,,0,69,,21189,32,,,0,30,,21190,32,,,0,70,,21191,32,,,0,30,,21192,32,,,0,70,,21193,32,,,0,100,,21194,32,,,0
5501,'259.0.1',811,,21245,31,,,0,102,,21246,31,,,0,101,,21247,31,,,0,103,,21248,31,,,0,100,,21249,31,,,0,100,,21250,31,,,0,100,,21251,31,,,0,100,,21252,31,,,0,100,,21253,31,,,0,100,,21254,31,,,0,98,,21255,31,,,0,100,,21256,31,,,0,97,,21257,31,,,0,100,,21258,31,,,0,100,,21259,31,,,0
5501,'259.0.2',812,,21260,31,,,0,100,,21261,31,,,0,102,,21262,31,,,0,103,,21263,31,,,0,100,,21264,31,,,0,100,,21265,31,,,0,100,,21266,31,,,0,100,,21267,31,,,0,100,,21268,31,,,0,100,,21269,31,,,0,98,,21270,31,,,0,97,,21271,31,,,0,100,,21272,31,,,0,100,,21273,31,,,0,100,,21274,31,,,0
5501,'259.0.3',702,,21275,31,,,0,32,,21293,31,,,0,71,,21276,31,,,0,32,,21277,31,,,0,100,,21278,31,,,0,85,,21279,31,,,0,100,,21280,31,,,0,100,,21281,31,,,0,103,,21282,31,,,0,100,,21283,31,,,0,100,,21284,31,,,0,85,,21285,31,,,0,100,,21286,31,,,0,33,,21294,31,,,0,68,,21287,31,,,0,23,,21288,31,,,0,75,,21289,31,,,0,99,,21290,31,,,0,110,,21291,31,,,0,100,,21292,31,,,0
6201,'259.0.1',746,,21874,30,,,0,100,,21875,30,,,0,101,,21876,30,,,0,102,,21877,30,,,0,100,,21878,30,,,0,100,,21879,30,,,0,100,,21880,30,,,0,100,,21881,30,,,0,100,,21882,30,,,0,100,,21883,30,,,0,100,,21884,30,,,0,98,,21885,30,,,0,98,,21886,30,,,0,100,,21887,30,,,0,100,,21888,30,,,0,100,,21889,30,,,0
6201,'259.0.2',743,,21890,30,,,0,100,,21891,30,,,0,101,,21892,30,,,0,104,,21893,30,,,0,100,,21894,30,,,0,100,,21895,30,,,0,100,,21896,30,,,0,100,,21897,30,,,0,100,,21898,30,,,0,98,,21899,30,,,0,100,,21900,30,,,0,97,,21901,30,,,0,99,,21902,30,,,0,100,,21903,30,,,0,100,,21904,30,,,0,100,,21905,30,,,0
6201,'259.0.3',655,,21906,30,,,0,72,,21907,30,,,0,30,,21908,30,,,0,70,,21909,30,,,0,30,,21910,30,,,0,71,,21911,30,,,0,30,,21912,30,,,0,100,,21913,30,,,0,100,,21914,30,,,0,100,,21915,30,,,0,100,,21916,30,,,0,100,,21917,30,,,0,143,,21918,30,,,0,30,,21919,30,,,0,70,,21920,30,,,0,30,,21921,30,,,0,70,,21922,30,,,0,28,,21923,30,,,0,27,,21924,30,,,0,70,,21925,30,,,0,100,,21926,30,,,0,100,,21927,30,,,0,100,,21928,30,,,0
1000600,'259.0.3',533,,24150,16,,,0,70,,24151,16,,,0,30,,24152,16,,,0,70,,24153,16,,,0,31,,24154,16,,,0,70,,24155,16,,,0,30,,24156,16,,,0,70,,24157,16,,,0,30,,24158,16,,,0,17,,24159,16,,,0,70,,24160,16,,,0,30,,24161,16,,,0,70,,24162,16,,,0,30,,24163,16,,,0,70,,24164,16,,,0,30,,24165,16,,,0,70,,24166,16,,,0,30,,24167,16,,,0,70,,24168,16,,,0,30,,24169,16,,,0,70,,24170,16,,,0,15,,24171,16,,,0,70,,24172,16,,,0,30,,24173,16,,,0,69,,24174,16,,,0,30,,24175,16,,,0,69,,24176,16,,,0,30,,24177,16,,,0
2000600,'259.0.1',553,,25112,44,,,0,100,,25113,44,,,0,100,,25114,44,,,0,100,,25115,44,,,0,100,,25116,44,,,0,103,,25117,44,,,0,100,,25118,44,,,0,102,,25119,44,,,0,100,,25120,44,,,0,100,,25121,44,,,0,100,,25122,44,,,0,98,,25123,44,,,0,100,,25124,44,,,0,99,,25125,44,,,0,98,,25126,44,,,0,100,,25127,44,,,0,100,,25128,44,,,0,97,,25129,44,,,0,100,,25130,44,,,0,100,,25131,44,,,0
2000600,'259.0.2',548,,25132,44,,,0,103,,25133,44,,,0,100,,25134,44,,,0,100,,25135,44,,,0,100,,25136,44,,,0,102,,25137,44,,,0,101,,25138,44,,,0,100,,25139,44,,,0,101,,25140,44,,,0,100,,25141,44,,,0,99,,25142,44,,,0,100,,25143,44,,,0,100,,25144,44,,,0,100,,25145,44,,,0,100,,25146,44,,,0,98,,25147,44,,,0,100,,25148,44,,,0,96,,25149,44,,,0,100,,25150,44,,,0,100,,25151,44,,,0
2000600,'259.0.3',601,,25152,44,,,0,11,,25153,44,,,0,26,,25154,46,,,0,71,,25155,46,,,0,32,,25156,46,,,0,72,,25157,46,,,0,29,,25158,46,,,0,70,,25159,46,,,0,30,,25160,46,,,0,65,,25161,46,,,0,100,,25162,46,,,0,100,,25163,46,,,0,101,,25164,46,,,0,100,,25165,46,,,0,100,,25166,46,,,0,105,,25167,46,,,0,30,,25168,46,,,0,68,,25169,46,,,0,30,,25170,46,,,0,69,,25171,46,,,0,29,,25172,46,,,0,69,,25173,46,,,0,96,,25174,46,,,0,100,,25175,46,,,0,98,,25176,44,,,0,57,,25177,44,,,0,100,,25178,44,,,0,100,,25179,44,,,0
3000600,'259.0.1',624,,26140,44,,,0,103,,26141,44,,,0,100,,26142,44,,,0,102,,26143,44,,,0,101,,26144,44,,,0,101,,26145,44,,,0,100,,26146,44,,,0,102,,26147,44,,,0,100,,26148,44,,,0,100,,26149,44,,,0,98,,26150,44,,,0,100,,26151,44,,,0,99,,26152,44,,,0,100,,26153,44,,,0,98,,26154,44,,,0,98,,26155,44,,,0,99,,26156,44,,,0,100,,26157,44,,,0,100,,26158,44,,,0,100,,26159,44,,,0
3000600,'259.0.2',623,,26160,44,,,0,103,,26161,44,,,0,100,,26162,44,,,0,100,,26163,44,,,0,100,,26164,44,,,0,102,,26165,44,,,0,102,,26166,44,,,0,101,,26167,44,,,0,100,,26168,44,,,0,100,,26169,44,,,0,98,,26170,44,,,0,100,,26171,44,,,0,100,,26172,44,,,0,100,,26173,44,,,0,100,,26174,44,,,0,98,,26175,44,,,0,97,,26176,44,,,0,100,,26177,44,,,0,100,,26178,44,,,0,100,,26179,44,,,0
3000600,'259.0.3',627,,26180,46,,,0,30,,26181,46,,,0,70,,26182,46,,,0,30,,26183,46,,,0,70,,26184,46,,,0,30,,26185,46,,,0,73,,26186,46,,,0,70,,26187,46,,,0,41,,26188,46,,,0,100,,26189,46,,,0,100,,26190,46,,,0,101,,26191,46,,,0,100,,26192,46,,,0,100,,26193,46,,,0,90,,26194,46,,,0,68,,26195,46,,,0,30,,26196,46,,,0,70,,26197,46,,,0,28,,26198,46,,,0,27,,26199,46,,,0,69,,26200,46,,,0,116,,26201,46,,,0,100,,26202,46,,,0,100,,26203,46,,,0,95,,26204,44,,,0,100,,26205,44,,,0,100,,26206,44,,,0
