100,'259.0.1',609,,17670,22,,,0,15,,17671,22,,,0,15,,17672,22,,,0,15,,17673,22,,,0,55,,17674,22,,,0,15,,17675,22,,,0,15,,17676,22,,,0,15,,17677,22,,,0,57,,17678,22,,,0,15,,17679,22,,,0,15,,17680,22,,,0,15,,17681,22,,,0,55,,17682,22,,,0,16,,17683,22,,,0,17,,17684,22,,,0,15,,17685,22,,,0,55,,17686,22,,,0,15,,17687,22,,,0,15,,17688,22,,,0,56,,17689,22,,,0,16,,17690,22,,,0,15,,17691,22,,,0,15,,17692,22,,,0,55,,17693,22,,,0,15,,17694,22,,,0,15,,17695,22,,,0,15,,17696,22,,,0,55,,17697,22,,,0,15,,17698,22,,,0,15,,17699,22,,,0,15,,17700,22,,,0,55,,17701,22,,,0,15,,17702,22,,,0,15,,17703,22,,,0,15,,17704,22,,,0,55,,17705,22,,,0,15,,17706,22,,,0,15,,17707,22,,,0,15,,17708,22,,,0,55,,17709,22,,,0,15,,17710,22,,,0,15,,17711,22,,,0,15,,17712,22,,,0,55,,17713,22,,,0,15,,17714,22,,,0,15,,17715,22,,,0,15,,17716,22,,,0,55,,17717,22,,,0,15,,17718,22,,,0,15,,17719,22,,,0,15,,17720,22,,,0,55,,17721,22,,,0,14,,17722,22,,,0,14,,17723,22,,,0,15,,17724,22,,,0,15,,17725,22,,,0,55,,17726,22,,,0,15,,17727,22,,,0,15,,17728,22,,,0,15,,17729,22,,,0,55,,17730,22,,,0,15,,17731,22,,,0,15,,17732,22,,,0,15,,17733,22,,,0,54,,17734,22,,,0,13,,17735,22,,,0,15,,17736,22,,,0,15,,17737,22,,,0,55,,17738,22,,,0,15,,17739,22,,,0,15,,17740,22,,,0,15,,17741,22,,,0,55,,17742,22,,,0,15,,17743,22,,,0,15,,17744,22,,,0,15,,17745,22,,,0
100,'259.0.2',610,,17746,22,,,0,15,,17747,22,,,0,15,,17748,22,,,0,15,,17749,22,,,0,55,,17750,22,,,0,15,,17751,22,,,0,15,,17752,22,,,0,15,,17753,22,,,0,55,,17754,22,,,0,15,,17755,22,,,0,17,,17756,22,,,0,15,,17757,22,,,0,55,,17758,22,,,0,15,,17759,22,,,0,15,,17760,22,,,0,15,,17761,22,,,0,56,,17762,22,,,0,17,,17763,22,,,0,15,,17764,22,,,0,55,,17765,22,,,0,15,,17766,22,,,0,15,,17767,22,,,0,15,,17768,22,,,0,56,,17769,22,,,0,16,,17770,22,,,0,15,,17771,22,,,0,15,,17772,22,,,0,55,,17773,22,,,0,15,,17774,22,,,0,15,,17775,22,,,0,15,,17776,22,,,0,55,,17777,22,,,0,15,,17778,22,,,0,15,,17779,22,,,0,15,,17780,22,,,0,55,,17781,22,,,0,15,,17782,22,,,0,15,,17783,22,,,0,15,,17784,22,,,0,55,,17785,22,,,0,15,,17786,22,,,0,15,,17787,22,,,0,15,,17788,22,,,0,55,,17789,22,,,0,15,,17790,22,,,0,15,,17791,22,,,0,15,,17792,22,,,0,55,,17793,22,,,0,15,,17794,22,,,0,13,,17795,22,,,0,13,,17796,22,,,0,15,,17797,22,,,0,55,,17798,22,,,0,15,,17799,22,,,0,15,,17800,22,,,0,15,,17801,22,,,0,55,,17802,22,,,0,15,,17803,22,,,0,30,,17804,22,,,0,70,,17805,22,,,0,30,,17806,22,,,0,68,,17807,22,,,0,30,,17808,22,,,0,70,,17809,22,,,0,30,,17810,22,,,0
100,'259.0.3',619,,17812,22,,,0,10,,17813,22,,,0,10,,17814,22,,,0,10,,17815,22,,,0,10,,17816,22,,,0,50,,17817,22,,,0,10,,17818,22,,,0,11,,17819,22,,,0,12,,17820,22,,,0,13,,17821,22,,,0,50,,17822,22,,,0,10,,17823,22,,,0,10,,17824,22,,,0,10,,17825,22,,,0,10,,17826,22,,,0,10,,17827,22,,,0,50,,17828,22,,,0,10,,17829,22,,,0,9,,17830,22,,,0,9,,17831,22,,,0,9,,17832,22,,,0,10,,17833,22,,,0,50,,17834,22,,,0,10,,17835,22,,,0,10,,17836,22,,,0,10,,17837,22,,,0,10,,17838,22,,,0,10,,17839,22,,,0,50,,17840,22,,,0,10,,17841,22,,,0,10,,17842,22,,,0,10,,17843,22,,,0,10,,17844,22,,,0,10,,17845,22,,,0,50,,17846,22,,,0,10,,17847,22,,,0,10,,17848,22,,,0,10,,17849,22,,,0,10,,17850,22,,,0,10,,17851,22,,,0,50,,17852,22,,,0,10,,17853,22,,,0,10,,17854,22,,,0,10,,17855,22,,,0,10,,17856,22,,,0,10,,17857,22,,,0,50,,17858,22,,,0,10,,17859,22,,,0,10,,17860,22,,,0,10,,17861,22,,,0,10,,17862,22,,,0,10,,17863,22,,,0,50,,17864,22,,,0,10,,17865,22,,,0,11,,17866,22,,,0,12,,17867,22,,,0,10,,17868,22,,,0,10,,17869,22,,,0,50,,17870,22,,,0,10,,17871,22,,,0,10,,17872,22,,,0,10,,17873,22,,,0,10,,17874,22,,,0,10,,17875,22,,,0,50,,17876,22,,,0,10,,17877,22,,,0,10,,17878,22,,,0,10,,17879,22,,,0,10,,17880,22,,,0,9,,17881,22,,,0,49,,17882,22,,,0,8,,17883,22,,,0,8,,17884,22,,,0,10,,17885,22,,,0,10,,17886,22,,,0,10,,17887,22,,,0,10,,17888,22,,,0,50,,17889,22,,,0,10,,17890,22,,,0,10,,17891,22,,,0,10,,17892,22,,,0,10,,17893,22,,,0,10,,17894,22,,,0,50,,17895,22,,,0,10,,17896,22,,,0,10,,17897,22,,,0,10,,17898,22,,,0,10,,17899,22,,,0,10,,17900,22,,,0,50,,17901,22,,,0,10,,17902,22,,,0,10,,17903,22,,,0,10,,17904,22,,,0,10,,17905,22,,,0,10,,17906,22,,,0,50,,17907,22,,,0,8,,17908,22,,,0,15,,17909,22,,,0,15,,17910,22,,,0,55,,17911,22,,,0,15,,17912,22,,,0,15,,17913,22,,,0,15,,17914,22,,,0,55,,17915,22,,,0,15,,17916,22,,,0,15,,17917,22,,,0,15,,17918,22,,,0
801,'259.0.1',618,,19511,78,,,0,30,,19512,78,,,0,70,,19513,78,,,0,30,,19514,78,,,0,73,,19515,78,,,0,33,,19516,78,,,0,70,,19517,78,,,0,31,,19518,78,,,0,74,,19519,78,,,0,74,,19520,78,,,0,30,,19521,78,,,0,70,,19522,78,,,0,30,,19523,78,,,0,71,,19524,78,,,0,31,,19525,78,,,0,71,,19526,78,,,0,30,,19527,78,,,0,70,,19528,78,,,0,30,,19529,78,,,0,70,,19530,78,,,0,30,,19531,78,,,0,70,,19532,78,,,0,30,,19533,78,,,0,68,,19534,78,,,0,28,,19535,78,,,0,69,,19536,78,,,0,30,,19537,78,,,0,25,,19538,78,,,0,65,,19539,78,,,0,29,,19540,78,,,0,70,,19541,78,,,0,30,,19542,78,,,0,70,,19543,78,,,0,30,,19544,78,,,0,70,,19545,78,,,0,30,,19546,78,,,0,70,,19547,78,,,0,100,,19548,78,,,0
801,'259.0.2',624,,19549,78,,,0,30,,19550,78,,,0,70,,19551,78,,,0,30,,19552,78,,,0,70,,19553,78,,,0,30,,19554,78,,,0,72,,19555,78,,,0,75,,19556,78,,,0,30,,19557,78,,,0,72,,19558,78,,,0,33,,19559,78,,,0,70,,19560,78,,,0,30,,19561,78,,,0,70,,19562,78,,,0,30,,19563,78,,,0,70,,19564,78,,,0,30,,19565,78,,,0,70,,19566,78,,,0,30,,19567,78,,,0,70,,19568,78,,,0,30,,19569,78,,,0,70,,19570,78,,,0,30,,19571,78,,,0,70,,19572,78,,,0,26,,19573,78,,,0,68,,19574,78,,,0,30,,19575,78,,,0,70,,19576,78,,,0,30,,19577,78,,,0,70,,19578,78,,,0,25,,19579,78,,,0,27,,19580,78,,,0,70,,19581,78,,,0,30,,19582,78,,,0,100,,19583,78,,,0,100,,19584,78,,,0
801,'259.0.3',613,,19585,78,,,0,30,,19586,78,,,0,72,,19587,78,,,0,24,,19588,78,,,0,70,,19589,78,,,0,20,,19590,78,,,0,20,,19591,78,,,0,60,,19592,78,,,0,16,,19593,78,,,0,16,,19594,78,,,0,17,,19595,78,,,0,60,,19596,78,,,0,20,,19597,78,,,0,20,,19598,78,,,0,60,,19599,78,,,0,20,,19600,78,,,0,20,,19601,78,,,0,60,,19602,78,,,0,20,,19603,78,,,0,20,,19604,78,,,0,60,,19605,78,,,0,20,,19606,78,,,0,20,,19607,78,,,0,60,,19608,78,,,0,20,,19609,78,,,0,20,,19610,78,,,0,63,,19611,78,,,0,20,,19612,78,,,0,63,,19613,78,,,0,33,,19614,78,,,0,70,,19615,78,,,0,30,,19616,78,,,0,70,,19617,78,,,0,20,,19618,78,,,0,25,,19619,78,,,0,68,,19620,78,,,0,30,,19621,78,,,0,70,,19622,78,,,0,30,,19623,78,,,0,69,,19624,78,,,0,26,,19625,78,,,0,69,,19626,78,,,0,30,,19627,78,,,0,70,,19628,78,,,0,30,,19629,78,,,0,70,,19630,78,,,0,30,,19631,78,,,0,70,,19632,78,,,0
1000901,'259.0.1',719,,24620,52,,,0,100,,24621,52,,,0,103,,24622,52,,,0,100,,24623,52,,,0,100,,24624,52,,,0,100,,24625,52,,,0,100,,24626,52,,,0,100,,24627,52,,,0,100,,24628,52,,,0,100,,24629,52,,,0,100,,24630,52,,,0,96,,24631,52,,,0,100,,24632,52,,,0,100,,24633,52,,,0,97,,24634,52,,,0,100,,24635,52,,,0,100,,24636,52,,,0,100,,24637,52,,,0
1000901,'259.0.2',712,,24638,52,,,0,98,,24639,52,,,0,106,,24640,52,,,0,100,,24641,52,,,0,103,,24642,52,,,0,100,,24643,52,,,0,100,,24644,52,,,0,100,,24645,52,,,0,100,,24646,52,,,0,100,,24647,52,,,0,100,,24648,52,,,0,100,,24649,52,,,0,100,,24650,52,,,0,97,,24651,52,,,0,96,,24652,52,,,0,100,,24653,52,,,0,98,,24654,52,,,0,99,,24655,52,,,0
1000901,'259.0.3',603,,24656,52,,,0,27,,24657,52,,,0,25,,24658,52,,,0,50,,24659,52,,,0,6,,24660,52,,,0,17,,24661,52,,,0,23,,24662,52,,,0,5,,24663,52,,,0,55,,24664,52,,,0,10,,24665,52,,,0,20,,24666,52,,,0,10,,24667,52,,,0,59,,24668,52,,,0,9,,24669,52,,,0,8,,24670,52,,,0,10,,24671,52,,,0,65,,24672,52,,,0,15,,24673,52,,,0,15,,24674,52,,,0,70,,24675,52,,,0,15,,24676,52,,,0,15,,24677,52,,,0,70,,24678,52,,,0,15,,24679,52,,,0,15,,24680,52,,,0,70,,24681,52,,,0,15,,24682,52,,,0,15,,24683,52,,,0,70,,24684,52,,,0,15,,24685,52,,,0,15,,24686,52,,,0,70,,24687,52,,,0,17,,24688,52,,,0,15,,24689,52,,,0,69,,24690,52,,,0,25,,24691,52,,,0,5,,24692,52,,,0,25,,24693,52,,,0,50,,24694,52,,,0,20,,24695,52,,,0,10,,24696,52,,,0,20,,24697,52,,,0,50,,24698,52,,,0,18,,24699,52,,,0,9,,24700,52,,,0,17,,24701,52,,,0,50,,24702,52,,,0,25,,24703,52,,,0,30,,24704,52,,,0,71,,24705,52,,,0,29,,24706,52,,,0,67,,24707,52,,,0,25,,24708,52,,,0,70,,24709,52,,,0,35,,24710,52,,,0,60,,24711,52,,,0,40,,24712,52,,,0,60,,24713,52,,,0,40,,24714,52,,,0,60,,24715,52,,,0
1001000,'259.0.3',630,,24716,13,,,0,19,,24717,13,,,0,59,,24718,13,,,0,28,,24719,13,,,0,18,,24720,13,,,0,59,,24721,13,,,0,20,,24722,13,,,0,20,,24723,13,,,0,60,,24724,13,,,0,500,,24725,13,,,0,19,,24726,13,,,0,20,,24727,13,,,0,60,,24728,13,,,0,20,,24729,13,,,0,22,,24730,13,,,0,60,,24731,13,,,0,20,,24732,13,,,0,20,,24733,13,,,0,50,,24734,13,,,0,29,,24735,13,,,0,20,,24736,13,,,0,60,,24737,13,,,0,17,,24738,13,,,0
2000901,'259.0.1',649,,25643,68,,,0,100,,25644,68,,,0,99,,25645,68,,,0,104,,25646,68,,,0,100,,25647,68,,,0,100,,25648,68,,,0,100,,25649,68,,,0,100,,25650,68,,,0,100,,25651,68,,,0,100,,25652,68,,,0,100,,25653,68,,,0,100,,25654,68,,,0,96,,25655,68,,,0,100,,25656,68,,,0,97,,25657,68,,,0,100,,25658,68,,,0,100,,25659,68,,,0,100,,25660,68,,,0,100,,25661,68,,,0
2000901,'259.0.2',643,,25662,68,,,0,100,,25663,68,,,0,98,,25664,68,,,0,105,,25665,68,,,0,100,,25666,68,,,0,103,,25667,68,,,0,100,,25668,68,,,0,100,,25669,68,,,0,100,,25670,68,,,0,100,,25671,68,,,0,100,,25672,68,,,0,100,,25673,68,,,0,100,,25674,68,,,0,100,,25675,68,,,0,93,,25676,68,,,0,100,,25677,68,,,0,100,,25678,68,,,0,97,,25679,68,,,0,100,,25680,68,,,0
2000901,'259.0.3',615,,25681,68,,,0,30,,25682,68,,,0,71,,25683,68,,,0,85,,25684,68,,,0,30,,25685,68,,,0,69,,25686,68,,,0,18,,25687,68,,,0,29,,25688,68,,,0,100,,25689,68,,,0,100,,25690,68,,,0,100,,25691,68,,,0,100,,25692,68,,,0,100,,25693,68,,,0,101,,25694,68,,,0,70,,25695,68,,,0,30,,25696,68,,,0,70,,25697,68,,,0,30,,25698,68,,,0,70,,25699,68,,,0,25,,25700,68,,,0,69,,25701,68,,,0,30,,25702,68,,,0,70,,25703,68,,,0,30,,25704,68,,,0,70,,25705,68,,,0,26,,25706,68,,,0,62,,25707,68,,,0,30,,25708,68,,,0,100,,25709,68,,,0,100,,25710,68,,,0
2001000,'259.0.1',639,,25713,13,,,0,85,,25714,13,,,0,30,,25715,13,,,0,70,,25716,13,,,0,30,,25717,13,,,0,70,,25718,13,,,0,32,,25719,13,,,0,70,,25720,13,,,0,30,,25721,13,,,0,71,,25722,13,,,0,30,,25723,13,,,0,70,,25724,13,,,0,30,,25725,13,,,0,70,,25726,13,,,0,30,,25727,13,,,0,70,,25728,13,,,0,30,,25729,13,,,0,70,,25730,13,,,0,30,,25731,13,,,0,70,,25732,13,,,0,30,,25733,13,,,0,70,,25734,13,,,0,30,,25735,13,,,0,70,,25736,13,,,0,29,,25737,13,,,0,70,,25738,13,,,0,30,,25739,13,,,0,85,,25740,13,,,0,99,,25741,13,,,0,100,,25742,13,,,0,100,,25743,13,,,0
2001000,'259.0.2',639,,25744,13,,,0,115,,25745,13,,,0,70,,25746,13,,,0,30,,25747,13,,,0,70,,25748,13,,,0,31,,25749,13,,,0,70,,25750,13,,,0,30,,25751,13,,,0,70,,25752,13,,,0,30,,25753,13,,,0,70,,25754,13,,,0,30,,25755,13,,,0,70,,25756,13,,,0,31,,25757,13,,,0,70,,25758,13,,,0,30,,25759,13,,,0,70,,25760,13,,,0,30,,25761,13,,,0,70,,25762,13,,,0,30,,25763,13,,,0,70,,25764,13,,,0,30,,25765,13,,,0,85,,25766,13,,,0,98,,25767,13,,,0,100,,25768,13,,,0,100,,25769,13,,,0,100,,25770,13,,,0,100,,25771,13,,,0,100,,25772,13,,,0
2001000,'259.0.3',552,,25773,13,,,0,91,,25774,13,,,0,60,,25775,13,,,0,20,,25776,13,,,0,20,,25777,13,,,0,62,,25778,13,,,0,21,,25779,13,,,0,20,,25780,13,,,0,60,,25781,13,,,0,37,,25782,13,,,0,70,,25783,13,,,0,30,,25784,13,,,0,70,,25785,13,,,0,30,,25786,13,,,0,70,,25787,13,,,0,30,,25788,13,,,0,70,,25789,13,,,0,30,,25790,13,,,0,65,,25791,13,,,0,17,,25792,13,,,0,20,,25793,13,,,0,60,,25794,13,,,0,20,,25795,13,,,0,22,,25796,13,,,0,60,,25797,13,,,0,20,,25798,13,,,0,20,,25799,13,,,0,60,,25800,13,,,0,19,,25801,13,,,0,20,,25802,13,,,0,60,,25803,13,,,0,17,,25804,13,,,0,23,,25805,13,,,0,60,,25806,13,,,0,24,,25807,13,,,0,70,,25808,13,,,0,30,,25809,13,,,0,70,,25810,13,,,0,30,,25811,13,,,0
3001000,'259.0.1',609,,26275,13,,,0,100,,26276,13,,,0,30,,26277,13,,,0,70,,26278,13,,,0,30,,26279,13,,,0,70,,26280,13,,,0,32,,26281,13,,,0,70,,26282,13,,,0,30,,26283,13,,,0,70,,26284,13,,,0,31,,26285,13,,,0,70,,26286,13,,,0,30,,26287,13,,,0,70,,26288,13,,,0,30,,26289,13,,,0,70,,26290,13,,,0,30,,26291,13,,,0,70,,26292,13,,,0,30,,26293,13,,,0,70,,26294,13,,,0,30,,26295,13,,,0,70,,26296,13,,,0,30,,26297,13,,,0,70,,26298,13,,,0,29,,26299,13,,,0,70,,26300,13,,,0,100,,26301,13,,,0,100,,26302,13,,,0,99,,26303,13,,,0,100,,26304,13,,,0,100,,26305,13,,,0
3001000,'259.0.2',609,,26307,13,,,0,100,,26308,13,,,0,30,,26309,13,,,0,70,,26310,13,,,0,30,,26311,13,,,0,70,,26312,13,,,0,30,,26313,13,,,0,71,,26314,13,,,0,30,,26315,13,,,0,70,,26316,13,,,0,30,,26317,13,,,0,70,,26318,13,,,0,30,,26319,13,,,0,70,,26320,13,,,0,30,,26321,13,,,0,71,,26322,13,,,0,30,,26323,13,,,0,70,,26324,13,,,0,30,,26325,13,,,0,70,,26326,13,,,0,30,,26327,13,,,0,70,,26328,13,,,0,30,,26329,13,,,0,70,,26330,13,,,0,100,,26331,13,,,0,98,,26332,13,,,0,100,,26333,13,,,0,100,,26334,13,,,0,100,,26335,13,,,0
3001000,'259.0.3',557,,26339,13,,,0,59,,26340,13,,,0,20,,26341,13,,,0,19,,26342,13,,,0,58,,26343,13,,,0,17,,26344,13,,,0,18,,26345,13,,,0,72,,26346,13,,,0,20,,26347,13,,,0,60,,26348,13,,,0,28,,26349,13,,,0,30,,26350,13,,,0,70,,26351,13,,,0,30,,26352,13,,,0,70,,26353,13,,,0,30,,26354,13,,,0,70,,26355,13,,,0,30,,26356,13,,,0,70,,26357,13,,,0,30,,26358,13,,,0,60,,26359,13,,,0,20,,26360,13,,,0,20,,26361,13,,,0,60,,26362,13,,,0,20,,26363,13,,,0,62,,26364,13,,,0,20,,26365,13,,,0,20,,26366,13,,,0,60,,26367,13,,,0,19,,26368,13,,,0,20,,26369,13,,,0,20,,26370,13,,,0,57,,26371,13,,,0,20,,26372,13,,,0,20,,26373,13,,,0,59,,26374,13,,,0,30,,26375,13,,,0,70,,26376,13,,,0,30,,26377,13,,,0,70,,26378,13,,,0,30,,26379,13,,,0,68,,26380,13,,,0,30,,26381,13,,,0,70,,26382,13,,,0,30,,26383,13,,,0,70,,26384,13,,,0
