801,'259.0.1',553,,19511,48,,,0,70,,19512,48,,,0,30,,19513,48,,,0,70,,19514,48,,,0,30,,19515,48,,,0,73,,19516,48,,,0,30,,19517,48,,,0,70,,19518,48,,,0,30,,19519,48,,,0,74,,19520,48,,,0,70,,19521,48,,,0,30,,19522,48,,,0,70,,19523,48,,,0,30,,19524,48,,,0,71,,19525,48,,,0,31,,19526,48,,,0,70,,19527,48,,,0,30,,19528,48,,,0,70,,19529,48,,,0,30,,19530,48,,,0,70,,19531,48,,,0,30,,19532,48,,,0,70,,19533,48,,,0,30,,19534,48,,,0,68,,19535,48,,,0,29,,19536,48,,,0,30,,19537,48,,,0,70,,19538,48,,,0,25,,19539,48,,,0,69,,19540,48,,,0,30,,19541,48,,,0,70,,19542,48,,,0,30,,19543,48,,,0,70,,19544,48,,,0,30,,19545,48,,,0,70,,19546,48,,,0,30,,19547,48,,,0,100,,19548,48,,,0
801,'259.0.2',557,,19549,48,,,0,70,,19550,48,,,0,30,,19551,48,,,0,70,,19552,48,,,0,30,,19553,48,,,0,70,,19554,48,,,0,30,,19555,48,,,0,75,,19556,48,,,0,70,,19557,48,,,0,30,,19558,48,,,0,70,,19559,48,,,0,30,,19560,48,,,0,70,,19561,48,,,0,30,,19562,48,,,0,70,,19563,48,,,0,30,,19564,48,,,0,70,,19565,48,,,0,30,,19566,48,,,0,70,,19567,48,,,0,30,,19568,48,,,0,70,,19569,48,,,0,30,,19570,48,,,0,70,,19571,48,,,0,30,,19572,48,,,0,70,,19573,48,,,0,28,,19574,48,,,0,70,,19575,48,,,0,30,,19576,48,,,0,70,,19577,48,,,0,30,,19578,48,,,0,70,,19579,48,,,0,27,,19580,48,,,0,30,,19581,48,,,0,70,,19582,48,,,0,100,,19583,48,,,0,100,,19584,48,,,0
801,'259.0.3',543,,19585,48,,,0,70,,19586,48,,,0,30,,19587,48,,,0,60,,19588,48,,,0,23,,19589,48,,,0,20,,19590,48,,,0,60,,19591,48,,,0,20,,19592,48,,,0,20,,19593,48,,,0,60,,19594,48,,,0,17,,19595,48,,,0,20,,19596,48,,,0,60,,19597,48,,,0,20,,19598,48,,,0,20,,19599,48,,,0,60,,19600,48,,,0,20,,19601,48,,,0,20,,19602,48,,,0,60,,19603,48,,,0,20,,19604,48,,,0,20,,19605,48,,,0,60,,19606,48,,,0,20,,19607,48,,,0,20,,19608,48,,,0,60,,19609,48,,,0,20,,19610,48,,,0,20,,19611,48,,,0,60,,19612,48,,,0,23,,19613,48,,,0,33,,19614,48,,,0,70,,19615,48,,,0,30,,19616,48,,,0,70,,19617,48,,,0,30,,19618,48,,,0,65,,19619,48,,,0,28,,19620,48,,,0,70,,19621,48,,,0,30,,19622,48,,,0,70,,19623,48,,,0,30,,19624,48,,,0,67,,19625,48,,,0,29,,19626,48,,,0,70,,19627,48,,,0,30,,19628,48,,,0,70,,19629,48,,,0,30,,19630,48,,,0,70,,19631,48,,,0,30,,19632,48,,,0
3900,'259.0.1',615,,20746,24,,,0,30,,20747,24,,,0,70,,20748,24,,,0,30,,20749,24,,,0,70,,20750,24,,,0,30,,20751,24,,,0,70,,20752,24,,,0,30,,20753,24,,,0,70,,20754,24,,,0,31,,20755,24,,,0,70,,20756,24,,,0,30,,20757,24,,,0,70,,20758,24,,,0,30,,20759,24,,,0,70,,20760,24,,,0,30,,20761,24,,,0,70,,20762,24,,,0,30,,20763,24,,,0,70,,20764,24,,,0,30,,20765,24,,,0,70,,20766,24,,,0,30,,20767,24,,,0,70,,20768,24,,,0,30,,20769,24,,,0,70,,20770,24,,,0,30,,20771,24,,,0,70,,20772,24,,,0,30,,20773,24,,,0,70,,20774,24,,,0,30,,20775,24,,,0,70,,20776,24,,,0,30,,20777,24,,,0,70,,20778,24,,,0,30,,20779,24,,,0,70,,20780,24,,,0
3900,'259.0.2',616,,20781,24,,,0,100,,20782,24,,,0,100,,20783,24,,,0,100,,20784,24,,,0,100,,20785,24,,,0,100,,20786,24,,,0,101,,20787,24,,,0,100,,20788,24,,,0,100,,20789,24,,,0,100,,20790,24,,,0,100,,20791,24,,,0,100,,20792,24,,,0,100,,20793,24,,,0,100,,20794,24,,,0,100,,20795,24,,,0,100,,20796,24,,,0
3900,'259.0.3',619,,20797,24,,,0,30,,20798,24,,,0,71,,20799,24,,,0,31,,20800,24,,,0,70,,20801,24,,,0,30,,20802,24,,,0,68,,20803,24,,,0,30,,20804,24,,,0,70,,20805,24,,,0,30,,20806,24,,,0,70,,20807,24,,,0,30,,20808,24,,,0,70,,20809,24,,,0,30,,20810,24,,,0,70,,20811,24,,,0,30,,20812,24,,,0,70,,20813,24,,,0,30,,20814,24,,,0,72,,20815,24,,,0,30,,20816,24,,,0,70,,20817,24,,,0,30,,20818,24,,,0,70,,20819,24,,,0,30,,20820,24,,,0,68,,20821,24,,,0,30,,20822,24,,,0,100,,20823,24,,,0,100,,20824,24,,,0,100,,20825,24,,,0,100,,20826,24,,,0
9001,'259.0.1',617,,23481,33,,,0,30,,23482,33,,,0,70,,23483,33,,,0,25,,23484,33,,,0,70,,23485,33,,,0,30,,23486,33,,,0,70,,23487,33,,,0,25,,23488,33,,,0,71,,23489,33,,,0,31,,23490,33,,,0,70,,23491,33,,,0,30,,23492,33,,,0,70,,23493,33,,,0,30,,23494,33,,,0,70,,23495,33,,,0,30,,23496,33,,,0,70,,23497,33,,,0,30,,23498,33,,,0,70,,23499,33,,,0,30,,23500,33,,,0,70,,23501,33,,,0,30,,23502,33,,,0,70,,23503,33,,,0,35,,23504,33,,,0,68,,23505,33,,,0,29,,23506,33,,,0,70,,23507,33,,,0,30,,23508,33,,,0,70,,23509,33,,,0,100,,23510,33,,,0,100,,23511,33,,,0,100,,23512,33,,,0,100,,23513,33,,,0
9001,'259.0.2',604,,23514,33,,,0,100,,23515,33,,,0,100,,23516,33,,,0,100,,23517,33,,,0,96,,23518,33,,,0,102,,23519,33,,,0,100,,23520,33,,,0,102,,23521,33,,,0,100,,23522,33,,,0,98,,23523,33,,,0,100,,23524,33,,,0,100,,23525,33,,,0,98,,23526,33,,,0,103,,23527,33,,,0,105,,23528,33,,,0,98,,23529,33,,,0,100,,23530,33,,,0,99,,23531,33,,,0
9001,'259.0.3',549,,23532,33,,,0,70,,23533,33,,,0,30,,23534,33,,,0,60,,23566,33,,,0,13,,23535,33,,,0,15,,23567,33,,,0,10,,23536,33,,,0,55,,23568,33,,,0,15,,23537,33,,,0,17,,23569,33,,,0,12,,23538,33,,,0,55,,23570,33,,,0,15,,23539,33,,,0,30,,23540,33,,,0,65,,23541,33,,,0,30,,23542,33,,,0,70,,23543,33,,,0,30,,23544,33,,,0,70,,23545,33,,,0,30,,23546,33,,,0,70,,23547,33,,,0,30,,23548,33,,,0,70,,23549,33,,,0,30,,23550,33,,,0,70,,23551,33,,,0,33,,23552,33,,,0,61,,23571,33,,,0,22,,23553,33,,,0,8,,23572,33,,,0,65,,23554,33,,,0,15,,23573,33,,,0,15,,23555,33,,,0,15,,23574,33,,,0,12,,23556,33,,,0,53,,23575,33,,,0,13,,23557,33,,,0,12,,23576,33,,,0,13,,23558,33,,,0,52,,23577,33,,,0,13,,23559,33,,,0,30,,23560,33,,,0,69,,23561,33,,,0,30,,23562,33,,,0,100,,23563,33,,,0,100,,23564,33,,,0,100,,23565,33,,,0
9101,'259.0.1',811,,23632,37,,,0,100,,23633,37,,,0,100,,23634,37,,,0,100,,23635,37,,,0,100,,23636,37,,,0,100,,23637,37,,,0,100,,23638,37,,,0,100,,23639,37,,,0,100,,23640,37,,,0,100,,23641,37,,,0,100,,23642,37,,,0,100,,23643,37,,,0,100,,23644,37,,,0,100,,23645,37,,,0,100,,23646,37,,,0,100,,23647,37,,,0
9101,'259.0.2',840,,23648,37,,,0,100,,23649,37,,,0,100,,23650,37,,,0,100,,23651,37,,,0,100,,23652,37,,,0,100,,23653,37,,,0,100,,23654,37,,,0,100,,23655,37,,,0,100,,23656,37,,,0,100,,23657,37,,,0,100,,23658,37,,,0,100,,23659,37,,,0,100,,23660,37,,,0,100,,23661,37,,,0,100,,23662,37,,,0
9101,'259.0.3',614,,23663,37,,,0,30,,23664,37,,,0,77,,23665,37,,,0,24,,23666,37,,,0,70,,23667,37,,,0,37,,23668,37,,,0,67,,23669,37,,,0,29,,23670,37,,,0,100,,23671,37,,,0,103,,23672,37,,,0,100,,23673,37,,,0,99,,23674,37,,,0,108,,23675,37,,,0,101,,23676,37,,,0,71,,23677,37,,,0,70,,23678,37,,,0,32,,23679,37,,,0,70,,23680,37,,,0,24,,23681,37,,,0,94,,23682,37,,,0,100,,23683,37,,,0,100,,23684,37,,,0,100,,23685,37,,,0,100,,23686,37,,,0
9301,'259.0.3',620,,23694,34,,,0,30,,23695,34,,,0,70,,23696,34,,,0,30,,23697,34,,,0,71,,23698,34,,,0,30,,23699,34,,,0
13501,'259.0.3',1605,,23748,41,,,0,33,,23749,41,,,0,70,,23750,41,,,0,29,,23751,41,,,0,65,,23752,41,,,0,27,,23753,41,,,0,26,,23754,41,,,0
