5000,'259.0.3',1535,,20908,12,4,,0,71,,20909,12,4,,0,34,,20910,12,4,,0,70,,20911,12,4,,0
5001,'259.0.3',630,,20912,1,,,0,15,,20913,1,,,0,70,,20914,1,,,0,30,,20915,1,,,0,70,,20916,1,,,0
5301,'259.0.1',620,,21001,17,,,0,30,,21002,17,,,0,70,,21003,17,,,0,30,,21004,17,,,0,70,,21005,17,,,0,30,,21006,17,,,0,70,,21007,17,,,0,30,,21008,17,,,0,72,,21009,17,,,0,30,,21010,17,,,0,70,,21011,17,,,0,30,,21012,17,,,0,70,,21013,17,,,0,30,,21014,17,,,0,70,,21015,17,,,0,30,,21016,17,,,0,70,,21017,17,,,0,30,,21018,17,,,0,70,,21019,17,,,0,30,,21020,17,,,0,70,,21021,17,,,0,30,,21022,17,,,0,70,,21023,17,,,0,30,,21024,17,,,0,68,,21025,17,,,0,30,,21026,17,,,0,70,,21027,17,,,0,30,,21028,17,,,0,70,,21029,17,,,0,30,,21030,17,,,0,70,,21031,17,,,0,30,,21032,17,,,0,70,,21033,17,,,0,100,,21034,17,,,0
5301,'259.0.2',720,,21035,17,,,0,100,,21036,17,,,0,100,,21037,17,,,0,102,,21038,17,,,0,100,,21039,17,,,0,100,,21040,17,,,0,100,,21041,17,,,0,100,,21042,17,,,0,100,,21043,17,,,0,100,,21044,17,,,0,100,,21045,17,,,0,98,,21046,17,,,0,100,,21047,17,,,0,100,,21048,17,,,0,100,,21049,17,,,0,100,,21050,17,,,0
5301,'259.0.3',552,,21051,17,,,0,70,,21052,17,,,0,30,,21053,17,,,0,70,,21054,17,,,0,30,,21055,17,,,0,70,,21056,17,,,0,30,,21057,17,,,0,70,,21058,17,,,0,30,,21059,17,,,0,70,,21060,17,,,0,30,,21061,17,,,0,70,,21062,17,,,0,30,,21063,17,,,0,70,,21064,17,,,0,30,,21065,17,,,0,70,,21066,17,,,0,30,,21067,17,,,0,70,,21068,17,,,0,30,,21069,17,,,0,70,,21070,17,,,0,30,,21071,17,,,0,70,,21072,17,,,0,30,,21073,17,,,0,70,,21074,17,,,0,30,,21075,17,,,0,70,,21076,17,,,0,30,,21077,17,,,0,70,,21078,17,,,0,30,,21079,17,,,0,70,,21080,17,,,0,30,,21081,17,,,0,70,,21082,17,,,0,100,,21083,17,,,0,100,,21084,17,,,0
5400,'259.0.1',557,,21085,1,,,0,100,,21086,1,,,0,100,,21087,1,,,0,100,,21088,1,,,0,100,,21089,1,,,0,100,,21090,1,,,0,100,,21091,1,,,0,100,,21092,1,,,0,100,,21093,1,,,0,100,,21094,1,,,0,100,,21095,1,,,0,100,,21096,1,,,0,100,,21097,1,,,0,100,,21098,1,,,0,100,,21099,1,,,0,100,,21100,1,,,0,100,,21101,1,,,0
5400,'259.0.2',757,,21102,1,,,0,100,,21103,1,,,0,100,,21104,1,,,0,100,,21105,1,,,0,100,,21106,1,,,0,100,,21107,1,,,0,100,,21108,1,,,0,100,,21109,1,,,0,100,,21110,1,,,0,100,,21111,1,,,0,100,,21112,1,,,0,100,,21113,1,,,0,100,,21114,1,,,0,100,,21115,1,,,0
5400,'259.0.3',559,,21116,1,,,0,68,,21117,1,,,0,30,,21118,1,,,0,68,,21119,1,,,0,30,,21120,1,,,0,71,,21121,1,,,0,75,,21122,1,,,0,100,,21123,1,,,0,100,,21124,1,,,0,100,,21125,1,,,0,100,,21126,1,,,0,100,,21127,1,,,0,100,,21128,1,,,0,30,,21129,1,,,0,70,,21130,1,,,0,29,,21131,1,,,0,70,,21132,1,,,0,30,,21133,1,,,0,71,,21134,1,,,0,30,,21135,1,,,0,70,,21136,1,,,0,30,,21137,1,,,0,70,,21138,1,,,0,100,,21139,1,,,0
5401,'259.0.1',654,,21140,33,4,,0,100,,21141,33,4,,0,100,,21142,33,4,,0,100,,21143,33,4,,0,148,,21144,33,4,,0,100,,21145,33,4,,0,100,,21146,33,4,,0,100,,21147,33,4,,0,100,,21148,33,4,,0,99,,21149,33,4,,0,100,,21150,33,4,,0,100,,21151,33,4,,0,55,,21152,33,4,,0,100,,21153,33,4,,0,100,,21154,33,4,,0,100,,21155,33,4,,0,100,,21156,33,4,,0
5401,'259.0.2',855,,21157,33,4,,0,100,,21158,33,4,,0,147,,21159,33,4,,0,100,,21160,33,4,,0,99,,21161,33,4,,0,100,,21162,33,4,,0,99,,21163,33,4,,0,59,,21164,33,4,,0,100,,21165,33,4,,0,100,,21166,33,4,,0,96,,21167,33,4,,0,100,,21168,33,4,,0,100,,21169,33,4,,0,100,,21170,33,4,,0
5401,'259.0.3',658,,21171,33,4,,0,74,,21172,33,4,,0,27,,21173,33,4,,0,70,,21174,33,4,,0,30,,21175,33,4,,0,70,,21176,33,4,,0,75,,21177,33,4,,0,100,,21178,33,4,,0,100,,21179,33,4,,0,104,,21180,33,4,,0,100,,21181,33,4,,0,102,,21182,33,4,,0,100,,21183,33,4,,0,30,,21184,33,4,,0,75,,21185,33,4,,0,27,,21186,33,4,,0,70,,21187,33,4,,0,24,,21188,33,4,,0,69,,21189,33,4,,0,30,,21190,33,4,,0,70,,21191,33,4,,0,30,,21192,33,4,,0,70,,21193,33,4,,0,100,,21194,33,4,,0
