200,'259.0.1',625,,18165,27,,,0,100,,18166,27,,,0,100,,18167,27,,,0,15,,18168,27,,,0,15,,18169,27,,,0,55,,18170,27,,,0,15,,18171,27,,,0,15,,18172,27,,,0,15,,18173,27,,,0,55,,18174,27,,,0,15,,18175,27,,,0,15,,18176,27,,,0,16,,18177,27,,,0,56,,18178,27,,,0,15,,18179,27,,,0,15,,18180,27,,,0,15,,18181,27,,,0,55,,18182,27,,,0,15,,18183,27,,,0,15,,18184,27,,,0,15,,18185,27,,,0,55,,18186,27,,,0,15,,18187,27,,,0,15,,18188,27,,,0,15,,18189,27,,,0,55,,18190,27,,,0,15,,18191,27,,,0,15,,18192,27,,,0,15,,18193,27,,,0,55,,18194,27,,,0,15,,18195,27,,,0,15,,18196,27,,,0,15,,18197,27,,,0,55,,18198,27,,,0,15,,18199,27,,,0,15,,18200,27,,,0,15,,18201,27,,,0,55,,18202,27,,,0,15,,18203,27,,,0,15,,18204,27,,,0,15,,18205,27,,,0,55,,18206,27,,,0,15,,18207,27,,,0,15,,18208,27,,,0,15,,18209,27,,,0,55,,18210,27,,,0,15,,18211,27,,,0,15,,18212,27,,,0,70,,18213,27,,,0,30,,18214,27,,,0,69,,18215,27,,,0,29,,18216,27,,,0,70,,18217,27,,,0,30,,18218,27,,,0,70,,18219,27,,,0,30,,18220,27,,,0,70,,18221,27,,,0,30,,18222,27,,,0
200,'259.0.2',613,,18223,27,,,0,100,,18224,27,,,0,100,,18225,27,,,0,30,,18226,27,,,0,60,,18227,27,,,0,20,,18228,27,,,0,20,,18229,27,,,0,60,,18230,27,,,0,20,,18231,27,,,0,20,,18232,27,,,0,63,,18233,27,,,0,20,,18234,27,,,0,20,,18235,27,,,0,60,,18236,27,,,0,20,,18237,27,,,0,20,,18238,27,,,0,60,,18239,27,,,0,20,,18240,27,,,0,20,,18241,27,,,0,60,,18242,27,,,0,20,,18243,27,,,0,20,,18244,27,,,0,60,,18245,27,,,0,20,,18246,27,,,0,20,,18247,27,,,0,60,,18248,27,,,0,20,,18249,27,,,0,20,,18250,27,,,0,60,,18251,27,,,0,20,,18252,27,,,0,20,,18253,27,,,0,60,,18254,27,,,0,20,,18255,27,,,0,26,,18256,27,,,0,70,,18257,27,,,0,30,,18258,27,,,0,70,,18259,27,,,0,30,,18260,27,,,0,70,,18261,27,,,0,30,,18262,27,,,0,70,,18263,27,,,0,30,,18264,27,,,0,70,,18265,27,,,0,30,,18266,27,,,0,70,,18267,27,,,0
200,'259.0.3',555,,18268,27,,,0,70,,18269,27,,,0,30,,18270,27,,,0,55,,18271,27,,,0,15,,18272,27,,,0,16,,18273,27,,,0,17,,18274,27,,,0,55,,18275,27,,,0,15,,18276,27,,,0,15,,18277,27,,,0,15,,18278,27,,,0,55,,18279,27,,,0,14,,18280,27,,,0,15,,18281,27,,,0,15,,18282,27,,,0,55,,18283,27,,,0,15,,18284,27,,,0,15,,18285,27,,,0,15,,18286,27,,,0,55,,18287,27,,,0,15,,18288,27,,,0,15,,18289,27,,,0,15,,18290,27,,,0,55,,18291,27,,,0,17,,18292,27,,,0,15,,18293,27,,,0,15,,18294,27,,,0,55,,18295,27,,,0,15,,18296,27,,,0,15,,18297,27,,,0,15,,18298,27,,,0,55,,18299,27,,,0,15,,18300,27,,,0,15,,18301,27,,,0,15,,18302,27,,,0,55,,18303,27,,,0,19,,18304,27,,,0,17,,18305,27,,,0,55,,18306,27,,,0,15,,18307,27,,,0,15,,18308,27,,,0,15,,18309,27,,,0,55,,18310,27,,,0,15,,18311,27,,,0,15,,18312,27,,,0,15,,18313,27,,,0,50,,18314,27,,,0,11,,18315,27,,,0,15,,18316,27,,,0,15,,18317,27,,,0,15,,18318,27,,,0,55,,18319,27,,,0,30,,18320,27,,,0,70,,18321,27,,,0,30,,18322,27,,,0,70,,18323,27,,,0,30,,18324,27,,,0,70,,18325,27,,,0,30,,18326,27,,,0,70,,18327,27,,,0,30,,18328,27,,,0,70,,18329,27,,,0,30,,18330,27,,,0
800,'259.0.1',559,,19386,29,,,0,70,,19387,29,,,0,30,,19388,29,,,0,70,,19389,29,,,0,30,,19390,29,,,0,63,,19391,29,,,0,22,,19392,29,,,0,70,,19393,29,,,0,30,,19394,29,,,0,70,,19395,29,,,0,30,,19396,29,,,0,69,,19397,29,,,0,30,,19398,29,,,0,70,,19399,29,,,0,30,,19400,29,,,0,70,,19401,29,,,0,30,,19402,29,,,0,70,,19403,29,,,0,32,,19404,29,,,0,70,,19405,29,,,0,30,,19406,29,,,0,70,,19407,29,,,0,30,,19408,29,,,0,70,,19409,29,,,0,30,,19410,29,,,0,70,,19411,29,,,0,30,,19412,29,,,0,70,,19413,29,,,0,30,,19414,29,,,0,70,,19415,29,,,0,30,,19416,29,,,0,70,,19417,29,,,0,30,,19418,29,,,0,70,,19419,29,,,0,27,,19420,29,,,0,69,,19421,29,,,0,30,,19422,29,,,0,100,,19423,29,,,0
800,'259.0.2',618,,19424,29,,,0,30,,19425,29,,,0,70,,19426,29,,,0,30,,19427,29,,,0,70,,19428,29,,,0,30,,19429,29,,,0,70,,19430,29,,,0,30,,19431,29,,,0,70,,19432,29,,,0,33,,19433,29,,,0,70,,19434,29,,,0,25,,19435,29,,,0,71,,19436,29,,,0,32,,19437,29,,,0,70,,19438,29,,,0,30,,19439,29,,,0,70,,19440,29,,,0,30,,19441,29,,,0,70,,19442,29,,,0,30,,19443,29,,,0,70,,19444,29,,,0,35,,19445,29,,,0,69,,19446,29,,,0,30,,19447,29,,,0,70,,19448,29,,,0,29,,19449,29,,,0,68,,19450,29,,,0,30,,19451,29,,,0,69,,19452,29,,,0,29,,19453,29,,,0,70,,19454,29,,,0,30,,19455,29,,,0,70,,19456,29,,,0,30,,19457,29,,,0,100,,19458,29,,,0,100,,19459,29,,,0
800,'259.0.3',549,,19462,29,,,0,70,,19463,29,,,0,30,,19464,29,,,0,75,,19465,29,,,0,32,,19466,29,,,0,71,,19467,29,,,0,30,,19468,29,,,0,70,,19469,29,,,0,30,,19470,29,,,0,60,,19471,29,,,0,20,,19472,29,,,0,20,,19473,29,,,0,60,,19474,29,,,0,20,,19475,29,,,0,20,,19476,29,,,0,60,,19477,29,,,0,20,,19478,29,,,0,20,,19479,29,,,0,60,,19480,29,,,0,20,,19481,29,,,0,20,,19482,29,,,0,60,,19483,29,,,0,20,,19484,29,,,0,20,,19485,29,,,0,67,,19486,29,,,0,24,,19487,29,,,0,60,,19488,29,,,0,20,,19489,29,,,0,20,,19490,29,,,0,60,,19491,29,,,0,20,,19492,29,,,0,20,,19493,29,,,0,60,,19494,29,,,0,26,,19495,29,,,0,10,,19510,29,,,0,10,,19496,29,,,0,70,,19497,29,,,0,30,,19498,29,,,0,70,,19499,29,,,0,30,,19500,29,,,0,68,,19501,29,,,0,29,,19502,29,,,0,70,,19503,29,,,0,30,,19504,29,,,0,70,,19505,29,,,0,30,,19506,29,,,0,70,,19507,29,,,0,30,,19508,29,,,0,70,,19509,29,,,0
2800,'259.0.1',712,,20355,8,,,0,30,,20356,8,,,0,70,,20357,8,,,0,30,,20358,8,,,0,70,,20359,8,,,0,30,,20360,8,,,0,70,,20361,8,,,0,31,,20362,8,,,0,70,,20363,8,,,0,30,,20364,8,,,0,70,,20365,8,,,0,30,,20366,8,,,0,70,,20367,8,,,0,30,,20368,8,,,0,70,,20369,8,,,0,30,,20370,8,,,0,70,,20371,8,,,0,30,,20372,8,,,0,70,,20373,8,,,0,30,,20374,8,,,0,70,,20375,8,,,0,30,,20376,8,,,0,70,,20377,8,,,0,29,,20378,8,,,0,70,,20379,8,,,0,30,,20380,8,,,0,70,,20381,8,,,0,30,,20382,8,,,0,70,,20383,8,,,0,30,,20384,8,,,0,70,,20385,8,,,0,30,,20386,8,,,0,70,,20387,8,,,0,30,,20388,8,,,0
2800,'259.0.2',731,,20389,8,,,0,100,,20390,8,,,0,100,,20391,8,,,0,100,,20392,8,,,0,100,,20393,8,,,0,100,,20394,8,,,0,100,,20395,8,,,0,100,,20396,8,,,0,100,,20397,8,,,0,100,,20398,8,,,0,100,,20399,8,,,0,100,,20400,8,,,0,100,,20401,8,,,0,100,,20402,8,,,0,100,,20403,8,,,0,100,,20404,8,,,0,100,,20405,8,,,0
2800,'259.0.3',624,,20406,8,,,0,30,,20407,8,,,0,70,,20408,8,,,0,30,,20409,8,,,0,70,,20410,8,,,0,30,,20411,8,,,0,70,,20412,8,,,0,30,,20413,8,,,0,70,,20414,8,,,0,30,,20415,8,,,0,68,,20416,8,,,0,30,,20417,8,,,0,70,,20418,8,,,0,30,,20419,8,,,0,70,,20420,8,,,0,30,,20421,8,,,0,70,,20422,8,,,0,30,,20423,8,,,0,72,,20424,8,,,0,30,,20425,8,,,0,70,,20426,8,,,0,30,,20427,8,,,0,70,,20428,8,,,0,33,,20429,8,,,0,67,,20430,8,,,0,30,,20431,8,,,0,70,,20432,8,,,0,30,,20433,8,,,0,70,,20434,8,,,0,100,,20435,8,,,0,100,,20436,8,,,0,100,,20437,8,,,0
9100,'259.0.1',715,,23578,8,,,0,100,,23579,8,,,0,100,,23580,8,,,0,100,,23581,8,,,0,100,,23582,8,,,0,100,,23583,8,,,0,100,,23584,8,,,0,100,,23585,8,,,0,100,,23586,8,,,0,100,,23587,8,,,0,100,,23588,8,,,0,100,,23589,8,,,0,100,,23590,8,,,0,100,,23591,8,,,0,100,,23592,8,,,0,100,,23593,8,,,0
9100,'259.0.2',744,,23594,8,,,0,100,,23595,8,,,0,100,,23596,8,,,0,100,,23597,8,,,0,100,,23598,8,,,0,100,,23599,8,,,0,100,,23600,8,,,0,100,,23601,8,,,0,100,,23602,8,,,0,100,,23603,8,,,0,100,,23604,8,,,0,100,,23605,8,,,0,100,,23606,8,,,0,100,,23607,8,,,0,100,,23608,8,,,0
9100,'259.0.3',625,,23609,8,,,0,24,,23610,8,,,0,66,,23611,8,,,0,36,,23612,8,,,0,69,,23613,8,,,0,31,,23614,8,,,0,100,,23615,8,,,0,103,,23616,8,,,0,100,,23617,8,,,0,99,,23618,8,,,0,100,,23619,8,,,0,100,,23620,8,,,0,70,,23621,8,,,0,30,,23622,8,,,0,70,,23623,8,,,0,30,,23624,8,,,0,70,,23625,8,,,0,31,,23626,8,,,0,70,,23627,8,,,0,99,,23628,8,,,0,100,,23629,8,,,0,100,,23630,8,,,0,100,,23631,8,,,0
