5401,'244.0.1',638,,12313,18,,,0,100,,12314,18,,,0,100,,12315,18,,,0,100,,12316,18,,,0,104,,12317,18,,,0,100,,12318,18,,,0,100,,12319,18,,,0,100,,12320,18,,,0,100,,12321,18,,,0,99,,12322,18,,,0,100,,12323,18,,,0,100,,12324,18,,,0,98,,12325,18,,,0,100,,12326,18,,,0,100,,12327,18,,,0,100,,12328,18,,,0,100,,12329,18,,,0
5401,'244.0.2',838,,12330,18,,,0,100,,12331,18,,,0,104,,12332,18,,,0,100,,12333,18,,,0,99,,12334,18,,,0,100,,12335,18,,,0,100,,12336,18,,,0,100,,12337,18,,,0,100,,12338,18,,,0,100,,12339,18,,,0,97,,12340,18,,,0,100,,12341,18,,,0,100,,12342,18,,,0,100,,12343,18,,,0
5401,'244.0.3',641,,12344,18,,,0,72,,12345,18,,,0,27,,12346,18,,,0,70,,12347,18,,,0,30,,12348,18,,,0,70,,12349,18,,,0,35,,12350,18,,,0,100,,12351,18,,,0,100,,12352,18,,,0,104,,12353,18,,,0,100,,12354,18,,,0,101,,12355,18,,,0,100,,12356,18,,,0,70,,12357,18,,,0,35,,12358,18,,,0,68,,12359,18,,,0,30,,12360,18,,,0,64,,12361,18,,,0,30,,12362,18,,,0,70,,12363,18,,,0,30,,12364,18,,,0,70,,12365,18,,,0,30,,12366,18,,,0,100,,12367,18,,,0
6701,'244.0.1',745,,13436,27,,,0,100,,13437,27,,,0,103,,13438,27,,,0,100,,13439,27,,,0,100,,13440,27,,,0,100,,13441,27,,,0,100,,13442,27,,,0,100,,13443,27,,,0,100,,13444,27,,,0,100,,13445,27,,,0,100,,13446,27,,,0,97,,13447,27,,,0,100,,13448,27,,,0,100,,13449,27,,,0,100,,13450,27,,,0,100,,13451,27,,,0
6701,'244.0.2',744,,13452,27,,,0,100,,13453,27,,,0,100,,13454,27,,,0,104,,13455,27,,,0,100,,13456,27,,,0,100,,13457,27,,,0,100,,13458,27,,,0,100,,13459,27,,,0,100,,13460,27,,,0,100,,13461,27,,,0,97,,13462,27,,,0,100,,13463,27,,,0,100,,13464,27,,,0,100,,13465,27,,,0,98,,13466,27,,,0,100,,13467,27,,,0
6701,'244.0.3',631,,13468,27,,,0,70,,13469,27,,,0,30,,13470,27,,,0,70,,13471,27,,,0,30,,13472,27,,,0,70,,13473,27,,,0,102,,13474,27,,,0,100,,13475,27,,,0,100,,13476,27,,,0,100,,13477,27,,,0,100,,13478,27,,,0,102,,13479,27,,,0,30,,13480,27,,,0,70,,13481,27,,,0,30,,13482,27,,,0,70,,13483,27,,,0,30,,13484,27,,,0,69,,13485,27,,,0,27,,13486,27,,,0,70,,13487,27,,,0,30,,13488,27,,,0,98,,13489,27,,,0,100,,13490,27,,,0,100,,13491,27,,,0
7200,'244.0.1',614,,13598,16,,,0,30,,13599,16,,,0,70,,13600,16,,,0,30,,13601,16,,,0,70,,13602,16,,,0,30,,13603,16,,,0,70,,13604,16,,,0,30,,13605,16,,,0,70,,13606,16,,,0,32,,13607,16,,,0,70,,13608,16,,,0,30,,13609,16,,,0,70,,13610,16,,,0,30,,13611,16,,,0,70,,13612,16,,,0,30,,13613,16,,,0,70,,13614,16,,,0,30,,13615,16,,,0,70,,13616,16,,,0,30,,13617,16,,,0,70,,13618,16,,,0,30,,13619,16,,,0,70,,13620,16,,,0,28,,13621,16,,,0,70,,13622,16,,,0,100,,13623,16,,,0,100,,13624,16,,,0,100,,13625,16,,,0,100,,13626,16,,,0,100,,13627,16,,,0
7200,'244.0.2',714,,13628,16,,,0,100,,13629,16,,,0,100,,13630,16,,,0,100,,13631,16,,,0,102,,13632,16,,,0,100,,13633,16,,,0,100,,13634,16,,,0,100,,13635,16,,,0,100,,13636,16,,,0,100,,13637,16,,,0,100,,13638,16,,,0,100,,13639,16,,,0,98,,13640,16,,,0,100,,13641,16,,,0,100,,13642,16,,,0,100,,13643,16,,,0
7200,'244.0.3',614,,13644,16,,,0,30,,13645,16,,,0,70,,13646,16,,,0,31,,13647,16,,,0,70,,13648,16,,,0,30,,13649,16,,,0,69,,13650,16,,,0,30,,13651,16,,,0,70,,13652,16,,,0,30,,13653,16,,,0,70,,13654,16,,,0,30,,13655,16,,,0,70,,13656,16,,,0,30,,13657,16,,,0,70,,13658,16,,,0,30,,13659,16,,,0,70,,13660,16,,,0,30,,13661,16,,,0,70,,13662,16,,,0,30,,13663,16,,,0,70,,13664,16,,,0,30,,13665,16,,,0,70,,13666,16,,,0,30,,13667,16,,,0,69,,13668,16,,,0,30,,13669,16,,,0,70,,13670,16,,,0,100,,13671,16,,,0,100,,13672,16,,,0,100,,13673,16,,,0,100,,13674,16,,,0
37001,'244.0.3',601,,15288,3,,,0,50,,15289,3,,,0,68,,15290,3,,,0,29,,15291,3,,,0,71,,15292,3,,,0,683,,15293,3,,,0,128,,15294,3,,,0
3001001,'244.0.1',603,,17558,7,,,0,54,,17559,7,,,0,100,,17560,7,,,0,70,,17561,7,,,0,30,,17562,7,,,0,70,,17563,7,,,0,30,,17564,7,,,0,74,,17565,7,,,0,70,,17566,7,,,0,31,,17567,7,,,0,72,,17568,7,,,0,34,,17569,7,,,0,70,,17570,7,,,0,30,,17571,7,,,0,70,,17572,7,,,0,30,,17573,7,,,0,70,,17574,7,,,0,30,,17575,7,,,0,70,,17576,7,,,0,30,,17577,7,,,0,70,,17578,7,,,0,30,,17579,7,,,0,70,,17580,7,,,0,30,,17581,7,,,0,67,,17582,7,,,0,28,,17583,7,,,0,70,,17584,7,,,0,100,,17585,7,,,0,56,,17586,7,,,0,97,,17587,7,,,0,100,,17588,7,,,0,95,,17589,7,0,8 7,0
3001001,'244.0.2',603,,17590,7,,,0,50,,17591,7,,,0,100,,17592,7,,,0,70,,17593,7,,,0,30,,17594,7,,,0,70,,17595,7,,,0,30,,17596,7,,,0,72,,17597,7,,,0,34,,17598,7,,,0,70,,17599,7,,,0,30,,17600,7,,,0,70,,17601,7,,,0,71,,17602,7,,,0,30,,17603,7,,,0,70,,17604,7,,,0,30,,17605,7,,,0,73,,17606,7,,,0,30,,17607,7,,,0,70,,17608,7,,,0,30,,17609,7,,,0,70,,17610,7,,,0,30,,17611,7,,,0,70,,17612,7,,,0,30,,17613,7,,,0,69,,17614,7,,,0,100,,17615,7,,,0,54,,17616,7,,,0,100,,17617,7,,,0,100,,17618,7,,,0,95,,17619,7,0,8 7,0
3001001,'244.0.3',526,,17620,7,,,0,30,,17621,7,,,0,70,,17622,7,,,0,20,,17623,7,,,0,61,,17624,7,,,0,20,,17625,7,,,0,18,,17626,7,,,0,59,,17627,7,,,0,20,,17628,7,,,0,20,,17629,7,,,0,73,,17630,7,,,0,20,,17631,7,,,0,20,,17632,7,,,0,68,,17633,7,,,0,30,,17634,7,,,0,70,,17635,7,,,0,30,,17636,7,,,0,70,,17637,7,,,0,30,,17638,7,,,0,70,,17639,7,,,0,30,,17640,7,,,0,70,,17641,7,,,0,30,,17642,7,,,0,61,,17643,7,,,0,20,,17644,7,,,0,20,,17645,7,,,0,61,,17646,7,,,0,27,,17647,7,,,0,63,,17648,7,,,0,20,,17649,7,,,0,20,,17650,7,,,0,58,,17651,7,,,0,16,,17652,7,,,0,17,,17653,7,,,0,14,,17654,7,,,0,55,,17655,7,,,0,19,,17656,7,,,0,79,,17657,7,,,0,30,,17658,7,,,0,70,,17659,7,,,0,30,,17660,7,,,0,70,,17661,7,,,0,27,,17662,7,,,0,27,,17663,7,,,0,70,,17664,7,0,8 7,0,25,,17665,7,0,8 7,0,70,,17666,7,0,8 7,0,30,,17667,7,0,8 7,0
