8201,'244.0.1',641,,13803,5,,,0,100,,13804,5,,,0,100,,13805,5,,,0,100,,13806,5,,,0,100,,13807,5,,,0,100,,13808,5,,,0,100,,13809,5,,,0,100,,13810,5,,,0,100,,13811,5,,,0,100,,13812,5,,,0,100,,13813,5,,,0,100,,13814,5,,,0,100,,13815,5,,,0,100,,13816,5,,,0,100,,13817,5,,,0,100,,13818,5,,,0,100,,13819,5,,,0
8201,'244.0.2',642,,13820,5,,,0,100,,13821,5,,,0,100,,13822,5,,,0,100,,13823,5,,,0,100,,13824,5,,,0,100,,13825,5,,,0,100,,13826,5,,,0,100,,13827,5,,,0,100,,13828,5,,,0,100,,13829,5,,,0,100,,13830,5,,,0,100,,13831,5,,,0,100,,13832,5,,,0,100,,13833,5,,,0,100,,13834,5,,,0,100,,13835,5,,,0
8201,'244.0.3',847,,13836,5,,,0,100,,13837,5,,,0,100,,13838,5,,,0,100,,13839,5,,,0,100,,13840,5,,,0,100,,13841,5,,,0,100,,13842,5,,,0,99,,13843,5,,,0,67,,13844,5,,,0,30,,13845,5,,,0,70,,13846,5,,,0,30,,13847,5,,,0,69,,13848,5,,,0,35,,13849,5,,,0,100,,13850,5,,,0,100,,13851,5,,,0,100,,13852,5,,,0,100,,13853,5,,,0
8401,'244.0.1',602,,14021,5,,,0,100,,14022,5,,,0,100,,14023,5,,,0,100,,14024,5,,,0,100,,14025,5,,,0,100,,14026,5,,,0,100,,14027,5,,,0,100,,14028,5,,,0,100,,14029,5,,,0,100,,14030,5,,,0,100,,14031,5,,,0,100,,14032,5,,,0,100,,14033,5,,,0,100,,14034,5,,,0,100,,14035,5,,,0,100,,14036,5,,,0,100,,14037,5,,,0
8401,'244.0.2',607,,14038,5,,,0,100,,14039,5,,,0,100,,14040,5,,,0,100,,14041,5,,,0,100,,14042,5,,,0,100,,14043,5,,,0,100,,14044,5,,,0,100,,14045,5,,,0,100,,14046,5,,,0,100,,14047,5,,,0,100,,14048,5,,,0,100,,14049,5,,,0,100,,14050,5,,,0,100,,14051,5,,,0,100,,14052,5,,,0,100,,14053,5,,,0,100,,14054,5,,,0
8401,'244.0.3',507,,14055,5,,,0,30,,14056,5,,,0,70,,14057,5,,,0,15,,14058,5,,,0,15,,14086,5,,,0,15,,14059,5,,,0,55,,14060,5,,,0,15,,14061,5,,,0,15,,14062,5,,,0,15,,14063,5,,,0,55,,14064,5,,,0,15,,14065,5,,,0,15,,14066,5,,,0,15,,14087,5,,,0,55,,14067,5,,,0,100,,14068,5,,,0,100,,14069,5,,,0,100,,14070,5,,,0,100,,14071,5,,,0,100,,14072,5,,,0,100,,14073,5,,,0,30,,14074,5,,,0,71,,14075,5,,,0,30,,14076,5,,,0,70,,14077,5,,,0,30,,14078,5,,,0,69,,14079,5,,,0,100,,14080,5,,,0,100,,14081,5,,,0,100,,14082,5,,,0,100,,14083,5,,,0,100,,14084,5,,,0,100,,14085,5,,,0
8500,'244.0.1',618,,14088,5,,,0,100,,14089,5,,,0,100,,14090,5,,,0,100,,14091,5,,,0,100,,14092,5,,,0,101,,14093,5,,,0,100,,14094,5,,,0,100,,14095,5,,,0,100,,14096,5,,,0,99,,14097,5,,,0,100,,14098,5,,,0,100,,14099,5,,,0,100,,14100,5,,,0,100,,14101,5,,,0,100,,14102,5,,,0,100,,14103,5,,,0,100,,14104,5,,,0
8500,'244.0.2',623,,14105,5,,,0,100,,14106,5,,,0,100,,14107,5,,,0,100,,14108,5,,,0,100,,14109,5,,,0,100,,14110,5,,,0,100,,14111,5,,,0,100,,14112,5,,,0,100,,14113,5,,,0,101,,14114,5,,,0,100,,14115,5,,,0,100,,14116,5,,,0,100,,14117,5,,,0,99,,14118,5,,,0,100,,14119,5,,,0,100,,14120,5,,,0
8500,'244.0.3',535,,14121,5,,,0,15,,14143,5,,,0,55,,14122,5,,,0,15,,14123,5,,,0,15,,14124,5,,,0,15,,14125,5,,,0,55,,14126,5,,,0,15,,14127,5,,,0,14,,14128,5,,,0,15,,14129,5,,,0,55,,14130,5,,,0,15,,14144,5,,,0,17,,14131,5,,,0,100,,14132,5,,,0,100,,14133,5,,,0,100,,14134,5,,,0,100,,14135,5,,,0,100,,14136,5,,,0,100,,14137,5,,,0,100,,14138,5,,,0,415,,14139,5,,,0,100,,14140,5,,,0,100,,14141,5,,,0,100,,14142,5,,,0
8600,'244.0.1',614,,14204,5,,,0,100,,14205,5,,,0,100,,14206,5,,,0,100,,14207,5,,,0,100,,14208,5,,,0,100,,14209,5,,,0,100,,14210,5,,,0,100,,14211,5,,,0,100,,14212,5,,,0,100,,14213,5,,,0,100,,14214,5,,,0,101,,14215,5,,,0,100,,14216,5,,,0,100,,14217,5,,,0,100,,14218,5,,,0,100,,14219,5,,,0,100,,14220,5,,,0
8600,'244.0.2',620,,14221,5,,,0,100,,14222,5,,,0,100,,14223,5,,,0,100,,14224,5,,,0,100,,14225,5,,,0,100,,14226,5,,,0,100,,14227,5,,,0,100,,14228,5,,,0,100,,14229,5,,,0,100,,14230,5,,,0,100,,14231,5,,,0,100,,14232,5,,,0,100,,14233,5,,,0,100,,14234,5,,,0,100,,14235,5,,,0,100,,14236,5,,,0
8600,'244.0.3',533,,14237,5,,,0,68,,14238,5,,,0,30,,14239,5,,,0,69,,14240,5,,,0,29,,14241,5,,,0,28,,14242,5,,,0,65,,14243,5,,,0,100,,14244,5,,,0,100,,14245,5,,,0,100,,14246,5,,,0,100,,14247,5,,,0,100,,14248,5,,,0,100,,14249,5,,,0,100,,14250,5,,,0,420,,14251,5,,,0,100,,14252,5,,,0,100,,14253,5,,,0,100,,14254,5,,,0
18201,'244.0.3',524,,15035,5,,,0,15,,15036,5,,,0,15,,15037,5,,,0,55,,15038,5,,,0,15,,15039,5,,,0,13,,15040,5,,,0,14,,15041,5,,,0,55,,15047,5,,,0,15,,15042,5,,,0,15,,15043,5,,,0,15,,15044,5,,,0,55,,15046,5,,,0,15,,15045,5,,,0
18500,'244.0.3',1549,,15061,14,,,0,55,,15062,14,,,0,15,,15063,14,,,0,20,,15064,14,,,0,15,,15065,14,,,0,60,,15066,14,,,0,15,,15067,14,,,0,15,,15068,14,,,0,8,,15069,14,,,0,48,,15072,14,,,0,15,,15070,14,,,0,15,,15073,14,,,0,15,,15071,14,,,0,55,,15074,14,,,0
18600,'244.0.3',1554,,15087,14,,,0,75,,15088,14,,,0,74,,15089,14,,,0,29,,15092,14,,,0,22,,15090,14,,,0,66,,15091,14,,,0
