200,'259.0.1',619,,18165,20,,,0,100,,18166,20,,,0,100,,18167,20,,,0,15,,18168,20,,,0,15,,18169,20,,,0,55,,18170,20,,,0,15,,18171,20,,,0,15,,18172,20,,,0,15,,18173,20,,,0,55,,18174,20,,,0,15,,18175,20,,,0,15,,18176,20,,,0,16,,18177,20,,,0,56,,18178,20,,,0,15,,18179,20,,,0,15,,18180,20,,,0,15,,18181,20,,,0,55,,18182,20,,,0,15,,18183,20,,,0,15,,18184,20,,,0,15,,18185,20,,,0,55,,18186,20,,,0,15,,18187,20,,,0,15,,18188,20,,,0,15,,18189,20,,,0,55,,18190,20,,,0,15,,18191,20,,,0,15,,18192,20,,,0,15,,18193,20,,,0,55,,18194,20,,,0,15,,18195,20,,,0,15,,18196,20,,,0,15,,18197,20,,,0,55,,18198,20,,,0,15,,18199,20,,,0,15,,18200,20,,,0,15,,18201,20,,,0,55,,18202,20,,,0,15,,18203,20,,,0,15,,18204,20,,,0,15,,18205,20,,,0,55,,18206,20,,,0,15,,18207,20,,,0,15,,18208,20,,,0,15,,18209,20,,,0,55,,18210,20,,,0,15,,18211,20,,,0,15,,18212,20,,,0,70,,18213,20,,,0,30,,18214,20,,,0,69,,18215,20,,,0,29,,18216,20,,,0,70,,18217,20,,,0,30,,18218,20,,,0,70,,18219,20,,,0,30,,18220,20,,,0,70,,18221,20,,,0,30,,18222,20,,,0
200,'259.0.2',608,,18223,20,,,0,100,,18224,20,,,0,100,,18225,20,,,0,30,,18226,20,,,0,20,,18227,20,,,0,60,,18228,20,,,0,20,,18229,20,,,0,20,,18230,20,,,0,60,,18231,20,,,0,20,,18232,20,,,0,62,,18233,20,,,0,20,,18234,20,,,0,20,,18235,20,,,0,60,,18236,20,,,0,20,,18237,20,,,0,20,,18238,20,,,0,60,,18239,20,,,0,20,,18240,20,,,0,20,,18241,20,,,0,60,,18242,20,,,0,20,,18243,20,,,0,20,,18244,20,,,0,60,,18245,20,,,0,20,,18246,20,,,0,20,,18247,20,,,0,60,,18248,20,,,0,20,,18249,20,,,0,20,,18250,20,,,0,60,,18251,20,,,0,20,,18252,20,,,0,20,,18253,20,,,0,60,,18254,20,,,0,20,,18255,20,,,0,29,,18256,20,,,0,68,,18257,20,,,0,30,,18258,20,,,0,70,,18259,20,,,0,30,,18260,20,,,0,70,,18261,20,,,0,30,,18262,20,,,0,70,,18263,20,,,0,30,,18264,20,,,0,70,,18265,20,,,0,30,,18266,20,,,0,70,,18267,20,,,0
200,'259.0.3',549,,18268,20,,,0,70,,18269,20,,,0,30,,18270,20,,,0,55,,18271,20,,,0,15,,18272,20,,,0,15,,18273,20,,,0,17,,18274,20,,,0,55,,18275,20,,,0,15,,18276,20,,,0,15,,18277,20,,,0,15,,18278,20,,,0,55,,18279,20,,,0,15,,18280,20,,,0,15,,18281,20,,,0,15,,18282,20,,,0,55,,18283,20,,,0,15,,18284,20,,,0,15,,18285,20,,,0,15,,18286,20,,,0,55,,18287,20,,,0,15,,18288,20,,,0,15,,18289,20,,,0,15,,18290,20,,,0,55,,18291,20,,,0,17,,18292,20,,,0,15,,18293,20,,,0,15,,18294,20,,,0,55,,18295,20,,,0,15,,18296,20,,,0,15,,18297,20,,,0,15,,18298,20,,,0,55,,18299,20,,,0,15,,18300,20,,,0,15,,18301,20,,,0,15,,18302,20,,,0,55,,18303,20,,,0,16,,18304,20,,,0,17,,18305,20,,,0,15,,18306,20,,,0,55,,18307,20,,,0,15,,18308,20,,,0,15,,18309,20,,,0,15,,18310,20,,,0,55,,18311,20,,,0,15,,18312,20,,,0,15,,18313,20,,,0,13,,18314,20,,,0,51,,18315,20,,,0,15,,18316,20,,,0,15,,18317,20,,,0,15,,18318,20,,,0,55,,18319,20,,,0,30,,18320,20,,,0,70,,18321,20,,,0,30,,18322,20,,,0,70,,18323,20,,,0,30,,18324,20,,,0,70,,18325,20,,,0,30,,18326,20,,,0,70,,18327,20,,,0,30,,18328,20,,,0,70,,18329,20,,,0,30,,18330,20,,,0
2200,'259.0.1',615,,19795,1,,,0,30,,19796,1,,,0,70,,19797,1,,,0,30,,19798,1,,,0,70,,19799,1,,,0,30,,19800,1,,,0,70,,19801,1,,,0,30,,19802,1,,,0,70,,19803,1,,,0,30,,19804,1,,,0,70,,19805,1,,,0,35,,19806,1,,,0,70,,19807,1,,,0,30,,19808,1,,,0,70,,19809,1,,,0,30,,19810,1,,,0,70,,19811,1,,,0,30,,19812,1,,,0,70,,19813,1,,,0,30,,19814,1,,,0,70,,19815,1,,,0,30,,19816,1,,,0,70,,19817,1,,,0,30,,19818,1,,,0,70,,19819,1,,,0,25,,19820,1,,,0,70,,19821,1,,,0,30,,19822,1,,,0,70,,19823,1,,,0,30,,19824,1,,,0,70,,19825,1,,,0,30,,19826,1,,,0,70,,19827,1,,,0,30,,19828,1,,,0,70,,19829,1,,,0,30,,19830,1,,,0
2200,'259.0.2',635,,19831,1,,,0,70,,19832,1,,,0,30,,19833,1,,,0,70,,19834,1,,,0,30,,19835,1,,,0,70,,19836,1,,,0,30,,19837,1,,,0,70,,19838,1,,,0,30,,19839,1,,,0,70,,19840,1,,,0,30,,19841,1,,,0,70,,19842,1,,,0,30,,19843,1,,,0,70,,19844,1,,,0,30,,19845,1,,,0,70,,19846,1,,,0,30,,19847,1,,,0,70,,19848,1,,,0,30,,19849,1,,,0,70,,19850,1,,,0,30,,19851,1,,,0,70,,19852,1,,,0,30,,19853,1,,,0,70,,19854,1,,,0,30,,19855,1,,,0,70,,19856,1,,,0,30,,19857,1,,,0,70,,19858,1,,,0,30,,19859,1,,,0,70,,19860,1,,,0,30,,19861,1,,,0,70,,19862,1,,,0,30,,19863,1,,,0,70,,19864,1,,,0,30,,19865,1,,,0
2200,'259.0.3',625,,19866,1,,,0,30,,19867,1,,,0,70,,19868,1,,,0,30,,19869,1,,,0,70,,19870,1,,,0,30,,19871,1,,,0,70,,19872,1,,,0,27,,19873,1,,,0,70,,19874,1,,,0,30,,19875,1,,,0,74,,19876,1,,,0,26,,19877,1,,,0,70,,19878,1,,,0,30,,19879,1,,,0,70,,19880,1,,,0,30,,19881,1,,,0,70,,19882,1,,,0,33,,19883,1,,,0,70,,19884,1,,,0,30,,19885,1,,,0,70,,19886,1,,,0,30,,19887,1,,,0,70,,19888,1,,,0,30,,19889,1,,,0,70,,19890,1,,,0,27,,19891,1,,,0,70,,19892,1,,,0,30,,19893,1,,,0,70,,19894,1,,,0,30,,19895,1,,,0,70,,19896,1,,,0,30,,19897,1,,,0,70,,19898,1,,,0,30,,19899,1,,,0,70,,19900,1,,,0,30,,19901,1,,,0
2201,'259.0.1',600,,19902,20,4,,0,30,,19903,20,4,,0,70,,19904,20,4,,0,30,,19905,20,4,,0,70,,19906,20,4,,0,30,,19907,20,4,,0,70,,19908,20,4,,0,30,,19909,20,4,,0,70,,19910,20,4,,0,30,,19911,20,4,,0,70,,19912,20,4,,0,30,,19913,20,4,,0,70,,19914,20,4,,0,30,,19915,20,4,,0,70,,19916,20,4,,0,30,,19917,20,4,,0,70,,19918,20,4,,0,30,,19919,20,4,,0,70,,19920,20,4,,0,30,,19921,20,4,,0,70,,19922,20,4,,0,30,,19923,20,4,,0,70,,19924,20,4,,0,30,,19925,20,4,,0,70,,19926,20,4,,0,30,,19927,20,4,,0,70,,19928,20,4,,0,30,,19929,20,4,,0,70,,19930,20,4,,0,30,,19931,20,4,,0,70,,19932,20,4,,0,30,,19933,20,4,,0,70,,19934,20,4,,0,30,,19935,20,4,,0,70,,19936,20,4,,0,30,,19937,20,4,,0
2201,'259.0.2',550,,19938,20,4,,0,70,,19939,20,4,,0,30,,19940,20,4,,0,70,,19941,20,4,,0,30,,19942,20,4,,0,70,,19943,20,4,,0,30,,19944,20,4,,0,70,,19945,20,4,,0,30,,19946,20,4,,0,70,,19947,20,4,,0,30,,19948,20,4,,0,70,,19949,20,4,,0,30,,19950,20,4,,0,70,,19951,20,4,,0,30,,19952,20,4,,0,70,,19953,20,4,,0,30,,19954,20,4,,0,70,,19955,20,4,,0,30,,19956,20,4,,0,70,,19957,20,4,,0,30,,19958,20,4,,0,70,,19959,20,4,,0,30,,19960,20,4,,0,70,,19961,20,4,,0,30,,19962,20,4,,0,70,,19963,20,4,,0,30,,19964,20,4,,0,70,,19965,20,4,,0,30,,19966,20,4,,0,70,,19967,20,4,,0,30,,19968,20,4,,0,70,,19969,20,4,,0,30,,19970,20,4,,0,70,,19971,20,4,,0,30,,19972,20,4,,0,70,,19973,20,4,,0,30,,19974,20,4,,0
2201,'259.0.3',613,,19975,20,4,,0,30,,19976,20,4,,0,70,,19977,20,4,,0,30,,19978,20,4,,0,70,,19979,20,4,,0,30,,19980,20,4,,0,68,,19981,20,4,,0,29,,19982,20,4,,0,70,,19983,20,4,,0,30,,19984,20,4,,0,70,,19985,20,4,,0,30,,19986,20,4,,0,70,,19987,20,4,,0,30,,19988,20,4,,0,70,,19989,20,4,,0,30,,19990,20,4,,0,70,,19991,20,4,,0,30,,19992,20,4,,0,70,,19993,20,4,,0,30,,19994,20,4,,0,70,,19995,20,4,,0,30,,19996,20,4,,0,70,,19997,20,4,,0,30,,19998,20,4,,0,70,,19999,20,4,,0,30,,20000,20,4,,0,70,,20001,20,4,,0,30,,20002,20,4,,0,70,,20003,20,4,,0,30,,20004,20,4,,0,70,,20005,20,4,,0,30,,20006,20,4,,0,70,,20007,20,4,,0,30,,20008,20,4,,0,70,,20009,20,4,,0,30,,20010,20,4,,0
2500,'259.0.1',734,,20228,1,,,0,100,,20229,1,,,0,100,,20230,1,,,0,100,,20231,1,,,0,99,,20232,1,,,0,100,,20233,1,,,0,100,,20234,1,,,0,100,,20235,1,,,0,100,,20236,1,,,0,100,,20237,1,,,0,100,,20238,1,,,0,100,,20239,1,,,0,100,,20240,1,,,0,100,,20241,1,,,0,100,,20242,1,,,0,100,,20243,1,,,0
2500,'259.0.2',834,,20245,1,,,0,100,,20246,1,,,0,100,,20247,1,,,0,100,,20248,1,,,0,100,,20249,1,,,0,100,,20250,1,,,0,100,,20251,1,,,0,100,,20252,1,,,0,100,,20253,1,,,0,100,,20254,1,,,0,100,,20255,1,,,0,100,,20256,1,,,0,100,,20257,1,,,0,100,,20258,1,,,0
2500,'259.0.3',537,,20259,1,,,0,70,,20260,1,,,0,30,,20261,1,,,0,70,,20262,1,,,0,30,,20263,1,,,0,70,,20264,1,,,0,30,,20265,1,,,0,70,,20266,1,,,0,100,,20267,1,,,0,100,,20268,1,,,0,100,,20269,1,,,0,100,,20270,1,,,0,100,,20271,1,,,0,100,,20272,1,,,0,30,,20273,1,,,0,70,,20274,1,,,0,30,,20275,1,,,0,70,,20276,1,,,0,30,,20277,1,,,0,70,,20278,1,,,0,30,,20279,1,,,0,70,,20280,1,,,0,100,,20281,1,,,0,100,,20282,1,,,0,100,,20283,1,,,0,100,,20284,1,,,0
2501,'259.0.1',713,,20285,27,4,,0,100,,20286,27,4,,0,100,,20287,27,4,,0,100,,20288,27,4,,0,100,,20289,27,4,,0,100,,20290,27,4,,0,100,,20291,27,4,,0,100,,20292,27,4,,0,100,,20293,27,4,,0,100,,20294,27,4,,0,100,,20295,27,4,,0,100,,20296,27,4,,0,100,,20297,27,4,,0,100,,20298,27,4,,0,100,,20299,27,4,,0,100,,20300,27,4,,0
2501,'259.0.2',813,,20301,27,4,,0,100,,20302,27,4,,0,100,,20303,27,4,,0,100,,20304,27,4,,0,100,,20305,27,4,,0,100,,20306,27,4,,0,100,,20307,27,4,,0,100,,20308,27,4,,0,100,,20309,27,4,,0,100,,20310,27,4,,0,100,,20311,27,4,,0,100,,20312,27,4,,0,100,,20313,27,4,,0,100,,20314,27,4,,0
2501,'259.0.3',616,,20315,27,4,,0,30,,20316,27,4,,0,70,,20317,27,4,,0,38,,20318,27,4,,0,64,,20319,27,4,,0,30,,20320,27,4,,0,70,,20321,27,4,,0,28,,20322,27,4,,0,100,,20323,27,4,,0,100,,20324,27,4,,0,100,,20325,27,4,,0,100,,20326,27,4,,0,100,,20327,27,4,,0,100,,20328,27,4,,0,74,,20329,27,4,,0,32,,20330,27,4,,0,72,,20331,27,4,,0,26,,20332,27,4,,0,69,,20333,27,4,,0,26,,20334,27,4,,0,70,,20335,27,4,,0,30,,20336,27,4,,0,100,,20337,27,4,,0,100,,20338,27,4,,0,100,,20339,27,4,,0,100,,20340,27,4,,0
2600,'259.0.3',729,,20341,10,4,,0,73,,20342,10,4,,0,27,,20343,10,4,,0,698,,20346,10,4,,0,85,,20344,10,4,,0,30,,20345,10,4,,0,99,,20347,10,4,,0
2601,'259.0.3',710,,20348,1,,,0,30,,20349,1,,,0,70,,20350,1,,,0,700,,20353,1,,,0,45,,20351,1,,,0,70,,20352,1,,,0,100,,20354,1,,,0
2800,'259.0.1',706,,20355,1,,,0,30,,20356,1,,,0,70,,20357,1,,,0,30,,20358,1,,,0,70,,20359,1,,,0,30,,20360,1,,,0,70,,20361,1,,,0,30,,20362,1,,,0,70,,20363,1,,,0,30,,20364,1,,,0,70,,20365,1,,,0,30,,20366,1,,,0,70,,20367,1,,,0,30,,20368,1,,,0,70,,20369,1,,,0,30,,20370,1,,,0,70,,20371,1,,,0,30,,20372,1,,,0,70,,20373,1,,,0,30,,20374,1,,,0,70,,20375,1,,,0,30,,20376,1,,,0,70,,20377,1,,,0,30,,20378,1,,,0,70,,20379,1,,,0,30,,20380,1,,,0,70,,20381,1,,,0,30,,20382,1,,,0,70,,20383,1,,,0,30,,20384,1,,,0,70,,20385,1,,,0,30,,20386,1,,,0,70,,20387,1,,,0,30,,20388,1,,,0
2800,'259.0.2',725,,20389,1,,,0,100,,20390,1,,,0,100,,20391,1,,,0,100,,20392,1,,,0,100,,20393,1,,,0,100,,20394,1,,,0,100,,20395,1,,,0,100,,20396,1,,,0,100,,20397,1,,,0,100,,20398,1,,,0,100,,20399,1,,,0,100,,20400,1,,,0,100,,20401,1,,,0,100,,20402,1,,,0,100,,20403,1,,,0,100,,20404,1,,,0,100,,20405,1,,,0
2800,'259.0.3',618,,20406,1,,,0,30,,20407,1,,,0,70,,20408,1,,,0,30,,20409,1,,,0,70,,20410,1,,,0,30,,20411,1,,,0,70,,20412,1,,,0,30,,20413,1,,,0,70,,20414,1,,,0,30,,20415,1,,,0,68,,20416,1,,,0,30,,20417,1,,,0,70,,20418,1,,,0,30,,20419,1,,,0,70,,20420,1,,,0,30,,20421,1,,,0,70,,20422,1,,,0,29,,20423,1,,,0,70,,20424,1,,,0,30,,20425,1,,,0,70,,20426,1,,,0,30,,20427,1,,,0,70,,20428,1,,,0,33,,20429,1,,,0,70,,20430,1,,,0,30,,20431,1,,,0,70,,20432,1,,,0,30,,20433,1,,,0,70,,20434,1,,,0,100,,20435,1,,,0,100,,20436,1,,,0,100,,20437,1,,,0
2801,'259.0.1',739,,20438,32,4,,0,70,,20439,32,4,,0,30,,20440,32,4,,0,72,,20441,32,4,,0,30,,20442,32,4,,0,70,,20443,32,4,,0,30,,20444,32,4,,0,70,,20445,32,4,,0,34,,20446,32,4,,0,71,,20447,32,4,,0,30,,20448,32,4,,0,70,,20449,32,4,,0,30,,20450,32,4,,0,70,,20451,32,4,,0,30,,20452,32,4,,0,70,,20453,32,4,,0,30,,20454,32,4,,0,70,,20455,32,4,,0,30,,20456,32,4,,0,70,,20457,32,4,,0,30,,20458,32,4,,0,70,,20459,32,4,,0,25,,20460,32,4,,0,69,,20461,32,4,,0,30,,20462,32,4,,0,70,,20463,32,4,,0,30,,20464,32,4,,0,70,,20465,32,4,,0,30,,20466,32,4,,0,70,,20467,32,4,,0,30,,20468,32,4,,0,70,,20469,32,4,,0,30,,20470,32,4,,0,70,,20471,32,4,,0,30,,20472,32,4,,0
2801,'259.0.2',728,,20473,32,4,,0,100,,20474,32,4,,0,100,,20475,32,4,,0,103,,20476,32,4,,0,104,,20477,32,4,,0,100,,20478,32,4,,0,100,,20479,32,4,,0,100,,20480,32,4,,0,100,,20481,32,4,,0,100,,20482,32,4,,0,100,,20483,32,4,,0,96,,20484,32,4,,0,100,,20485,32,4,,0,100,,20486,32,4,,0,100,,20487,32,4,,0,100,,20488,32,4,,0,100,,20489,32,4,,0
2801,'259.0.3',648,,20490,32,4,,0,72,,20491,32,4,,0,36,,20492,32,4,,0,70,,20493,32,4,,0,30,,20494,32,4,,0,66,,20495,32,4,,0,29,,20496,32,4,,0,65,,20497,32,4,,0,30,,20498,32,4,,0,70,,20499,32,4,,0,33,,20500,32,4,,0,70,,20501,32,4,,0,30,,20502,32,4,,0,70,,20503,32,4,,0,30,,20504,32,4,,0,70,,20505,32,4,,0,30,,20506,32,4,,0,70,,20507,32,4,,0,39,,20508,32,4,,0,70,,20509,32,4,,0,30,,20510,32,4,,0,70,,20511,32,4,,0,30,,20512,32,4,,0,65,,20513,32,4,,0,26,,20514,32,4,,0,70,,20515,32,4,,0,30,,20516,32,4,,0,70,,20517,32,4,,0,100,,20518,32,4,,0,100,,20519,32,4,,0,100,,20520,32,4,,0,100,,20521,32,4,,0
41500,'259.0.3',622,,24126,1,,,0,100,,24127,1,,,0,100,,24128,1,,,0,100,,24129,1,,,0,523,,24133,1,,,0,100,,24130,1,,,0,100,,24131,1,,,0,100,,24132,1,,,0
41501,'259.0.3',658,,24134,28,4,,0,148,,24135,28,4,,0,53,,24136,28,4,,0,98,,24137,28,4,,0,563,,24141,28,4,,0,105,,24138,28,4,,0,101,,24139,28,4,,0,98,,24140,28,4,,0
1000901,'259.0.1',703,,24620,34,,,0,100,,24621,34,,,0,101,,24622,34,,,0,100,,24623,34,,,0,100,,24624,34,,,0,100,,24625,34,,,0,100,,24626,34,,,0,100,,24627,34,,,0,100,,24628,34,,,0,100,,24629,34,,,0,100,,24630,34,,,0,97,,24631,34,,,0,100,,24632,34,,,0,100,,24633,34,,,0,58,,24634,34,,,0,100,,24635,34,,,0,100,,24636,34,,,0,100,,24637,34,,,0
1000901,'259.0.2',700,,24638,34,,,0,58,,24639,34,,,0,143,,24640,34,,,0,100,,24641,34,,,0,100,,24642,34,,,0,100,,24643,34,,,0,100,,24644,34,,,0,100,,24645,34,,,0,100,,24646,34,,,0,100,,24647,34,,,0,100,,24648,34,,,0,100,,24649,34,,,0,100,,24650,34,,,0,100,,24651,34,,,0,56,,24652,34,,,0,100,,24653,34,,,0,100,,24654,34,,,0,100,,24655,34,,,0
1000901,'259.0.3',547,,24656,34,,,0,67,,24657,34,,,0,25,,24658,34,,,0,10,,24659,34,,,0,5,,24660,34,,,0,55,,24661,34,,,0,23,,24662,34,,,0,5,,24663,34,,,0,15,,24664,34,,,0,50,,24665,34,,,0,20,,24666,34,,,0,10,,24667,34,,,0,20,,24668,34,,,0,49,,24669,34,,,0,8,,24670,34,,,0,10,,24671,34,,,0,25,,24672,34,,,0,15,,24673,34,,,0,55,,24674,34,,,0,30,,24675,34,,,0,15,,24676,34,,,0,55,,24677,34,,,0,30,,24678,34,,,0,15,,24679,34,,,0,55,,24680,34,,,0,30,,24681,34,,,0,15,,24682,34,,,0,55,,24683,34,,,0,30,,24684,34,,,0,15,,24685,34,,,0,55,,24686,34,,,0,30,,24687,34,,,0,15,,24688,34,,,0,55,,24689,34,,,0,29,,24690,34,,,0,65,,24691,34,,,0,5,,24692,34,,,0,25,,24693,34,,,0,10,,24694,34,,,0,60,,24695,34,,,0,10,,24696,34,,,0,20,,24697,34,,,0,10,,24698,34,,,0,60,,24699,34,,,0,10,,24700,34,,,0,17,,24701,34,,,0,10,,24702,34,,,0,65,,24703,34,,,0,30,,24704,34,,,0,71,,24705,34,,,0,29,,24706,34,,,0,70,,24707,34,,,0,28,,24708,34,,,0,70,,24709,34,,,0,35,,24710,34,,,0,60,,24711,34,,,0,40,,24712,34,,,0,60,,24713,34,,,0,40,,24714,34,,,0,60,,24715,34,,,0
2000901,'259.0.1',633,,25643,50,,,0,100,,25644,50,,,0,99,,25645,50,,,0,102,,25646,50,,,0,100,,25647,50,,,0,100,,25648,50,,,0,100,,25649,50,,,0,100,,25650,50,,,0,100,,25651,50,,,0,100,,25652,50,,,0,100,,25653,50,,,0,100,,25654,50,,,0,97,,25655,50,,,0,100,,25656,50,,,0,98,,25657,50,,,0,100,,25658,50,,,0,100,,25659,50,,,0,100,,25660,50,,,0,100,,25661,50,,,0
2000901,'259.0.2',630,,25662,50,,,0,100,,25663,50,,,0,98,,25664,50,,,0,103,,25665,50,,,0,100,,25666,50,,,0,100,,25667,50,,,0,100,,25668,50,,,0,100,,25669,50,,,0,100,,25670,50,,,0,100,,25671,50,,,0,100,,25672,50,,,0,100,,25673,50,,,0,100,,25674,50,,,0,100,,25675,50,,,0,96,,25676,50,,,0,100,,25677,50,,,0,100,,25678,50,,,0,99,,25679,50,,,0,100,,25680,50,,,0
2000901,'259.0.3',559,,25681,50,,,0,70,,25682,50,,,0,30,,25683,50,,,0,83,,25684,50,,,0,70,,25685,50,,,0,30,,25686,50,,,0,58,,25687,50,,,0,29,,25688,50,,,0,100,,25689,50,,,0,100,,25690,50,,,0,100,,25691,50,,,0,100,,25692,50,,,0,100,,25693,50,,,0,99,,25694,50,,,0,30,,25695,50,,,0,70,,25696,50,,,0,30,,25697,50,,,0,70,,25698,50,,,0,30,,25699,50,,,0,68,,25700,50,,,0,29,,25701,50,,,0,70,,25702,50,,,0,30,,25703,50,,,0,70,,25704,50,,,0,30,,25705,50,,,0,70,,25706,50,,,0,22,,25707,50,,,0,70,,25708,50,,,0,100,,25709,50,,,0,100,,25710,50,,,0
