8200,'259.0.1',627,,22580,32,,,0,100,,22581,32,,,0,100,,22582,32,,,0,100,,22583,32,,,0,100,,22584,32,,,0,100,,22585,32,,,0,100,,22586,32,,,0,100,,22587,32,,,0,100,,22588,32,,,0,100,,22589,32,,,0,100,,22590,32,,,0,100,,22591,32,,,0,100,,22592,32,,,0,100,,22593,32,,,0,100,,22594,32,,,0,100,,22595,32,,,0,100,,22596,32,,,0
8200,'259.0.2',629,,22597,32,,,0,100,,22598,32,,,0,100,,22599,32,,,0,100,,22600,32,,,0,100,,22601,32,,,0,100,,22602,32,,,0,100,,22603,32,,,0,100,,22604,32,,,0,100,,22605,32,,,0,100,,22606,32,,,0,100,,22607,32,,,0,100,,22608,32,,,0,100,,22609,32,,,0,100,,22610,32,,,0,100,,22611,32,,,0,100,,22612,32,,,0
8200,'259.0.3',615,,22613,32,,,0,27,,22614,32,,,0,69,,22615,32,,,0,30,,22616,32,,,0,70,,22617,32,,,0,92,,22618,32,,,0,28,,22619,32,,,0,100,,22620,32,,,0,100,,22621,32,,,0,100,,22622,32,,,0,100,,22623,32,,,0,100,,22624,32,,,0,103,,22625,32,,,0,466,,22626,32,,,0,100,,22627,32,,,0,100,,22628,32,,,0,100,,22629,32,,,0
8400,'259.0.1',709,,22782,30,,,0,100,,22783,30,,,0,100,,22784,30,,,0,100,,22785,30,,,0,102,,22786,30,,,0,97,,22787,30,,,0,100,,22788,30,,,0,100,,22789,30,,,0,100,,22790,30,,,0,100,,22791,30,,,0,100,,22792,30,,,0,100,,22793,30,,,0,97,,22794,30,,,0,105,,22795,30,,,0,100,,22796,30,,,0,100,,22797,30,,,0,100,,22798,30,,,0
8400,'259.0.2',714,,22799,30,,,0,100,,22800,30,,,0,100,,22801,30,,,0,100,,22802,30,,,0,101,,22803,30,,,0,96,,22804,30,,,0,100,,22805,30,,,0,100,,22806,30,,,0,100,,22807,30,,,0,100,,22808,30,,,0,104,,22809,30,,,0,100,,22810,30,,,0,100,,22811,30,,,0,100,,22812,30,,,0,98,,22813,30,,,0,100,,22814,30,,,0,100,,22815,30,,,0
8400,'259.0.3',622,,22846,30,,,0,30,,22816,30,,,0,70,,22817,30,,,0,31,,22818,30,,,0,71,,22819,30,,,0,30,,22820,30,,,0,70,,22821,30,,,0,101,,22822,30,,,0,100,,22823,30,,,0,100,,22824,30,,,0,100,,22825,30,,,0,100,,22826,30,,,0,108,,22827,30,,,0,70,,22828,30,,,0,15,,22829,30,,,0,15,,22830,30,,,0,15,,22831,30,,,0,55,,22832,30,,,0,15,,22833,30,,,0,15,,22834,30,,,0,11,,22835,30,,,0,14,,22836,30,,,0,55,,22837,30,,,0,12,,22838,30,,,0,15,,22847,30,,,0,14,,22839,30,,,0,98,,22840,30,,,0,100,,22841,30,,,0,100,,22842,30,,,0,100,,22843,30,,,0,103,,22844,30,,,0,103,,22845,30,,,0
8501,'259.0.1',635,,22972,20,,,0,100,,22973,20,,,0,101,,22974,20,,,0,101,,22975,20,,,0,101,,22976,20,,,0,102,,22977,20,,,0,100,,22978,20,,,0,100,,22979,20,,,0,100,,22980,20,,,0,98,,22981,20,,,0,100,,22982,20,,,0,100,,22983,20,,,0,99,,22984,20,,,0,99,,22985,20,,,0,99,,22986,20,,,0,100,,22987,20,,,0,100,,22988,20,,,0
8501,'259.0.2',639,,22989,20,,,0,100,,22990,20,,,0,101,,22991,20,,,0,100,,22992,20,,,0,100,,22993,20,,,0,102,,22994,20,,,0,100,,22995,20,,,0,100,,22996,20,,,0,100,,22997,20,,,0,101,,22998,20,,,0,98,,22999,20,,,0,100,,23000,20,,,0,100,,23001,20,,,0,98,,23002,20,,,0,100,,23003,20,,,0,100,,23004,20,,,0
8501,'259.0.3',853,,23005,20,,,0,101,,23006,20,,,0,101,,23007,20,,,0,101,,23008,20,,,0,100,,23009,20,,,0,100,,23010,20,,,0,100,,23011,20,,,0,100,,23012,20,,,0,52,,23013,20,,,0,16,,23014,20,,,0,15,,23015,20,,,0,61,,23016,20,,,0,15,,23017,20,,,0,20,,23018,20,,,0,15,,23019,20,,,0,55,,23020,20,,,0,7,,23021,20,,,0,13,,23028,20,,,0,9,,23022,20,,,0,15,,23029,20,,,0,55,,23023,20,,,0,15,,23030,20,,,0,92,,23024,20,,,0,100,,23025,20,,,0,100,,23026,20,,,0,100,,23027,20,,,0
8601,'259.0.1',645,,23082,19,,,0,100,,23083,19,,,0,100,,23084,19,,,0,102,,23085,19,,,0,100,,23086,19,,,0,100,,23087,19,,,0,100,,23088,19,,,0,101,,23089,19,,,0,100,,23090,19,,,0,100,,23091,19,,,0,98,,23092,19,,,0,100,,23093,19,,,0,100,,23094,19,,,0,100,,23095,19,,,0,100,,23096,19,,,0,100,,23097,19,,,0,100,,23098,19,,,0
8601,'259.0.2',651,,23099,19,,,0,100,,23100,19,,,0,100,,23101,19,,,0,101,,23102,19,,,0,100,,23103,19,,,0,100,,23104,19,,,0,100,,23105,19,,,0,100,,23106,19,,,0,99,,23107,19,,,0,100,,23108,19,,,0,100,,23109,19,,,0,100,,23110,19,,,0,100,,23111,19,,,0,100,,23112,19,,,0,100,,23113,19,,,0,100,,23114,19,,,0
8601,'259.0.3',855,,23115,19,,,0,100,,23116,19,,,0,100,,23117,19,,,0,100,,23118,19,,,0,100,,23119,19,,,0,100,,23120,19,,,0,100,,23121,19,,,0,104,,23122,19,,,0,71,,23123,19,,,0,75,,23124,19,,,0,34,,23125,19,,,0,68,,23126,19,,,0,22,,23127,19,,,0,25,,23128,19,,,0,160,,23129,19,,,0,100,,23130,19,,,0,100,,23131,19,,,0,100,,23132,19,,,0
18200,'259.0.3',1554,,23847,52,,,0,55,,23848,52,,,0,17,,23849,52,,,0,18,,23850,52,,,0,14,,23851,52,,,0,57,,23852,52,,,0,14,,23853,52,,,0,11,,23854,52,,,0,12,,23855,52,,,0,55,,23856,52,,,0,11,,23857,52,,,0,15,,23858,52,,,0,15,,23860,52,,,0,54,,23859,52,,,0,16,,23861,52,,,0
18501,'259.0.3',555,,23902,20,,,0,55,,23912,20,,,0,15,,23903,20,,,0,15,,23904,20,,,0,15,,23905,20,,,0,55,,23911,20,,,0,15,,23906,20,,,0,15,,23907,20,,,0,15,,23908,20,,,0,55,,23909,20,,,0,15,,23910,20,,,0,15,,23913,20,,,0
18601,'259.0.3',603,,23920,19,,,0,30,,23921,19,,,0,70,,23922,19,,,0,30,,23923,19,,,0,70,,23924,19,,,0,30,,23925,19,,,0
