101,'259.0.1',607,,17919,10,,,0,15,,17920,10,,,0,15,,17921,10,,,0,15,,17922,10,,,0,55,,17923,10,,,0,15,,17924,10,,,0,17,,17925,10,,,0,15,,17926,10,,,0,55,,17927,10,,,0,15,,17928,10,,,0,15,,17929,10,,,0,15,,17930,10,,,0,55,,17931,10,,,0,15,,17932,10,,,0,15,,17933,10,,,0,15,,17934,10,,,0,55,,17935,10,,,0,15,,17936,10,,,0,15,,17937,10,,,0,15,,17938,10,,,0,58,,17939,10,,,0,15,,17940,10,,,0,15,,17941,10,,,0,15,,17942,10,,,0,55,,17943,10,,,0,15,,17944,10,,,0,15,,17945,10,,,0,15,,17946,10,,,0,55,,17947,10,,,0,15,,17948,10,,,0,15,,17949,10,,,0,15,,17950,10,,,0,55,,17951,10,,,0,15,,17952,10,,,0,15,,17953,10,,,0,15,,17954,10,,,0,55,,17955,10,,,0,15,,17956,10,,,0,15,,17957,10,,,0,15,,17958,10,,,0,55,,17959,10,,,0,15,,17960,10,,,0,15,,17961,10,,,0,15,,17962,10,,,0,55,,17963,10,,,0,15,,17964,10,,,0,15,,17965,10,,,0,15,,17966,10,,,0,54,,17967,10,,,0,14,,17968,10,,,0,15,,17969,10,,,0,15,,17970,10,,,0,55,,17971,10,,,0,15,,17972,10,,,0,15,,17973,10,,,0,15,,17974,10,,,0,55,,17975,10,,,0,15,,17976,10,,,0,15,,17977,10,,,0,15,,17978,10,,,0,52,,17979,10,,,0,15,,17980,10,,,0,15,,17981,10,,,0,15,,17982,10,,,0,55,,17983,10,,,0,15,,17984,10,,,0,15,,17985,10,,,0,15,,17986,10,,,0,55,,17987,10,,,0,15,,17988,10,,,0,15,,17989,10,,,0,15,,17990,10,,,0,55,,17991,10,,,0,15,,17992,10,,,0,15,,17993,10,,,0
101,'259.0.2',606,,17994,10,,,0,25,,17995,10,,,0,15,,17996,10,,,0,55,,17997,10,,,0,15,,17998,10,,,0,15,,17999,10,,,0,15,,18000,10,,,0,55,,18001,10,,,0,15,,18002,10,,,0,16,,18003,10,,,0,16,,18004,10,,,0,55,,18005,10,,,0,15,,18006,10,,,0,15,,18007,10,,,0,15,,18008,10,,,0,55,,18009,10,,,0,15,,18010,10,,,0,15,,18011,10,,,0,15,,18012,10,,,0,55,,18013,10,,,0,15,,18014,10,,,0,16,,18015,10,,,0,15,,18016,10,,,0,55,,18017,10,,,0,15,,18018,10,,,0,15,,18019,10,,,0,15,,18020,10,,,0,55,,18021,10,,,0,15,,18022,10,,,0,15,,18023,10,,,0,15,,18024,10,,,0,55,,18025,10,,,0,15,,18026,10,,,0,15,,18027,10,,,0,15,,18028,10,,,0,55,,18029,10,,,0,15,,18030,10,,,0,15,,18031,10,,,0,15,,18032,10,,,0,55,,18033,10,,,0,15,,18034,10,,,0,15,,18035,10,,,0,15,,18036,10,,,0,55,,18037,10,,,0,15,,18038,10,,,0,15,,18039,10,,,0,15,,18040,10,,,0,55,,18041,10,,,0,15,,18042,10,,,0,13,,18043,10,,,0,15,,18044,10,,,0,55,,18045,10,,,0,15,,18046,10,,,0,15,,18047,10,,,0,15,,18048,10,,,0,55,,18049,10,,,0,30,,18050,10,,,0,70,,18051,10,,,0,30,,18052,10,,,0,70,,18053,10,,,0,30,,18054,10,,,0,70,,18055,10,,,0,30,,18056,10,,,0,70,,18057,10,,,0
101,'259.0.3',555,,18058,10,,,0,70,,18059,10,,,0,13,,18060,10,,,0,15,,18061,10,,,0,55,,18062,10,,,0,10,,18063,10,,,0,10,,18064,10,,,0,13,,18065,10,,,0,12,,18066,10,,,0,50,,18067,10,,,0,10,,18068,10,,,0,10,,18069,10,,,0,12,,18070,10,,,0,10,,18071,10,,,0,8,,18072,10,,,0,48,,18073,10,,,0,10,,18074,10,,,0,10,,18075,10,,,0,10,,18076,10,,,0,10,,18077,10,,,0,10,,18078,10,,,0,49,,18079,10,,,0,9,,18080,10,,,0,10,,18081,10,,,0,10,,18082,10,,,0,10,,18083,10,,,0,10,,18084,10,,,0,10,,18085,10,,,0,50,,18086,10,,,0,10,,18087,10,,,0,10,,18088,10,,,0,10,,18089,10,,,0,10,,18090,10,,,0,10,,18091,10,,,0,50,,18092,10,,,0,10,,18093,10,,,0,10,,18094,10,,,0,10,,18095,10,,,0,10,,18096,10,,,0,10,,18097,10,,,0,50,,18098,10,,,0,10,,18099,10,,,0,10,,18100,10,,,0,10,,18101,10,,,0,10,,18102,10,,,0,10,,18103,10,,,0,50,,18104,10,,,0,10,,18105,10,,,0,10,,18106,10,,,0,10,,18107,10,,,0,10,,18108,10,,,0,10,,18109,10,,,0,50,,18110,10,,,0,10,,18111,10,,,0,11,,18112,10,,,0,12,,18113,10,,,0,12,,18114,10,,,0,50,,18115,10,,,0,10,,18116,10,,,0,10,,18117,10,,,0,10,,18118,10,,,0,10,,18119,10,,,0,10,,18120,10,,,0,50,,18121,10,,,0,10,,18122,10,,,0,10,,18123,10,,,0,10,,18124,10,,,0,10,,18125,10,,,0,10,,18126,10,,,0,49,,18127,10,,,0,7,,18128,10,,,0,9,,18129,10,,,0,10,,18130,10,,,0,10,,18131,10,,,0,10,,18132,10,,,0,10,,18133,10,,,0,50,,18134,10,,,0,10,,18135,10,,,0,10,,18136,10,,,0,10,,18137,10,,,0,10,,18138,10,,,0,10,,18139,10,,,0,49,,18140,10,,,0,9,,18141,10,,,0,10,,18142,10,,,0,10,,18143,10,,,0,10,,18144,10,,,0,10,,18145,10,,,0,50,,18146,10,,,0,10,,18147,10,,,0,10,,18148,10,,,0,10,,18149,10,,,0,10,,18150,10,,,0,10,,18151,10,,,0,50,,18152,10,,,0,10,,18153,10,,,0,15,,18154,10,,,0,15,,18155,10,,,0,55,,18156,10,,,0,15,,18157,10,,,0,15,,18158,10,,,0,15,,18159,10,,,0,55,,18160,10,,,0,15,,18161,10,,,0,15,,18162,10,,,0,15,,18163,10,,,0,55,,18164,10,,,0
800,'259.0.1',541,,19386,4,,,0,70,,19387,4,,,0,30,,19388,4,,,0,70,,19389,4,,,0,30,,19390,4,,,0,60,,19391,4,,,0,21,,19392,4,,,0,30,,19393,4,,,0,70,,19394,4,,,0,30,,19395,4,,,0,70,,19396,4,,,0,25,,19397,4,,,0,70,,19398,4,,,0,30,,19399,4,,,0,70,,19400,4,,,0,30,,19401,4,,,0,70,,19402,4,,,0,30,,19403,4,,,0,70,,19404,4,,,0,30,,19405,4,,,0,70,,19406,4,,,0,30,,19407,4,,,0,70,,19408,4,,,0,30,,19409,4,,,0,70,,19410,4,,,0,30,,19411,4,,,0,75,,19412,4,,,0,30,,19413,4,,,0,70,,19414,4,,,0,30,,19415,4,,,0,70,,19416,4,,,0,30,,19417,4,,,0,70,,19418,4,,,0,30,,19419,4,,,0,70,,19420,4,,,0,30,,19421,4,,,0,70,,19422,4,,,0,100,,19423,4,,,0
800,'259.0.2',557,,19424,4,,,0,70,,19425,4,,,0,30,,19426,4,,,0,70,,19427,4,,,0,30,,19428,4,,,0,70,,19429,4,,,0,30,,19430,4,,,0,70,,19431,4,,,0,30,,19432,4,,,0,70,,19433,4,,,0,30,,19434,4,,,0,65,,19435,4,,,0,30,,19436,4,,,0,70,,19437,4,,,0,30,,19438,4,,,0,70,,19439,4,,,0,30,,19440,4,,,0,70,,19441,4,,,0,30,,19442,4,,,0,70,,19443,4,,,0,30,,19444,4,,,0,75,,19445,4,,,0,30,,19446,4,,,0,70,,19447,4,,,0,30,,19448,4,,,0,70,,19449,4,,,0,30,,19450,4,,,0,70,,19451,4,,,0,30,,19452,4,,,0,70,,19453,4,,,0,30,,19454,4,,,0,70,,19455,4,,,0,30,,19456,4,,,0,70,,19457,4,,,0,100,,19458,4,,,0,100,,19459,4,,,0
800,'259.0.3',529,,19462,4,,,0,30,,19463,4,,,0,70,,19464,4,,,0,30,,19465,4,,,0,70,,19466,4,,,0,71,,19467,4,,,0,30,,19468,4,,,0,70,,19469,4,,,0,30,,19470,4,,,0,20,,19471,4,,,0,60,,19472,4,,,0,20,,19473,4,,,0,20,,19474,4,,,0,60,,19475,4,,,0,20,,19476,4,,,0,20,,19477,4,,,0,60,,19478,4,,,0,20,,19479,4,,,0,20,,19480,4,,,0,60,,19481,4,,,0,20,,19482,4,,,0,20,,19483,4,,,0,60,,19484,4,,,0,20,,19485,4,,,0,20,,19486,4,,,0,61,,19487,4,,,0,20,,19488,4,,,0,20,,19489,4,,,0,60,,19490,4,,,0,20,,19491,4,,,0,20,,19492,4,,,0,60,,19493,4,,,0,20,,19494,4,,,0,78,,19495,4,,,0,10,,19510,4,,,0,10,,19496,4,,,0,30,,19497,4,,,0,70,,19498,4,,,0,30,,19499,4,,,0,70,,19500,4,,,0,30,,19501,4,,,0,70,,19502,4,,,0,30,,19503,4,,,0,70,,19504,4,,,0,30,,19505,4,,,0,70,,19506,4,,,0,30,,19507,4,,,0,70,,19508,4,,,0,30,,19509,4,,,0
12301,'259.0.3',1523,,23715,3,,,0,30,,23717,3,,,0,70,,23718,3,,,0,30,,23707,3,,,0,70,,23712,3,,,0,29,,23716,3,,,0,70,,23719,3,,,0
12701,'259.0.3',1539,,23729,3,,,0,15,,23730,3,,,0,55,,23731,3,,,0,45,,23732,3,,,0,55,,23733,3,,,0,15,,23734,3,,,0,15,,23735,3,,,0
12701,'259.1141.3',1619,,23736,3,,,0,20,,23737,3,,,0
12701,'259.1143.3',1619,,23738,3,,,0,20,,23739,3,,,0
18201,'259.0.3',614,,23862,51,,,0,15,,23863,51,,,0,15,,23864,51,,,0,56,,23865,51,,,0,19,,23866,51,,,0,17,,23867,51,,,0,17,,23868,51,,,0,52,,23874,51,,,0,15,,23869,51,,,0,15,,23870,51,,,0,15,,23871,51,,,0,55,,23873,51,,,0,15,,23872,51,,,0
18301,'259.0.3',647,,23882,27,,,0,72,,23883,27,,,0,36,,23884,27,,,0,70,,23885,27,,,0,30,,23886,27,,,0,70,,23887,27,,,0
18501,'259.0.3',625,,23902,32,,,0,19,,23912,32,,,0,12,,23903,32,,,0,56,,23904,32,,,0,16,,23905,32,,,0,18,,23911,32,,,0,58,,23906,32,,,0,14,,23907,32,,,0,15,,23908,32,,,0,15,,23909,32,,,0,55,,23910,32,,,0,15,,23913,32,,,0
18601,'259.0.3',632,,23920,31,,,0,72,,23921,31,,,0,32,,23922,31,,,0,75,,23923,31,,,0,29,,23924,31,,,0,70,,23925,31,,,0
19201,'259.0.3',646,,23937,22,,,0,70,,23932,22,,,0,30,,23933,22,,,0,70,,23934,22,,,0,30,,23935,22,,,0,70,,23936,22,,,0
19400,'259.0.3',716,,23938,18,,,0,30,,23939,18,,,0,69,,23940,18,,,0,30,,23941,18,,,0
19601,'259.0.3',718,,23950,33,,,0,29,,23951,33,,,0,65,,23952,33,,,0,34,,23953,33,,,0
1000900,'259.0.1',649,,24530,4,,,0,100,,24531,4,,,0,100,,24532,4,,,0,95,,24533,4,,,0,100,,24534,4,,,0,96,,24535,4,,,0,99,,24536,4,,,0,100,,24537,4,,,0,100,,24538,4,,,0,100,,24539,4,,,0,100,,24540,4,,,0,100,,24541,4,,,0,100,,24542,4,,,0,105,,24543,4,,,0,100,,24544,4,,,0,100,,24545,4,,,0,100,,24546,4,,,0,100,,24547,4,,,0
1000900,'259.0.2',647,,24548,4,,,0,96,,24549,4,,,0,100,,24550,4,,,0,100,,24551,4,,,0,101,,24552,4,,,0,100,,24553,4,,,0,100,,24554,4,,,0,100,,24555,4,,,0,100,,24556,4,,,0,100,,24557,4,,,0,100,,24558,4,,,0,100,,24559,4,,,0,100,,24560,4,,,0,100,,24561,4,,,0,101,,24562,4,,,0,100,,24563,4,,,0,100,,24564,4,,,0,100,,24565,4,,,0
1000900,'259.0.3',601,,24566,4,,,0,30,,24567,4,,,0,70,,24568,4,,,0,30,,24569,4,,,0,71,,24570,4,,,0,29,,24571,4,,,0,12,,24572,4,,,0,15,,24573,4,,,0,70,,24574,4,,,0,15,,24575,4,,,0,15,,24576,4,,,0,70,,24577,4,,,0,15,,24578,4,,,0,12,,24579,4,,,0,67,,24580,4,,,0,15,,24581,4,,,0,15,,24582,4,,,0,70,,24583,4,,,0,15,,24584,4,,,0,15,,24585,4,,,0,70,,24586,4,,,0,15,,24587,4,,,0,15,,24588,4,,,0,70,,24589,4,,,0,26,,24590,4,,,0,60,,24591,4,,,0,9,,24592,4,,,0,19,,24593,4,,,0,10,,24594,4,,,0,60,,24595,4,,,0,10,,24596,4,,,0,20,,24597,4,,,0,10,,24598,4,,,0,10,,24599,4,,,0,61,,24600,4,,,0,9,,24601,4,,,0,7,,24602,4,,,0,16,,24603,4,,,0,10,,24604,4,,,0,60,,24605,4,,,0,10,,24606,4,,,0,30,,24607,4,,,0,70,,24608,4,,,0,30,,24609,4,,,0,70,,24610,4,,,0,30,,24611,4,,,0,69,,24612,4,,,0,15,,24613,4,,,0,15,,24614,4,,,0,75,,24615,4,,,0,20,,24616,4,,,0,80,,24617,4,,,0,20,,24618,4,,,0,80,,24619,4,,,0
1001001,'259.0.3',645,,24739,10,,,0,63,,24740,10,,,0,20,,24741,10,,,0,20,,24742,10,,,0,60,,24743,10,,,0,20,,24744,10,,,0,20,,24745,10,,,0,57,,24746,10,,,0,20,,24747,10,,,0,507,,24748,10,,,0,15,,24749,10,,,0,64,,24750,10,,,0,21,,24751,10,,,0,20,,24752,10,,,0,60,,24753,10,,,0,20,,24754,10,,,0,25,,24755,10,,,0,64,,24756,10,,,0,22,,24757,10,,,0,60,,24758,10,,,0,9,,24759,10,,,0,20,,24760,10,,,0
2000900,'259.0.1',619,,25574,4,,,0,100,,25575,4,,,0,100,,25576,4,,,0,94,,25577,4,,,0,100,,25578,4,,,0,100,,25579,4,,,0,96,,25580,4,,,0,100,,25581,4,,,0,100,,25582,4,,,0,100,,25583,4,,,0,100,,25584,4,,,0,100,,25585,4,,,0,100,,25586,4,,,0,104,,25587,4,,,0,100,,25588,4,,,0,100,,25589,4,,,0,100,,25590,4,,,0,100,,25591,4,,,0,100,,25592,4,,,0
2000900,'259.0.2',618,,25593,4,,,0,97,,25594,4,,,0,98,,25595,4,,,0,100,,25596,4,,,0,100,,25597,4,,,0,100,,25598,4,,,0,100,,25599,4,,,0,100,,25600,4,,,0,100,,25601,4,,,0,100,,25602,4,,,0,100,,25603,4,,,0,100,,25604,4,,,0,100,,25605,4,,,0,100,,25606,4,,,0,102,,25607,4,,,0,100,,25608,4,,,0,100,,25609,4,,,0,100,,25610,4,,,0,100,,25611,4,,,0
2000900,'259.0.3',616,,25614,4,,,0,30,,25615,4,,,0,70,,25616,4,,,0,26,,25617,4,,,0,70,,25618,4,,,0,100,,25619,4,,,0,100,,25620,4,,,0,96,,25621,4,,,0,96,,25622,4,,,0,100,,25623,4,,,0,100,,25624,4,,,0,28,,25625,4,,,0,25,,25626,4,,,0,68,,25627,4,,,0,30,,25628,4,,,0,70,,25629,4,,,0,80,,25630,4,,,0,33,,25631,4,,,0,70,,25632,4,,,0,30,,25633,4,,,0,70,,25634,4,,,0,30,,25635,4,,,0,70,,25636,4,,,0,30,,25637,4,,,0,70,,25638,4,,,0,100,,25639,4,,,0,100,,25640,4,,,0,100,,25641,4,,,0,100,,25642,4,,,0
2001001,'259.0.1',654,,25812,21,,,0,94,,25813,21,,,0,87,,25814,21,,,0,72,,25815,21,,,0,30,,25816,21,,,0,71,,25817,21,,,0,33,,25818,21,,,0,70,,25819,21,,,0,31,,25820,21,,,0,72,,25821,21,,,0,33,,25822,21,,,0,72,,25823,21,,,0,30,,25824,21,,,0,70,,25825,21,,,0,30,,25826,21,,,0,70,,25827,21,,,0,30,,25828,21,,,0,70,,25829,21,,,0,30,,25830,21,,,0,70,,25831,21,,,0,30,,25832,21,,,0,70,,25833,21,,,0,30,,25834,21,,,0,67,,25835,21,,,0,26,,25836,21,,,0,70,,25837,21,,,0,30,,25838,21,,,0,100,,25839,21,,,0,99,,25840,21,,,0,99,,25841,21,,,0,100,,25842,21,,,0
2001001,'259.0.2',647,,25843,21,,,0,92,,25844,21,,,0,90,,25845,21,,,0,72,,25846,21,,,0,31,,25847,21,,,0,72,,25848,21,,,0,32,,25849,21,,,0,72,,25850,21,,,0,31,,25851,21,,,0,70,,25852,21,,,0,30,,25853,21,,,0,70,,25854,21,,,0,30,,25855,21,,,0,70,,25856,21,,,0,32,,25857,21,,,0,71,,25858,21,,,0,30,,25859,21,,,0,70,,25860,21,,,0,30,,25861,21,,,0,69,,25862,21,,,0,30,,25863,21,,,0,70,,25864,21,,,0,30,,25865,21,,,0,101,,25866,21,,,0,100,,25867,21,,,0,100,,25868,21,,,0,100,,25869,21,,,0,100,,25870,21,,,0,100,,25871,21,,,0
2001001,'259.0.3',606,,25872,21,,,0,30,,25873,21,,,0,22,,25874,21,,,0,63,,25875,21,,,0,22,,25910,21,,,0,60,,25876,21,,,0,20,,25877,21,,,0,20,,25878,21,,,0,61,,25879,21,,,0,50,,25880,21,,,0,60,,25881,21,,,0,24,,25882,21,,,0,70,,25883,21,,,0,31,,25884,21,,,0,70,,25885,21,,,0,30,,25886,21,,,0,70,,25887,21,,,0,30,,25888,21,,,0,79,,25889,21,,,0,21,,25890,21,,,0,64,,25891,21,,,0,15,,25892,21,,,0,21,,25893,21,,,0,20,,25894,21,,,0,60,,25895,21,,,0,21,,25896,21,,,0,64,,25897,21,,,0,25,,25898,21,,,0,21,,25899,21,,,0,60,,25900,21,,,0,9,,25901,21,,,0,20,,25902,21,,,0,70,,25903,21,,,0,26,,25904,21,,,0,72,,25905,21,,,0,30,,25906,21,,,0,70,,25907,21,,,0,30,,25908,21,,,0,70,,25909,21,,,0
3001001,'259.0.1',624,,26385,29,,,0,94,,26386,29,,,0,100,,26387,29,,,0,34,,26388,29,,,0,70,,26389,29,,,0,30,,26390,29,,,0,70,,26391,29,,,0,34,,26392,29,,,0,71,,26393,29,,,0,31,,26394,29,,,0,72,,26395,29,,,0,74,,26396,29,,,0,30,,26397,29,,,0,70,,26398,29,,,0,30,,26399,29,,,0,70,,26400,29,,,0,30,,26401,29,,,0,70,,26402,29,,,0,30,,26403,29,,,0,70,,26404,29,,,0,30,,26405,29,,,0,70,,26406,29,,,0,30,,26407,29,,,0,70,,26408,29,,,0,24,,26409,29,,,0,28,,26410,29,,,0,70,,26411,29,,,0,100,,26412,29,,,0,96,,26413,29,,,0,94,,26414,29,,,0,100,,26415,29,,,0
3001001,'259.0.2',622,,26417,29,,,0,90,,26418,29,,,0,100,,26419,29,,,0,30,,26420,29,,,0,70,,26421,29,,,0,30,,26422,29,,,0,73,,26423,29,,,0,33,,26424,29,,,0,74,,26425,29,,,0,30,,26426,29,,,0,70,,26427,29,,,0,30,,26428,29,,,0,71,,26429,29,,,0,30,,26430,29,,,0,70,,26431,29,,,0,30,,26432,29,,,0,73,,26433,29,,,0,30,,26434,29,,,0,70,,26435,29,,,0,30,,26436,29,,,0,70,,26437,29,,,0,30,,26438,29,,,0,70,,26439,29,,,0,30,,26440,29,,,0,67,,26441,29,,,0,100,,26442,29,,,0,94,,26443,29,,,0,100,,26444,29,,,0,100,,26445,29,,,0
3001001,'259.0.3',551,,26447,29,,,0,70,,26448,29,,,0,30,,26449,29,,,0,65,,26450,29,,,0,22,,26451,29,,,0,20,,26452,29,,,0,58,,26453,29,,,0,19,,26454,29,,,0,20,,26455,29,,,0,57,,26456,29,,,0,32,,26457,29,,,0,60,,26458,29,,,0,20,,26459,29,,,0,28,,26460,29,,,0,72,,26461,29,,,0,30,,26462,29,,,0,70,,26463,29,,,0,30,,26464,29,,,0,70,,26465,29,,,0,30,,26466,29,,,0,70,,26467,29,,,0,30,,26468,29,,,0,70,,26469,29,,,0,21,,26470,29,,,0,60,,26471,29,,,0,20,,26472,29,,,0,21,,26473,29,,,0,67,,26474,29,,,0,23,,26475,29,,,0,20,,26476,29,,,0,60,,26477,29,,,0,18,,26478,29,,,0,16,,26479,29,,,0,57,,26480,29,,,0,13,,26481,29,,,0,12,,26482,29,,,0,19,,26483,29,,,0,79,,26484,29,,,0,70,,26485,29,,,0,30,,26486,29,,,0,70,,26487,29,,,0,30,,26488,29,,,0,28,,26489,29,,,0,64,,26490,29,,,0
