100,'244.0.1',616,,8843,33,,,0,15,,8844,33,,,0,15,,8845,33,,,0,55,,8846,33,,,0,15,,8847,33,,,0,15,,8848,33,,,0,15,,8849,33,,,0,55,,8850,33,,,0,18,,8851,33,,,0,15,,8852,33,,,0,15,,8853,33,,,0,55,,8854,33,,,0,15,,8855,33,,,0,16,,8856,33,,,0,17,,8857,33,,,0,55,,8858,33,,,0,15,,8859,33,,,0,15,,8860,33,,,0,15,,8861,33,,,0,58,,8862,33,,,0,16,,8863,33,,,0,15,,8864,33,,,0,15,,8865,33,,,0,55,,8866,33,,,0,15,,8867,33,,,0,15,,8868,33,,,0,15,,8869,33,,,0,55,,8870,33,,,0,15,,8871,33,,,0,15,,8872,33,,,0,15,,8873,33,,,0,55,,8874,33,,,0,15,,8875,33,,,0,15,,8876,33,,,0,15,,8877,33,,,0,55,,8878,33,,,0,15,,8879,33,,,0,15,,8880,33,,,0,15,,8881,33,,,0,55,,8882,33,,,0,15,,8883,33,,,0,15,,8884,33,,,0,15,,8885,33,,,0,55,,8886,33,,,0,15,,8887,33,,,0,15,,8888,33,,,0,15,,8889,33,,,0,55,,8890,33,,,0,15,,8891,33,,,0,15,,8892,33,,,0,15,,8893,33,,,0,55,,8894,33,,,0,13,,8895,33,,,0,14,,8896,33,,,0,15,,8897,33,,,0,55,,8898,33,,,0,15,,8899,33,,,0,15,,8900,33,,,0,15,,8901,33,,,0,55,,8902,33,,,0,15,,8903,33,,,0,15,,8904,33,,,0,15,,8905,33,,,0,55,,8906,33,,,0,13,,8907,33,,,0,13,,8908,33,,,0,15,,8909,33,,,0,55,,8910,33,,,0,15,,8911,33,,,0,15,,8912,33,,,0,15,,8913,33,,,0,55,,8914,33,,,0,15,,8915,33,,,0,15,,8916,33,,,0,15,,8917,33,,,0,55,,8918,33,,,0
100,'244.0.2',617,,8919,33,,,0,15,,8920,33,,,0,15,,8921,33,,,0,55,,8922,33,,,0,15,,8923,33,,,0,15,,8924,33,,,0,15,,8925,33,,,0,55,,8926,33,,,0,15,,8927,33,,,0,15,,8928,33,,,0,18,,8929,33,,,0,55,,8930,33,,,0,15,,8931,33,,,0,15,,8932,33,,,0,15,,8933,33,,,0,55,,8934,33,,,0,16,,8935,33,,,0,17,,8936,33,,,0,15,,8937,33,,,0,55,,8938,33,,,0,15,,8939,33,,,0,15,,8940,33,,,0,15,,8941,33,,,0,57,,8942,33,,,0,16,,8943,33,,,0,15,,8944,33,,,0,15,,8945,33,,,0,55,,8946,33,,,0,15,,8947,33,,,0,15,,8948,33,,,0,15,,8949,33,,,0,55,,8950,33,,,0,15,,8951,33,,,0,15,,8952,33,,,0,15,,8953,33,,,0,55,,8954,33,,,0,15,,8955,33,,,0,15,,8956,33,,,0,15,,8957,33,,,0,55,,8958,33,,,0,15,,8959,33,,,0,15,,8960,33,,,0,15,,8961,33,,,0,55,,8962,33,,,0,15,,8963,33,,,0,15,,8964,33,,,0,15,,8965,33,,,0,55,,8966,33,,,0,15,,8967,33,,,0,13,,8968,33,,,0,13,,8969,33,,,0,55,,8970,33,,,0,15,,8971,33,,,0,15,,8972,33,,,0,15,,8973,33,,,0,55,,8974,33,,,0,15,,8975,33,,,0,15,,8976,33,,,0,70,,8977,33,,,0,30,,8978,33,,,0,70,,8979,33,,,0,27,,8980,33,,,0,70,,8981,33,,,0,30,,8982,33,,,0,70,,8983,33,,,0
100,'244.0.3',627,,8985,33,,,0,10,,8986,33,,,0,10,,8987,33,,,0,10,,8988,33,,,0,50,,8989,33,,,0,10,,8990,33,,,0,10,,8991,33,,,0,11,,8992,33,,,0,13,,8993,33,,,0,53,,8994,33,,,0,10,,8995,33,,,0,10,,8996,33,,,0,10,,8997,33,,,0,10,,8998,33,,,0,10,,8999,33,,,0,50,,9000,33,,,0,10,,9001,33,,,0,10,,9002,33,,,0,9,,9003,33,,,0,9,,9004,33,,,0,9,,9005,33,,,0,50,,9006,33,,,0,10,,9007,33,,,0,10,,9008,33,,,0,10,,9009,33,,,0,10,,9010,33,,,0,10,,9011,33,,,0,50,,9012,33,,,0,10,,9013,33,,,0,10,,9014,33,,,0,10,,9015,33,,,0,10,,9016,33,,,0,10,,9017,33,,,0,50,,9018,33,,,0,10,,9019,33,,,0,10,,9020,33,,,0,10,,9021,33,,,0,10,,9022,33,,,0,10,,9023,33,,,0,50,,9024,33,,,0,10,,9025,33,,,0,10,,9026,33,,,0,10,,9027,33,,,0,10,,9028,33,,,0,10,,9029,33,,,0,50,,9030,33,,,0,10,,9031,33,,,0,10,,9032,33,,,0,10,,9033,33,,,0,10,,9034,33,,,0,10,,9035,33,,,0,50,,9036,33,,,0,10,,9037,33,,,0,11,,9038,33,,,0,11,,9039,33,,,0,12,,9040,33,,,0,10,,9041,33,,,0,50,,9042,33,,,0,10,,9043,33,,,0,10,,9044,33,,,0,10,,9045,33,,,0,10,,9046,33,,,0,10,,9047,33,,,0,50,,9048,33,,,0,10,,9049,33,,,0,10,,9050,33,,,0,10,,9051,33,,,0,10,,9052,33,,,0,10,,9053,33,,,0,49,,9054,33,,,0,8,,9055,33,,,0,7,,9056,33,,,0,8,,9057,33,,,0,10,,9058,33,,,0,10,,9059,33,,,0,10,,9060,33,,,0,50,,9061,33,,,0,10,,9062,33,,,0,10,,9063,33,,,0,10,,9064,33,,,0,10,,9065,33,,,0,10,,9066,33,,,0,50,,9067,33,,,0,10,,9068,33,,,0,10,,9069,33,,,0,10,,9070,33,,,0,10,,9071,33,,,0,10,,9072,33,,,0,50,,9073,33,,,0,10,,9074,33,,,0,10,,9075,33,,,0,10,,9076,33,,,0,10,,9077,33,,,0,10,,9078,33,,,0,50,,9079,33,,,0,10,,9080,33,,,0,8,,9081,33,,,0,15,,9082,33,,,0,15,,9083,33,,,0,55,,9084,33,,,0,15,,9085,33,,,0,15,,9086,33,,,0,15,,9087,33,,,0,55,,9088,33,,,0,15,,9089,33,,,0,15,,9090,33,,,0,15,,9091,33,,,0
500,'244.0.1',632,,10242,6,,,0,20,,10243,6,,,0,60,,10244,6,,,0,20,,10245,6,,,0,20,,10246,6,,,0,60,,10247,6,,,0,20,,10248,6,,,0,21,,10249,6,,,0,60,,10250,6,,,0,20,,10251,6,,,0,20,,10252,6,,,0,60,,10253,6,,,0,20,,10254,6,,,0,20,,10255,6,,,0,60,,10256,6,,,0,20,,10257,6,,,0,20,,10258,6,,,0,60,,10259,6,,,0,20,,10260,6,,,0,20,,10261,6,,,0,60,,10262,6,,,0,20,,10263,6,,,0,20,,10264,6,,,0,60,,10265,6,,,0,20,,10266,6,,,0,20,,10267,6,,,0,60,,10268,6,,,0,20,,10269,6,,,0,20,,10270,6,,,0,60,,10271,6,,,0,20,,10272,6,,,0,20,,10273,6,,,0,60,,10274,6,,,0,20,,10275,6,,,0,20,,10276,6,,,0,60,,10277,6,,,0,20,,10278,6,,,0,20,,10279,6,,,0,60,,10280,6,,,0,20,,10281,6,,,0,20,,10282,6,,,0,60,,10283,6,,,0,20,,10284,6,,,0,20,,10285,6,,,0,60,,10286,6,,,0,20,,10287,6,,,0,20,,10288,6,,,0,60,,10289,6,,,0,30,,10290,6,,,0,70,,10291,6,,,0,30,,10292,6,,,0,70,,10293,6,,,0,30,,10294,6,,,0,70,,10295,6,,,0
500,'244.0.2',632,,10296,6,,,0,70,,10297,6,,,0,30,,10298,6,,,0,70,,10299,6,,,0,30,,10300,6,,,0,70,,10301,6,,,0,30,,10302,6,,,0,71,,10303,6,,,0,30,,10304,6,,,0,70,,10305,6,,,0,30,,10306,6,,,0,70,,10307,6,,,0,30,,10308,6,,,0,70,,10309,6,,,0,30,,10310,6,,,0,70,,10311,6,,,0,30,,10312,6,,,0,70,,10313,6,,,0,30,,10314,6,,,0,70,,10315,6,,,0,30,,10316,6,,,0,70,,10317,6,,,0,30,,10318,6,,,0,70,,10319,6,,,0,30,,10320,6,,,0,70,,10321,6,,,0,30,,10322,6,,,0,70,,10323,6,,,0,30,,10324,6,,,0,70,,10325,6,,,0,30,,10326,6,,,0,70,,10327,6,,,0,30,,10328,6,,,0,70,,10329,6,,,0,30,,10330,6,,,0,70,,10331,6,,,0
500,'244.0.3',532,,10332,6,,,0,70,,10333,6,,,0,15,,10334,6,,,0,15,,10335,6,,,0,15,,10336,6,,,0,55,,10337,6,,,0,15,,10338,6,,,0,15,,10339,6,,,0,15,,10340,6,,,0,55,,10341,6,,,0,15,,10342,6,,,0,15,,10343,6,,,0,15,,10344,6,,,0,56,,10345,6,,,0,15,,10346,6,,,0,15,,10347,6,,,0,15,,10348,6,,,0,55,,10349,6,,,0,15,,10350,6,,,0,15,,10351,6,,,0,15,,10352,6,,,0,55,,10353,6,,,0,15,,10354,6,,,0,15,,10355,6,,,0,15,,10356,6,,,0,55,,10357,6,,,0,15,,10358,6,,,0,15,,10359,6,,,0,15,,10360,6,,,0,55,,10361,6,,,0,15,,10362,6,,,0,15,,10363,6,,,0,15,,10364,6,,,0,55,,10365,6,,,0,15,,10366,6,,,0,15,,10367,6,,,0,15,,10368,6,,,0,55,,10369,6,,,0,15,,10370,6,,,0,15,,10371,6,,,0,15,,10372,6,,,0,55,,10373,6,,,0,15,,10374,6,,,0,15,,10375,6,,,0,15,,10376,6,,,0,55,,10377,6,,,0,15,,10378,6,,,0,15,,10379,6,,,0,15,,10380,6,,,0,55,,10381,6,,,0,15,,10382,6,,,0,15,,10383,6,,,0,20,,10384,6,,,0,55,,10385,6,,,0,20,,10386,6,,,0,20,,10387,6,,,0,60,,10388,6,,,0,20,,10389,6,,,0,20,,10390,6,,,0,60,,10391,6,,,0,20,,10392,6,,,0,20,,10393,6,,,0,75,,10394,6,,,0,30,,10395,6,,,0,70,,10396,6,,,0,30,,10397,6,,,0,70,,10398,6,,,0,30,,10399,6,,,0
5000,'244.0.3',1521,,12081,9,,,0,30,,12082,9,,,0,70,,12083,9,,,0,30,,12084,9,,,0
1001000,'244.0.3',637,,15910,23,,,0,19,,15911,23,,,0,59,,15912,23,,,0,28,,15913,23,,,0,58,,15914,23,,,0,20,,15915,23,,,0,20,,15916,23,,,0,60,,15917,23,,,0,20,,15918,23,,,0,500,,15919,23,,,0,19,,15920,23,,,0,60,,15921,23,,,0,20,,15922,23,,,0,20,,15923,23,,,0,63,,15924,23,,,0,20,,15925,23,,,0,20,,15926,23,,,0,60,,15927,23,,,0,10,,15928,23,,,0,29,,15929,23,,,0,60,,15930,23,,,0,20,,15931,23,,,0,16,,15932,23,,,0
2000700,'244.0.1',622,,16434,6,,,0,20,,16435,6,,,0,60,,16436,6,,,0,20,,16437,6,,,0,21,,16438,6,,,0,60,,16439,6,,,0,20,,16440,6,,,0,20,,16441,6,,,0,60,,16442,6,,,0,20,,16443,6,,,0,20,,16444,6,,,0,60,,16445,6,,,0,20,,16446,6,,,0,20,,16447,6,,,0,60,,16448,6,,,0,20,,16449,6,,,0,20,,16450,6,,,0,60,,16451,6,,,0,20,,16452,6,,,0,20,,16453,6,,,0,60,,16454,6,,,0,20,,16455,6,,,0,20,,16456,6,,,0,60,,16457,6,,,0,20,,16458,6,,,0,20,,16459,6,,,0,60,,16460,6,,,0,20,,16461,6,,,0,20,,16462,6,,,0,60,,16463,6,,,0,20,,16464,6,,,0,20,,16465,6,,,0,60,,16466,6,,,0,20,,16467,6,,,0,20,,16468,6,,,0,60,,16469,6,,,0,20,,16470,6,,,0,20,,16471,6,,,0,60,,16472,6,,,0,20,,16473,6,,,0,20,,16474,6,,,0,60,,16475,6,,,0,20,,16476,6,,,0,20,,16477,6,,,0,60,,16478,6,,,0,20,,16479,6,,,0,20,,16480,6,,,0,60,,16481,6,,,0,20,,16482,6,,,0,20,,16483,6,,,0,60,,16484,6,,,0,20,,16485,6,,,0,20,,16486,6,,,0,60,,16487,6,,,0
2000700,'244.0.2',623,,16488,6,,,0,30,,16489,6,,,0,70,,16490,6,,,0,30,,16491,6,,,0,70,,16492,6,,,0,30,,16493,6,,,0,70,,16494,6,,,0,30,,16495,6,,,0,70,,16496,6,,,0,30,,16497,6,,,0,70,,16498,6,,,0,30,,16499,6,,,0,70,,16500,6,,,0,30,,16501,6,,,0,70,,16502,6,,,0,30,,16503,6,,,0,70,,16504,6,,,0,30,,16505,6,,,0,70,,16506,6,,,0,30,,16507,6,,,0,70,,16508,6,,,0,30,,16509,6,,,0,70,,16510,6,,,0,30,,16511,6,,,0,70,,16512,6,,,0,30,,16513,6,,,0,70,,16514,6,,,0,30,,16515,6,,,0,70,,16516,6,,,0,30,,16517,6,,,0,70,,16518,6,,,0,30,,16519,6,,,0,70,,16520,6,,,0,30,,16521,6,,,0,70,,16522,6,,,0,30,,16523,6,,,0
2000700,'244.0.3',614,,16524,6,,,0,15,,16525,6,,,0,15,,16526,6,,,0,15,,16527,6,,,0,55,,16528,6,,,0,15,,16529,6,,,0,15,,16530,6,,,0,60,,16531,6,,,0,19,,16532,6,,,0,15,,16533,6,,,0,15,,16534,6,,,0,55,,16535,6,,,0,14,,16536,6,,,0,13,,16537,6,,,0,15,,16538,6,,,0,55,,16539,6,,,0,15,,16540,6,,,0,15,,16541,6,,,0,15,,16542,6,,,0,55,,16543,6,,,0,15,,16544,6,,,0,15,,16545,6,,,0,15,,16546,6,,,0,55,,16547,6,,,0,15,,16548,6,,,0,15,,16549,6,,,0,15,,16550,6,,,0,55,,16551,6,,,0,15,,16552,6,,,0,15,,16553,6,,,0,15,,16554,6,,,0,55,,16555,6,,,0,15,,16556,6,,,0,15,,16557,6,,,0,16,,16558,6,,,0,55,,16559,6,,,0,15,,16560,6,,,0,17,,16561,6,,,0,15,,16562,6,,,0,55,,16563,6,,,0,15,,16564,6,,,0,15,,16565,6,,,0,15,,16566,6,,,0,55,,16567,6,,,0,15,,16568,6,,,0,14,,16569,6,,,0,12,,16570,6,,,0,54,,16571,6,,,0,15,,16572,6,,,0,15,,16573,6,,,0,15,,16574,6,,,0,55,,16575,6,,,0,12,,16576,6,,,0,13,,16577,6,,,0,15,,16578,6,,,0,15,,16579,6,,,0,55,,16580,6,,,0,15,,16581,6,,,0,15,,16582,6,,,0,15,,16583,6,,,0,55,,16584,6,,,0,15,,16585,6,,,0,15,,16586,6,,,0,15,,16587,6,,,0,55,,16588,6,,,0,15,,16589,6,,,0,15,,16590,6,,,0,15,,16591,6,,,0,55,,16592,6,,,0,30,,16593,6,,,0,70,,16594,6,,,0,30,,16595,6,,,0,70,,16596,6,,,0
2001000,'244.0.1',646,,16899,23,,,0,85,,16900,23,,,0,70,,16901,23,,,0,30,,16902,23,,,0,70,,16903,23,,,0,30,,16904,23,,,0,73,,16905,23,,,0,30,,16906,23,,,0,70,,16907,23,,,0,32,,16908,23,,,0,70,,16909,23,,,0,30,,16910,23,,,0,70,,16911,23,,,0,30,,16912,23,,,0,70,,16913,23,,,0,30,,16914,23,,,0,70,,16915,23,,,0,30,,16916,23,,,0,70,,16917,23,,,0,30,,16918,23,,,0,70,,16919,23,,,0,30,,16920,23,,,0,70,,16921,23,,,0,30,,16922,23,,,0,68,,16923,23,,,0,30,,16924,23,,,0,70,,16925,23,,,0,45,,16926,23,,,0,98,,16927,23,,,0,100,,16928,23,,,0,100,,16929,23,,,0
2001000,'244.0.2',646,,16930,23,,,0,155,,16931,23,,,0,30,,16932,23,,,0,70,,16933,23,,,0,30,,16934,23,,,0,72,,16935,23,,,0,30,,16936,23,,,0,70,,16937,23,,,0,30,,16938,23,,,0,70,,16939,23,,,0,30,,16940,23,,,0,70,,16941,23,,,0,30,,16942,23,,,0,71,,16943,23,,,0,30,,16944,23,,,0,70,,16945,23,,,0,30,,16946,23,,,0,70,,16947,23,,,0,30,,16948,23,,,0,70,,16949,23,,,0,30,,16950,23,,,0,70,,16951,23,,,0,45,,16952,23,,,0,97,,16953,23,,,0,100,,16954,23,,,0,100,,16955,23,,,0,100,,16956,23,,,0,100,,16957,23,,,0,100,,16958,23,,,0
2001000,'244.0.3',559,,16959,23,,,0,91,,16960,23,,,0,60,,16961,23,,,0,20,,16962,23,,,0,20,,16963,23,,,0,63,,16964,23,,,0,21,,16965,23,,,0,20,,16966,23,,,0,60,,16967,23,,,0,37,,16968,23,,,0,70,,16969,23,,,0,30,,16970,23,,,0,70,,16971,23,,,0,30,,16972,23,,,0,70,,16973,23,,,0,30,,16974,23,,,0,70,,16975,23,,,0,30,,16976,23,,,0,65,,16977,23,,,0,17,,16978,23,,,0,20,,16979,23,,,0,60,,16980,23,,,0,20,,16981,23,,,0,23,,16982,23,,,0,60,,16983,23,,,0,20,,16984,23,,,0,20,,16985,23,,,0,60,,16986,23,,,0,19,,16987,23,,,0,20,,16988,23,,,0,60,,16989,23,,,0,16,,16990,23,,,0,23,,16991,23,,,0,60,,16992,23,,,0,24,,16993,23,,,0,70,,16994,23,,,0,30,,16995,23,,,0,70,,16996,23,,,0,30,,16997,23,,,0
3001000,'244.0.1',616,,17448,23,,,0,100,,17449,23,,,0,30,,17450,23,,,0,70,,17451,23,,,0,30,,17452,23,,,0,70,,17453,23,,,0,33,,17454,23,,,0,70,,17455,23,,,0,30,,17456,23,,,0,70,,17457,23,,,0,32,,17458,23,,,0,70,,17459,23,,,0,30,,17460,23,,,0,70,,17461,23,,,0,30,,17462,23,,,0,70,,17463,23,,,0,30,,17464,23,,,0,70,,17465,23,,,0,30,,17466,23,,,0,70,,17467,23,,,0,30,,17468,23,,,0,70,,17469,23,,,0,30,,17470,23,,,0,70,,17471,23,,,0,28,,17472,23,,,0,70,,17473,23,,,0,100,,17474,23,,,0,100,,17475,23,,,0,98,,17476,23,,,0,100,,17477,23,,,0,100,,17478,23,,,0
3001000,'244.0.2',616,,17480,23,,,0,100,,17481,23,,,0,30,,17482,23,,,0,70,,17483,23,,,0,30,,17484,23,,,0,70,,17485,23,,,0,30,,17486,23,,,0,72,,17487,23,,,0,30,,17488,23,,,0,70,,17489,23,,,0,30,,17490,23,,,0,70,,17491,23,,,0,30,,17492,23,,,0,70,,17493,23,,,0,30,,17494,23,,,0,71,,17495,23,,,0,30,,17496,23,,,0,70,,17497,23,,,0,30,,17498,23,,,0,70,,17499,23,,,0,30,,17500,23,,,0,70,,17501,23,,,0,30,,17502,23,,,0,70,,17503,23,,,0,100,,17504,23,,,0,97,,17505,23,,,0,100,,17506,23,,,0,100,,17507,23,,,0,100,,17508,23,,,0
3001000,'244.0.3',604,,17512,23,,,0,19,,17513,23,,,0,20,,17514,23,,,0,59,,17515,23,,,0,18,,17516,23,,,0,17,,17517,23,,,0,18,,17518,23,,,0,73,,17519,23,,,0,20,,17520,23,,,0,60,,17521,23,,,0,28,,17522,23,,,0,70,,17523,23,,,0,30,,17524,23,,,0,70,,17525,23,,,0,30,,17526,23,,,0,70,,17527,23,,,0,30,,17528,23,,,0,70,,17529,23,,,0,30,,17530,23,,,0,70,,17531,23,,,0,20,,17532,23,,,0,20,,17533,23,,,0,60,,17534,23,,,0,20,,17535,23,,,0,20,,17536,23,,,0,63,,17537,23,,,0,20,,17538,23,,,0,20,,17539,23,,,0,60,,17540,23,,,0,19,,17541,23,,,0,20,,17542,23,,,0,60,,17543,23,,,0,16,,17544,23,,,0,20,,17545,23,,,0,60,,17546,23,,,0,19,,17547,23,,,0,30,,17548,23,,,0,70,,17549,23,,,0,30,,17550,23,,,0,70,,17551,23,,,0,30,,17552,23,,,0,67,,17553,23,,,0,30,,17554,23,,,0,70,,17555,23,,,0,30,,17556,23,,,0,70,,17557,23,,,0
