200,'244.0.1',620,,9338,21,,,0,100,,9339,21,,,0,100,,9340,21,,,0,15,,9341,21,,,0,15,,9342,21,,,0,55,,9343,21,,,0,15,,9344,21,,,0,15,,9345,21,,,0,15,,9346,21,,,0,55,,9347,21,,,0,15,,9348,21,,,0,15,,9349,21,,,0,16,,9350,21,,,0,56,,9351,21,,,0,15,,9352,21,,,0,15,,9353,21,,,0,15,,9354,21,,,0,55,,9355,21,,,0,15,,9356,21,,,0,15,,9357,21,,,0,15,,9358,21,,,0,55,,9359,21,,,0,15,,9360,21,,,0,15,,9361,21,,,0,15,,9362,21,,,0,55,,9363,21,,,0,15,,9364,21,,,0,15,,9365,21,,,0,15,,9366,21,,,0,55,,9367,21,,,0,15,,9368,21,,,0,15,,9369,21,,,0,15,,9370,21,,,0,55,,9371,21,,,0,15,,9372,21,,,0,15,,9373,21,,,0,15,,9374,21,,,0,55,,9375,21,,,0,15,,9376,21,,,0,15,,9377,21,,,0,15,,9378,21,,,0,55,,9379,21,,,0,15,,9380,21,,,0,15,,9381,21,,,0,15,,9382,21,,,0,55,,9383,21,,,0,15,,9384,21,,,0,15,,9385,21,,,0,70,,9386,21,,,0,30,,9387,21,,,0,69,,9388,21,,,0,29,,9389,21,,,0,70,,9390,21,,,0,30,,9391,21,,,0,70,,9392,21,,,0,30,,9393,21,,,0,70,,9394,21,,,0,30,,9395,21,,,0
200,'244.0.2',608,,9396,21,,,0,100,,9397,21,,,0,100,,9398,21,,,0,30,,9399,21,,,0,20,,9400,21,,,0,60,,9401,21,,,0,20,,9402,21,,,0,20,,9403,21,,,0,60,,9404,21,,,0,20,,9405,21,,,0,63,,9406,21,,,0,20,,9407,21,,,0,20,,9408,21,,,0,60,,9409,21,,,0,20,,9410,21,,,0,20,,9411,21,,,0,60,,9412,21,,,0,20,,9413,21,,,0,20,,9414,21,,,0,60,,9415,21,,,0,20,,9416,21,,,0,20,,9417,21,,,0,60,,9418,21,,,0,20,,9419,21,,,0,20,,9420,21,,,0,60,,9421,21,,,0,20,,9422,21,,,0,20,,9423,21,,,0,60,,9424,21,,,0,20,,9425,21,,,0,20,,9426,21,,,0,60,,9427,21,,,0,20,,9428,21,,,0,28,,9429,21,,,0,68,,9430,21,,,0,30,,9431,21,,,0,70,,9432,21,,,0,30,,9433,21,,,0,70,,9434,21,,,0,30,,9435,21,,,0,70,,9436,21,,,0,30,,9437,21,,,0,70,,9438,21,,,0,30,,9439,21,,,0,70,,9440,21,,,0
200,'244.0.3',550,,9441,21,,,0,70,,9442,21,,,0,30,,9443,21,,,0,55,,9444,21,,,0,15,,9445,21,,,0,15,,9446,21,,,0,17,,9447,21,,,0,55,,9448,21,,,0,15,,9449,21,,,0,15,,9450,21,,,0,15,,9451,21,,,0,55,,9452,21,,,0,15,,9453,21,,,0,15,,9454,21,,,0,15,,9455,21,,,0,55,,9456,21,,,0,15,,9457,21,,,0,15,,9458,21,,,0,15,,9459,21,,,0,55,,9460,21,,,0,15,,9461,21,,,0,15,,9462,21,,,0,15,,9463,21,,,0,55,,9464,21,,,0,17,,9465,21,,,0,15,,9466,21,,,0,15,,9467,21,,,0,55,,9468,21,,,0,15,,9469,21,,,0,15,,9470,21,,,0,15,,9471,21,,,0,55,,9472,21,,,0,15,,9473,21,,,0,15,,9474,21,,,0,15,,9475,21,,,0,55,,9476,21,,,0,16,,9477,21,,,0,17,,9478,21,,,0,15,,9479,21,,,0,55,,9480,21,,,0,15,,9481,21,,,0,15,,9482,21,,,0,15,,9483,21,,,0,55,,9484,21,,,0,15,,9485,21,,,0,15,,9486,21,,,0,13,,9487,21,,,0,51,,9488,21,,,0,15,,9489,21,,,0,15,,9490,21,,,0,15,,9491,21,,,0,55,,9492,21,,,0,30,,9493,21,,,0,70,,9494,21,,,0,30,,9495,21,,,0,70,,9496,21,,,0,30,,9497,21,,,0,70,,9498,21,,,0,30,,9499,21,,,0,70,,9500,21,,,0,30,,9501,21,,,0,70,,9502,21,,,0,30,,9503,21,,,0
300,'244.0.1',656,,9670,43,,,0,100,,9671,43,,,0,100,,9672,43,,,0,70,,9673,43,,,0,30,,9674,43,,,0,70,,9675,43,,,0,30,,9676,43,,,0,70,,9677,43,,,0,30,,9678,43,,,0,71,,9679,43,,,0,30,,9680,43,,,0,70,,9681,43,,,0,30,,9682,43,,,0,70,,9683,43,,,0,30,,9684,43,,,0,70,,9685,43,,,0,30,,9686,43,,,0,70,,9687,43,,,0,30,,9688,43,,,0,70,,9689,43,,,0,30,,9690,43,,,0,70,,9691,43,,,0,30,,9692,43,,,0,67,,9693,43,,,0,29,,9694,43,,,0,70,,9695,43,,,0,30,,9696,43,,,0,70,,9697,43,,,0,30,,9698,43,,,0,70,,9699,43,,,0,30,,9700,43,,,0,70,,9701,43,,,0,30,,9702,43,,,0,70,,9703,43,,,0,30,,9704,43,,,0,60,,9705,43,,,0
300,'244.0.2',636,,9706,43,,,0,100,,9707,43,,,0,100,,9708,43,,,0,70,,9709,43,,,0,30,,9710,43,,,0,67,,9711,43,,,0,20,,9712,43,,,0,20,,9713,43,,,0,61,,9714,43,,,0,24,,9715,43,,,0,20,,9716,43,,,0,60,,9717,43,,,0,20,,9718,43,,,0,20,,9719,43,,,0,60,,9720,43,,,0,20,,9721,43,,,0,20,,9722,43,,,0,60,,9723,43,,,0,20,,9724,43,,,0,20,,9725,43,,,0,60,,9726,43,,,0,20,,9727,43,,,0,20,,9728,43,,,0,60,,9729,43,,,0,20,,9730,43,,,0,20,,9731,43,,,0,60,,9732,43,,,0,20,,9733,43,,,0,20,,9734,43,,,0,58,,9735,43,,,0,17,,9736,43,,,0,19,,9737,43,,,0,70,,9738,43,,,0,30,,9739,43,,,0,70,,9740,43,,,0,30,,9741,43,,,0,70,,9742,43,,,0,30,,9743,43,,,0,70,,9744,43,,,0,23,,9745,43,,,0,70,,9746,43,,,0,30,,9747,43,,,0,70,,9748,43,,,0,30,,9749,43,,,0
300,'244.0.3',610,,9750,43,,,0,30,,9751,43,,,0,15,,9752,43,,,0,55,,9753,43,,,0,15,,9754,43,,,0,19,,9755,43,,,0,57,,9756,43,,,0,19,,9757,43,,,0,15,,9758,43,,,0,14,,9759,43,,,0,54,,9760,43,,,0,15,,9761,43,,,0,15,,9762,43,,,0,15,,9763,43,,,0,60,,9764,43,,,0,20,,9765,43,,,0,20,,9766,43,,,0,60,,9767,43,,,0,20,,9768,43,,,0,20,,9769,43,,,0,60,,9770,43,,,0,20,,9771,43,,,0,20,,9772,43,,,0,60,,9773,43,,,0,20,,9774,43,,,0,20,,9775,43,,,0,60,,9776,43,,,0,20,,9777,43,,,0,20,,9778,43,,,0,60,,9779,43,,,0,20,,9780,43,,,0,10,,9781,43,,,0,12,,9782,43,,,0,61,,9783,43,,,0,15,,9784,43,,,0,15,,9785,43,,,0,15,,9786,43,,,0,55,,9787,43,,,0,15,,9788,43,,,0,15,,9789,43,,,0,13,,9790,43,,,0,53,,9791,43,,,0,13,,9792,43,,,0,13,,9793,43,,,0,15,,9794,43,,,0,54,,9795,43,,,0,7,,9796,43,,,0,17,,9797,43,,,0,20,,9798,43,,,0,60,,9799,43,,,0,20,,9800,43,,,0,20,,9801,43,,,0,60,,9802,43,,,0,20,,9803,43,,,0,10,,9804,43,,,0,70,,9805,43,,,0,30,,9806,43,,,0,70,,9807,43,,,0,30,,9808,43,,,0,70,,9809,43,,,0,30,,9810,43,,,0,70,,9811,43,,,0
2401,'244.0.1',627,,11292,24,,,0,30,,11293,24,,,0,70,,11294,24,,,0,30,,11295,24,,,0,70,,11296,24,,,0,30,,11297,24,,,0,70,,11298,24,,,0,30,,11299,24,,,0,76,,11300,24,,,0,71,,11301,24,,,0,30,,11302,24,,,0,71,,11303,24,,,0,32,,11304,24,,,0,70,,11305,24,,,0,30,,11306,24,,,0,70,,11307,24,,,0,30,,11308,24,,,0,70,,11309,24,,,0,28,,11310,24,,,0,70,,11311,24,,,0,30,,11312,24,,,0,70,,11313,24,,,0,30,,11314,24,,,0,70,,11315,24,,,0,30,,11316,24,,,0,67,,11317,24,,,0,27,,11318,24,,,0,30,,11319,24,,,0,70,,11320,24,,,0,30,,11321,24,,,0,68,,11322,24,,,0,30,,11323,24,,,0,70,,11324,24,,,0,30,,11325,24,,,0,70,,11326,24,,,0,30,,11327,24,,,0
2401,'244.0.2',625,,11328,24,,,0,30,,11329,24,,,0,70,,11330,24,,,0,30,,11331,24,,,0,70,,11332,24,,,0,30,,11333,24,,,0,70,,11334,24,,,0,32,,11335,24,,,0,76,,11336,24,,,0,70,,11337,24,,,0,30,,11338,24,,,0,70,,11339,24,,,0,30,,11340,24,,,0,70,,11341,24,,,0,30,,11342,24,,,0,70,,11343,24,,,0,30,,11344,24,,,0,70,,11345,24,,,0,30,,11346,24,,,0,70,,11347,24,,,0,30,,11348,24,,,0,70,,11349,24,,,0,30,,11350,24,,,0,70,,11351,24,,,0,30,,11352,24,,,0,68,,11353,24,,,0,28,,11354,24,,,0,30,,11355,24,,,0,68,,11356,24,,,0,30,,11357,24,,,0,70,,11358,24,,,0,30,,11359,24,,,0,70,,11360,24,,,0,30,,11361,24,,,0,70,,11362,24,,,0,30,,11363,24,,,0
2401,'244.0.3',703,,11364,24,,,0,30,,11365,24,,,0,74,,11366,24,,,0,31,,11367,24,,,0,70,,11368,24,,,0,30,,11369,24,,,0,65,,11370,24,,,0,30,,11371,24,,,0,70,,11372,24,,,0,31,,11373,24,,,0,71,,11374,24,,,0,30,,11375,24,,,0,70,,11376,24,,,0,30,,11377,24,,,0,70,,11378,24,,,0,32,,11379,24,,,0,70,,11380,24,,,0,37,,11381,24,,,0,70,,11382,24,,,0,30,,11383,24,,,0,70,,11384,24,,,0,24,,11385,24,,,0,68,,11386,24,,,0,30,,11387,24,,,0,67,,11388,24,,,0,28,,11389,24,,,0,26,,11390,24,,,0,70,,11391,24,,,0,30,,11392,24,,,0,70,,11393,24,,,0,30,,11394,24,,,0,70,,11395,24,,,0,30,,11396,24,,,0,70,,11397,24,,,0,30,,11398,24,,,0,70,,11399,24,,,0
2601,'244.0.3',711,,11521,2,,,0,30,,11522,2,,,0,69,,11523,2,,,0,701,,11526,2,,,0,45,,11524,2,,,0,70,,11525,2,,,0,100,,11527,2,,,0
2901,'244.0.1',701,,11809,39,,,0,30,,11810,39,,,0,70,,11811,39,,,0,30,,11812,39,,,0,70,,11813,39,,,0,30,,11814,39,,,0,70,,11815,39,,,0,31,,11816,39,,,0,73,,11817,39,,,0,28,,11818,39,,,0,70,,11819,39,,,0,30,,11820,39,,,0,70,,11821,39,,,0,30,,11822,39,,,0,70,,11823,39,,,0,30,,11824,39,,,0,67,,11825,39,,,0,33,,11826,39,,,0,70,,11827,39,,,0,30,,11828,39,,,0,70,,11829,39,,,0,30,,11830,39,,,0,70,,11831,39,,,0,30,,11832,39,,,0,67,,11833,39,,,0,31,,11834,39,,,0,28,,11835,39,,,0,100,,11836,39,,,0,100,,11837,39,,,0,100,,11838,39,,,0,100,,11839,39,,,0,81,,11840,39,,,0
2901,'244.0.2',658,,11841,39,,,0,70,,11842,39,,,0,30,,11843,39,,,0,70,,11844,39,,,0,30,,11845,39,,,0,70,,11846,39,,,0,31,,11847,39,,,0,72,,11848,39,,,0,69,,11849,39,,,0,30,,11850,39,,,0,70,,11851,39,,,0,30,,11852,39,,,0,70,,11853,39,,,0,30,,11854,39,,,0,70,,11855,39,,,0,30,,11856,39,,,0,70,,11857,39,,,0,30,,11858,39,,,0,70,,11859,39,,,0,30,,11860,39,,,0,70,,11861,39,,,0,30,,11862,39,,,0,70,,11863,39,,,0,30,,11864,39,,,0,70,,11865,39,,,0,58,,11866,39,,,0,100,,11867,39,,,0,100,,11868,39,,,0,100,,11869,39,,,0,100,,11870,39,,,0,83,,11871,39,,,0
2901,'244.0.3',646,,11872,39,,,0,55,,11873,39,,,0,15,,11874,39,,,0,17,,11875,39,,,0,15,,11876,39,,,0,55,,11877,39,,,0,15,,11878,39,,,0,15,,11879,39,,,0,15,,11880,39,,,0,54,,11881,39,,,0,16,,11882,39,,,0,28,,11883,39,,,0,70,,11884,39,,,0,30,,11885,39,,,0,70,,11886,39,,,0,30,,11887,39,,,0,70,,11888,39,,,0,30,,11889,39,,,0,70,,11890,39,,,0,30,,11891,39,,,0,70,,11892,39,,,0,33,,11893,39,,,0,72,,11894,39,,,0,30,,11895,39,,,0,55,,11896,39,,,0,15,,11897,39,,,0,15,,11898,39,,,0,15,,11899,39,,,0,55,,11900,39,,,0,15,,11901,39,,,0,15,,11902,39,,,0,11,,11903,39,,,0,53,,11904,39,,,0,15,,11905,39,,,0,15,,11906,39,,,0,15,,11907,39,,,0,55,,11908,39,,,0,15,,11909,39,,,0,30,,11910,39,,,0,70,,11911,39,,,0,30,,11912,39,,,0,70,,11913,39,,,0,30,,11914,39,,,0,70,,11915,39,,,0,30,,11916,39,,,0,100,,11917,39,,,0,94,,11918,39,,,0
9100,'244.0.1',710,,14751,2,,,0,100,,14752,2,,,0,100,,14753,2,,,0,100,,14754,2,,,0,100,,14755,2,,,0,100,,14756,2,,,0,100,,14757,2,,,0,100,,14758,2,,,0,100,,14759,2,,,0,100,,14760,2,,,0,100,,14761,2,,,0,100,,14762,2,,,0,100,,14763,2,,,0,100,,14764,2,,,0,100,,14765,2,,,0,100,,14766,2,,,0
9100,'244.0.2',740,,14767,2,,,0,100,,14768,2,,,0,100,,14769,2,,,0,100,,14770,2,,,0,100,,14771,2,,,0,100,,14772,2,,,0,100,,14773,2,,,0,100,,14774,2,,,0,100,,14775,2,,,0,100,,14776,2,,,0,100,,14777,2,,,0,100,,14778,2,,,0,100,,14779,2,,,0,100,,14780,2,,,0,100,,14781,2,,,0
9100,'244.0.3',621,,14782,2,,,0,24,,14783,2,,,0,66,,14784,2,,,0,36,,14785,2,,,0,69,,14786,2,,,0,31,,14787,2,,,0,100,,14788,2,,,0,103,,14789,2,,,0,100,,14790,2,,,0,99,,14791,2,,,0,100,,14792,2,,,0,100,,14793,2,,,0,70,,14794,2,,,0,30,,14795,2,,,0,70,,14796,2,,,0,30,,14797,2,,,0,70,,14798,2,,,0,31,,14799,2,,,0,70,,14800,2,,,0,100,,14801,2,,,0,100,,14802,2,,,0,100,,14803,2,,,0,100,,14804,2,,,0
