801,'244.0.1',549,,10684,39,,,0,70,,10685,39,,,0,30,,10686,39,,,0,70,,10687,39,,,0,30,,10688,39,,,0,72,,10689,39,,,0,30,,10690,39,,,0,70,,10691,39,,,0,30,,10692,39,,,0,73,,10693,39,,,0,30,,10694,39,,,0,70,,10695,39,,,0,30,,10696,39,,,0,70,,10697,39,,,0,31,,10698,39,,,0,71,,10699,39,,,0,30,,10700,39,,,0,70,,10701,39,,,0,30,,10702,39,,,0,70,,10703,39,,,0,30,,10704,39,,,0,70,,10705,39,,,0,30,,10706,39,,,0,70,,10707,39,,,0,28,,10708,39,,,0,69,,10709,39,,,0,30,,10710,39,,,0,70,,10711,39,,,0,27,,10712,39,,,0,69,,10713,39,,,0,30,,10714,39,,,0,70,,10715,39,,,0,30,,10716,39,,,0,70,,10717,39,,,0,30,,10718,39,,,0,70,,10719,39,,,0,30,,10720,39,,,0,100,,10721,39,,,0
801,'244.0.2',553,,10722,39,,,0,70,,10723,39,,,0,30,,10724,39,,,0,70,,10725,39,,,0,30,,10726,39,,,0,70,,10727,39,,,0,30,,10728,39,,,0,74,,10729,39,,,0,30,,10730,39,,,0,70,,10731,39,,,0,30,,10732,39,,,0,70,,10733,39,,,0,30,,10734,39,,,0,70,,10735,39,,,0,30,,10736,39,,,0,70,,10737,39,,,0,30,,10738,39,,,0,70,,10739,39,,,0,30,,10740,39,,,0,70,,10741,39,,,0,30,,10742,39,,,0,70,,10743,39,,,0,30,,10744,39,,,0,70,,10745,39,,,0,30,,10746,39,,,0,68,,10747,39,,,0,30,,10748,39,,,0,70,,10749,39,,,0,30,,10750,39,,,0,70,,10751,39,,,0,30,,10752,39,,,0,68,,10753,39,,,0,30,,10754,39,,,0,70,,10755,39,,,0,100,,10756,39,,,0,100,,10757,39,,,0
801,'244.0.3',538,,10758,39,,,0,70,,10759,39,,,0,30,,10760,39,,,0,20,,10761,39,,,0,62,,10762,39,,,0,20,,10763,39,,,0,60,,10764,39,,,0,20,,10765,39,,,0,20,,10766,39,,,0,60,,10767,39,,,0,18,,10768,39,,,0,20,,10769,39,,,0,20,,10770,39,,,0,60,,10771,39,,,0,20,,10772,39,,,0,20,,10773,39,,,0,60,,10774,39,,,0,20,,10775,39,,,0,20,,10776,39,,,0,60,,10777,39,,,0,20,,10778,39,,,0,20,,10779,39,,,0,60,,10780,39,,,0,20,,10781,39,,,0,20,,10782,39,,,0,60,,10783,39,,,0,20,,10784,39,,,0,20,,10785,39,,,0,62,,10786,39,,,0,33,,10787,39,,,0,70,,10788,39,,,0,30,,10789,39,,,0,70,,10790,39,,,0,30,,10791,39,,,0,66,,10792,39,,,0,28,,10793,39,,,0,70,,10794,39,,,0,30,,10795,39,,,0,70,,10796,39,,,0,30,,10797,39,,,0,68,,10798,39,,,0,29,,10799,39,,,0,70,,10800,39,,,0,30,,10801,39,,,0,70,,10802,39,,,0,30,,10803,39,,,0,70,,10804,39,,,0,30,,10805,39,,,0
9001,'244.0.1',612,,14654,24,,,0,30,,14655,24,,,0,70,,14656,24,,,0,25,,14657,24,,,0,70,,14658,24,,,0,30,,14659,24,,,0,70,,14660,24,,,0,25,,14661,24,,,0,71,,14662,24,,,0,31,,14663,24,,,0,70,,14664,24,,,0,30,,14665,24,,,0,70,,14666,24,,,0,30,,14667,24,,,0,70,,14668,24,,,0,30,,14669,24,,,0,70,,14670,24,,,0,30,,14671,24,,,0,70,,14672,24,,,0,30,,14673,24,,,0,70,,14674,24,,,0,30,,14675,24,,,0,70,,14676,24,,,0,35,,14677,24,,,0,69,,14678,24,,,0,29,,14679,24,,,0,70,,14680,24,,,0,30,,14681,24,,,0,70,,14682,24,,,0,100,,14683,24,,,0,100,,14684,24,,,0,100,,14685,24,,,0,100,,14686,24,,,0
9001,'244.0.2',600,,14687,24,,,0,100,,14688,24,,,0,100,,14689,24,,,0,100,,14690,24,,,0,55,,14691,24,,,0,102,,14692,24,,,0,100,,14693,24,,,0,102,,14694,24,,,0,100,,14695,24,,,0,98,,14696,24,,,0,100,,14697,24,,,0,100,,14698,24,,,0,99,,14699,24,,,0,103,,14700,24,,,0,145,,14701,24,,,0,98,,14702,24,,,0,100,,14703,24,,,0,99,,14704,24,,,0
9001,'244.0.3',542,,14705,24,,,0,70,,14706,24,,,0,30,,14707,24,,,0,17,,14739,24,,,0,53,,14708,24,,,0,15,,14740,24,,,0,10,,14709,24,,,0,15,,14741,24,,,0,55,,14710,24,,,0,17,,14742,24,,,0,16,,14711,24,,,0,15,,14743,24,,,0,55,,14712,24,,,0,30,,14713,24,,,0,65,,14714,24,,,0,30,,14715,24,,,0,70,,14716,24,,,0,30,,14717,24,,,0,70,,14718,24,,,0,30,,14719,24,,,0,70,,14720,24,,,0,30,,14721,24,,,0,70,,14722,24,,,0,30,,14723,24,,,0,70,,14724,24,,,0,32,,14725,24,,,0,21,,14744,24,,,0,62,,14726,24,,,0,8,,14745,24,,,0,25,,14727,24,,,0,55,,14746,24,,,0,15,,14728,24,,,0,15,,14747,24,,,0,14,,14729,24,,,0,53,,14748,24,,,0,13,,14730,24,,,0,12,,14749,24,,,0,13,,14731,24,,,0,12,,14750,24,,,0,53,,14732,24,,,0,30,,14733,24,,,0,70,,14734,24,,,0,30,,14735,24,,,0,100,,14736,24,,,0,100,,14737,24,,,0,100,,14738,24,,,0
9101,'244.0.1',806,,14805,28,,,0,100,,14806,28,,,0,100,,14807,28,,,0,100,,14808,28,,,0,100,,14809,28,,,0,100,,14810,28,,,0,100,,14811,28,,,0,100,,14812,28,,,0,100,,14813,28,,,0,100,,14814,28,,,0,100,,14815,28,,,0,100,,14816,28,,,0,100,,14817,28,,,0,100,,14818,28,,,0,100,,14819,28,,,0,100,,14820,28,,,0
9101,'244.0.2',835,,14821,28,,,0,100,,14822,28,,,0,100,,14823,28,,,0,100,,14824,28,,,0,100,,14825,28,,,0,100,,14826,28,,,0,100,,14827,28,,,0,100,,14828,28,,,0,100,,14829,28,,,0,100,,14830,28,,,0,100,,14831,28,,,0,100,,14832,28,,,0,100,,14833,28,,,0,100,,14834,28,,,0,100,,14835,28,,,0
9101,'244.0.3',610,,14836,28,,,0,30,,14837,28,,,0,74,,14838,28,,,0,24,,14839,28,,,0,70,,14840,28,,,0,37,,14841,28,,,0,69,,14842,28,,,0,29,,14843,28,,,0,100,,14844,28,,,0,103,,14845,28,,,0,100,,14846,28,,,0,99,,14847,28,,,0,107,,14848,28,,,0,101,,14849,28,,,0,71,,14850,28,,,0,30,,14851,28,,,0,73,,14852,28,,,0,30,,14853,28,,,0,65,,14854,28,,,0,94,,14855,28,,,0,100,,14856,28,,,0,100,,14857,28,,,0,100,,14858,28,,,0,100,,14859,28,,,0
9301,'244.0.3',615,,14867,25,,,0,30,,14868,25,,,0,69,,14869,25,,,0,30,,14870,25,,,0,71,,14871,25,,,0,30,,14872,25,,,0
