2201,'259.0.1',557,,19902,16,,,0,70,,19903,16,,,0,30,,19904,16,,,0,70,,19905,16,,,0,30,,19906,16,,,0,70,,19907,16,,,0,30,,19908,16,,,0,70,,19909,16,,,0,29,,19910,16,,,0,70,,19911,16,,,0,30,,19912,16,,,0,70,,19913,16,,,0,30,,19914,16,,,0,70,,19915,16,,,0,30,,19916,16,,,0,70,,19917,16,,,0,30,,19918,16,,,0,70,,19919,16,,,0,30,,19920,16,,,0,70,,19921,16,,,0,30,,19922,16,,,0,70,,19923,16,,,0,31,,19924,16,,,0,70,,19925,16,,,0,30,,19926,16,,,0,70,,19927,16,,,0,30,,19928,16,,,0,70,,19929,16,,,0,30,,19930,16,,,0,70,,19931,16,,,0,30,,19932,16,,,0,70,,19933,16,,,0,30,,19934,16,,,0,70,,19935,16,,,0,30,,19936,16,,,0,70,,19937,16,,,0
2201,'259.0.2',547,,19938,16,,,0,70,,19939,16,,,0,30,,19940,16,,,0,70,,19941,16,,,0,30,,19942,16,,,0,70,,19943,16,,,0,30,,19944,16,,,0,70,,19945,16,,,0,30,,19946,16,,,0,70,,19947,16,,,0,30,,19948,16,,,0,70,,19949,16,,,0,30,,19950,16,,,0,70,,19951,16,,,0,30,,19952,16,,,0,70,,19953,16,,,0,30,,19954,16,,,0,70,,19955,16,,,0,30,,19956,16,,,0,70,,19957,16,,,0,30,,19958,16,,,0,70,,19959,16,,,0,30,,19960,16,,,0,70,,19961,16,,,0,30,,19962,16,,,0,70,,19963,16,,,0,30,,19964,16,,,0,70,,19965,16,,,0,30,,19966,16,,,0,70,,19967,16,,,0,30,,19968,16,,,0,70,,19969,16,,,0,30,,19970,16,,,0,70,,19971,16,,,0,30,,19972,16,,,0,70,,19973,16,,,0,30,,19974,16,,,0
2201,'259.0.3',610,,19975,16,,,0,30,,19976,16,,,0,70,,19977,16,,,0,27,,19978,16,,,0,70,,19979,16,,,0,30,,19980,16,,,0,71,,19981,16,,,0,29,,19982,16,,,0,70,,19983,16,,,0,30,,19984,16,,,0,70,,19985,16,,,0,30,,19986,16,,,0,70,,19987,16,,,0,30,,19988,16,,,0,70,,19989,16,,,0,30,,19990,16,,,0,70,,19991,16,,,0,29,,19992,16,,,0,70,,19993,16,,,0,30,,19994,16,,,0,70,,19995,16,,,0,30,,19996,16,,,0,70,,19997,16,,,0,30,,19998,16,,,0,70,,19999,16,,,0,31,,20000,16,,,0,70,,20001,16,,,0,30,,20002,16,,,0,70,,20003,16,,,0,30,,20004,16,,,0,70,,20005,16,,,0,30,,20006,16,,,0,70,,20007,16,,,0,30,,20008,16,,,0,70,,20009,16,,,0,30,,20010,16,,,0
2501,'259.0.1',710,,20285,23,,,0,100,,20286,23,,,0,100,,20287,23,,,0,100,,20288,23,,,0,100,,20289,23,,,0,100,,20290,23,,,0,100,,20291,23,,,0,100,,20292,23,,,0,100,,20293,23,,,0,100,,20294,23,,,0,100,,20295,23,,,0,100,,20296,23,,,0,100,,20297,23,,,0,100,,20298,23,,,0,100,,20299,23,,,0,100,,20300,23,,,0
2501,'259.0.2',810,,20301,23,,,0,100,,20302,23,,,0,100,,20303,23,,,0,100,,20304,23,,,0,100,,20305,23,,,0,100,,20306,23,,,0,100,,20307,23,,,0,100,,20308,23,,,0,100,,20309,23,,,0,100,,20310,23,,,0,100,,20311,23,,,0,100,,20312,23,,,0,100,,20313,23,,,0,100,,20314,23,,,0
2501,'259.0.3',613,,20315,23,,,0,30,,20316,23,,,0,70,,20317,23,,,0,36,,20318,23,,,0,65,,20319,23,,,0,30,,20320,23,,,0,70,,20321,23,,,0,29,,20322,23,,,0,100,,20323,23,,,0,100,,20324,23,,,0,100,,20325,23,,,0,100,,20326,23,,,0,100,,20327,23,,,0,100,,20328,23,,,0,74,,20329,23,,,0,32,,20330,23,,,0,72,,20331,23,,,0,26,,20332,23,,,0,69,,20333,23,,,0,26,,20334,23,,,0,70,,20335,23,,,0,30,,20336,23,,,0,100,,20337,23,,,0,100,,20338,23,,,0,100,,20339,23,,,0,100,,20340,23,,,0
12300,'259.0.3',630,,23700,32,,,0,70,,23702,32,,,0,105,,23703,32,,,0,30,,23704,32,,,0,67,,23701,32,,,0
12300,'259.1141.3',733,,23705,32,,,0
12300,'259.1143.3',733,,23706,32,,,0
12700,'259.0.3',630,,23720,22,,,0,18,,23721,22,,,0,60,,23722,22,,,0,9,,23723,22,,,0,8,,23724,22,,,0,18,,23725,22,,,0,14,,23726,22,,,0,55,,23727,22,,,0,5,,23728,22,,,0
41501,'259.0.3',655,,24134,24,,,0,146,,24135,24,,,0,54,,24136,24,,,0,99,,24137,24,,,0,563,,24141,24,,,0,105,,24138,24,,,0,101,,24139,24,,,0,98,,24140,24,,,0
1000901,'259.0.1',659,,24620,30,,,0,100,,24621,30,,,0,141,,24622,30,,,0,100,,24623,30,,,0,100,,24624,30,,,0,100,,24625,30,,,0,100,,24626,30,,,0,100,,24627,30,,,0,100,,24628,30,,,0,100,,24629,30,,,0,100,,24630,30,,,0,57,,24631,30,,,0,100,,24632,30,,,0,100,,24633,30,,,0,99,,24634,30,,,0,100,,24635,30,,,0,100,,24636,30,,,0,100,,24637,30,,,0
1000901,'259.0.2',657,,24638,30,,,0,98,,24639,30,,,0,102,,24640,30,,,0,100,,24641,30,,,0,100,,24642,30,,,0,100,,24643,30,,,0,100,,24644,30,,,0,100,,24645,30,,,0,100,,24646,30,,,0,100,,24647,30,,,0,100,,24648,30,,,0,100,,24649,30,,,0,100,,24650,30,,,0,100,,24651,30,,,0,97,,24652,30,,,0,100,,24653,30,,,0,100,,24654,30,,,0,100,,24655,30,,,0
1000901,'259.0.3',543,,24656,30,,,0,67,,24657,30,,,0,25,,24658,30,,,0,10,,24659,30,,,0,5,,24660,30,,,0,55,,24661,30,,,0,20,,24662,30,,,0,5,,24663,30,,,0,15,,24664,30,,,0,10,,24665,30,,,0,60,,24666,30,,,0,10,,24667,30,,,0,20,,24668,30,,,0,9,,24669,30,,,0,51,,24670,30,,,0,10,,24671,30,,,0,25,,24672,30,,,0,15,,24673,30,,,0,55,,24674,30,,,0,30,,24675,30,,,0,15,,24676,30,,,0,55,,24677,30,,,0,30,,24678,30,,,0,15,,24679,30,,,0,55,,24680,30,,,0,30,,24681,30,,,0,15,,24682,30,,,0,55,,24683,30,,,0,30,,24684,30,,,0,15,,24685,30,,,0,55,,24686,30,,,0,30,,24687,30,,,0,15,,24688,30,,,0,55,,24689,30,,,0,29,,24690,30,,,0,65,,24691,30,,,0,5,,24692,30,,,0,25,,24693,30,,,0,10,,24694,30,,,0,60,,24695,30,,,0,10,,24696,30,,,0,20,,24697,30,,,0,10,,24698,30,,,0,60,,24699,30,,,0,10,,24700,30,,,0,18,,24701,30,,,0,10,,24702,30,,,0,65,,24703,30,,,0,30,,24704,30,,,0,71,,24705,30,,,0,29,,24706,30,,,0,70,,24707,30,,,0,28,,24708,30,,,0,70,,24709,30,,,0,35,,24710,30,,,0,60,,24711,30,,,0,40,,24712,30,,,0,60,,24713,30,,,0,40,,24714,30,,,0,60,,24715,30,,,0
2000901,'259.0.1',629,,25643,46,,,0,100,,25644,46,,,0,99,,25645,46,,,0,102,,25646,46,,,0,100,,25647,46,,,0,100,,25648,46,,,0,100,,25649,46,,,0,100,,25650,46,,,0,100,,25651,46,,,0,100,,25652,46,,,0,100,,25653,46,,,0,100,,25654,46,,,0,97,,25655,46,,,0,100,,25656,46,,,0,99,,25657,46,,,0,100,,25658,46,,,0,100,,25659,46,,,0,100,,25660,46,,,0,100,,25661,46,,,0
2000901,'259.0.2',627,,25662,46,,,0,100,,25663,46,,,0,98,,25664,46,,,0,102,,25665,46,,,0,100,,25666,46,,,0,100,,25667,46,,,0,100,,25668,46,,,0,100,,25669,46,,,0,100,,25670,46,,,0,100,,25671,46,,,0,100,,25672,46,,,0,100,,25673,46,,,0,100,,25674,46,,,0,100,,25675,46,,,0,97,,25676,46,,,0,100,,25677,46,,,0,100,,25678,46,,,0,99,,25679,46,,,0,100,,25680,46,,,0
2000901,'259.0.3',555,,25681,46,,,0,70,,25682,46,,,0,30,,25683,46,,,0,80,,25684,46,,,0,70,,25685,46,,,0,30,,25686,46,,,0,21,,25687,46,,,0,69,,25688,46,,,0,100,,25689,46,,,0,100,,25690,46,,,0,100,,25691,46,,,0,100,,25692,46,,,0,100,,25693,46,,,0,99,,25694,46,,,0,30,,25695,46,,,0,70,,25696,46,,,0,30,,25697,46,,,0,70,,25698,46,,,0,30,,25699,46,,,0,69,,25700,46,,,0,29,,25701,46,,,0,70,,25702,46,,,0,30,,25703,46,,,0,70,,25704,46,,,0,30,,25705,46,,,0,70,,25706,46,,,0,22,,25707,46,,,0,70,,25708,46,,,0,100,,25709,46,,,0,100,,25710,46,,,0
