5601,'259.0.1',636,,21398,22,,,0,70,,21399,22,,,0,30,,21400,22,,,0,70,,21401,22,,,0,30,,21402,22,,,0,70,,21403,22,,,0,30,,21404,22,,,0,70,,21405,22,,,0,36,,21406,22,,,0,70,,21407,22,,,0,30,,21408,22,,,0,70,,21409,22,,,0,30,,21410,22,,,0,70,,21411,22,,,0,30,,21412,22,,,0,70,,21413,22,,,0,30,,21414,22,,,0,70,,21415,22,,,0,30,,21416,22,,,0,70,,21417,22,,,0,30,,21418,22,,,0,68,,21419,22,,,0,30,,21420,22,,,0,70,,21421,22,,,0,30,,21422,22,,,0,70,,21423,22,,,0,30,,21424,22,,,0,70,,21425,22,,,0,30,,21426,22,,,0,66,,21427,22,,,0,30,,21428,22,,,0,70,,21429,22,,,0,30,,21430,22,,,0,70,,21431,22,,,0,30,,21432,22,,,0,70,,21433,22,,,0
5601,'259.0.2',759,,21434,22,,,0,70,,21435,22,,,0,30,,21436,22,,,0,70,,21437,22,,,0,30,,21438,22,,,0,70,,21439,22,,,0,30,,21440,22,,,0,70,,21441,22,,,0,74,,21442,22,,,0,30,,21443,22,,,0,70,,21444,22,,,0,30,,21445,22,,,0,70,,21446,22,,,0,30,,21447,22,,,0,70,,21448,22,,,0,30,,21449,22,,,0,70,,21450,22,,,0,30,,21451,22,,,0,70,,21452,22,,,0,30,,21453,22,,,0,70,,21454,22,,,0,30,,21455,22,,,0,70,,21456,22,,,0,27,,21457,22,,,0,70,,21458,22,,,0,30,,21459,22,,,0,70,,21460,22,,,0,30,,21461,22,,,0,70,,21462,22,,,0,30,,21463,22,,,0
5601,'259.0.3',638,,21464,22,,,0,70,,21465,22,,,0,30,,21466,22,,,0,70,,21467,22,,,0,30,,21468,22,,,0,70,,21469,22,,,0,30,,21470,22,,,0,70,,21471,22,,,0,34,,21472,22,,,0,70,,21473,22,,,0,30,,21474,22,,,0,70,,21475,22,,,0,30,,21476,22,,,0,70,,21477,22,,,0,30,,21478,22,,,0,70,,21479,22,,,0,30,,21480,22,,,0,70,,21481,22,,,0,31,,21482,22,,,0,70,,21483,22,,,0,30,,21484,22,,,0,70,,21485,22,,,0,30,,21486,22,,,0,70,,21487,22,,,0,30,,21488,22,,,0,69,,21489,22,,,0,27,,21490,22,,,0,70,,21491,22,,,0,30,,21492,22,,,0,70,,21493,22,,,0,29,,21494,22,,,0,69,,21495,22,,,0,30,,21496,22,,,0,70,,21497,22,,,0,30,,21498,22,,,0,70,,21499,22,,,0
7201,'259.0.1',640,,22502,9,,,0,77,,22503,29,,,0,30,,22504,29,,,0,70,,22505,29,,,0,30,,22506,29,,,0,70,,22507,29,,,0,30,,22508,29,,,0,75,,22509,29,,,0,30,,22510,29,,,0,70,,22511,29,,,0,36,,22512,29,,,0,70,,22513,29,,,0,30,,22514,29,,,0,70,,22515,29,,,0,30,,22516,29,,,0,70,,22517,29,,,0,30,,22518,29,,,0,70,,22519,29,,,0,30,,22520,29,,,0,70,,22521,29,,,0,30,,22522,29,,,0,70,,22523,29,,,0,30,,22524,29,,,0,67,,22525,29,,,0,25,,22526,29,,,0,70,,22527,29,,,0,100,,22528,29,,,0,100,,22529,29,,,0,100,,22530,29,,,0,100,,22531,29,,,0,100,,22532,29,,,0
7201,'259.0.2',716,,22533,9,,,0,100,,22534,29,,,0,100,,22535,29,,,0,100,,22536,29,,,0,104,,22537,29,,,0,106,,22538,29,,,0,100,,22539,29,,,0,100,,22540,29,,,0,100,,22541,29,,,0,100,,22542,29,,,0,100,,22543,29,,,0,96,,22544,29,,,0,100,,22545,29,,,0,92,,22546,29,,,0,100,,22547,29,,,0,100,,22548,29,,,0,100,,22549,29,,,0
7201,'259.0.3',652,,22550,29,,,0,70,,22551,29,,,0,30,,22552,29,,,0,73,,22553,29,,,0,32,,22554,29,,,0,72,,22555,29,,,0,30,,22556,29,,,0,68,,22557,29,,,0,30,,22558,29,,,0,70,,22559,29,,,0,30,,22560,29,,,0,70,,22561,29,,,0,30,,22562,29,,,0,70,,22563,29,,,0,30,,22564,29,,,0,70,,22565,29,,,0,32,,22566,29,,,0,70,,22567,29,,,0,71,,22568,29,,,0,31,,22569,29,,,0,70,,22570,29,,,0,30,,22571,29,,,0,70,,22572,29,,,0,30,,22573,29,,,0,24,,22574,29,,,0,64,,22575,29,,,0,100,,22576,29,,,0,100,,22577,29,,,0,100,,22578,29,,,0,100,,22579,29,,,0
2001000,'259.0.1',659,,25713,33,,,0,85,,25714,33,,,0,70,,25715,33,,,0,30,,25716,33,,,0,70,,25717,33,,,0,31,,25718,33,,,0,73,,25719,33,,,0,30,,25720,33,,,0,70,,25721,33,,,0,33,,25722,33,,,0,70,,25723,33,,,0,30,,25724,33,,,0,70,,25725,33,,,0,30,,25726,33,,,0,70,,25727,33,,,0,30,,25728,33,,,0,70,,25729,33,,,0,30,,25730,33,,,0,70,,25731,33,,,0,30,,25732,33,,,0,70,,25733,33,,,0,30,,25734,33,,,0,70,,25735,33,,,0,30,,25736,33,,,0,68,,25737,33,,,0,30,,25738,33,,,0,70,,25739,33,,,0,85,,25740,33,,,0,96,,25741,33,,,0,100,,25742,33,,,0,100,,25743,33,,,0
2001000,'259.0.2',657,,25744,33,,,0,155,,25745,33,,,0,30,,25746,33,,,0,70,,25747,33,,,0,32,,25748,33,,,0,72,,25749,33,,,0,30,,25750,33,,,0,70,,25751,33,,,0,30,,25752,33,,,0,70,,25753,33,,,0,30,,25754,33,,,0,70,,25755,33,,,0,32,,25756,33,,,0,71,,25757,33,,,0,30,,25758,33,,,0,70,,25759,33,,,0,30,,25760,33,,,0,70,,25761,33,,,0,30,,25762,33,,,0,70,,25763,33,,,0,30,,25764,33,,,0,70,,25765,33,,,0,85,,25766,33,,,0,96,,25767,33,,,0,100,,25768,33,,,0,100,,25769,33,,,0,100,,25770,33,,,0,100,,25771,33,,,0,100,,25772,33,,,0
2001000,'259.0.3',613,,25773,33,,,0,91,,25774,33,,,0,20,,25775,33,,,0,20,,25776,33,,,0,61,,25777,33,,,0,24,,25778,33,,,0,21,,25779,33,,,0,60,,25780,33,,,0,20,,25781,33,,,0,77,,25782,33,,,0,30,,25783,33,,,0,70,,25784,33,,,0,30,,25785,33,,,0,70,,25786,33,,,0,30,,25787,33,,,0,70,,25788,33,,,0,30,,25789,33,,,0,70,,25790,33,,,0,25,,25791,33,,,0,17,,25792,33,,,0,60,,25793,33,,,0,20,,25794,33,,,0,21,,25795,33,,,0,68,,25796,33,,,0,20,,25797,33,,,0,20,,25798,33,,,0,60,,25799,33,,,0,18,,25800,33,,,0,19,,25801,33,,,0,59,,25802,33,,,0,15,,25803,33,,,0,16,,25804,33,,,0,63,,25805,33,,,0,20,,25806,33,,,0,24,,25807,33,,,0,70,,25808,33,,,0,30,,25809,33,,,0,70,,25810,33,,,0,30,,25811,33,,,0
3001000,'259.0.1',629,,26275,33,,,0,100,,26276,33,,,0,30,,26277,33,,,0,70,,26278,33,,,0,30,,26279,33,,,0,71,,26280,33,,,0,73,,26281,33,,,0,30,,26282,33,,,0,70,,26283,33,,,0,30,,26284,33,,,0,73,,26285,33,,,0,30,,26286,33,,,0,70,,26287,33,,,0,30,,26288,33,,,0,70,,26289,33,,,0,30,,26290,33,,,0,70,,26291,33,,,0,30,,26292,33,,,0,70,,26293,33,,,0,30,,26294,33,,,0,70,,26295,33,,,0,30,,26296,33,,,0,70,,26297,33,,,0,30,,26298,33,,,0,68,,26299,33,,,0,30,,26300,33,,,0,100,,26301,33,,,0,100,,26302,33,,,0,96,,26303,33,,,0,100,,26304,33,,,0,100,,26305,33,,,0
3001000,'259.0.2',627,,26307,33,,,0,100,,26308,33,,,0,30,,26309,33,,,0,70,,26310,33,,,0,30,,26311,33,,,0,70,,26312,33,,,0,30,,26313,33,,,0,74,,26314,33,,,0,70,,26315,33,,,0,30,,26316,33,,,0,70,,26317,33,,,0,30,,26318,33,,,0,70,,26319,33,,,0,30,,26320,33,,,0,70,,26321,33,,,0,33,,26322,33,,,0,70,,26323,33,,,0,30,,26324,33,,,0,70,,26325,33,,,0,30,,26326,33,,,0,70,,26327,33,,,0,30,,26328,33,,,0,70,,26329,33,,,0,30,,26330,33,,,0,100,,26331,33,,,0,96,,26332,33,,,0,100,,26333,33,,,0,100,,26334,33,,,0,100,,26335,33,,,0
3001000,'259.0.3',618,,26339,33,,,0,19,,26340,33,,,0,20,,26341,33,,,0,59,,26342,33,,,0,18,,26343,33,,,0,17,,26344,33,,,0,60,,26345,33,,,0,33,,26346,33,,,0,60,,26347,33,,,0,20,,26348,33,,,0,28,,26349,33,,,0,70,,26350,33,,,0,30,,26351,33,,,0,70,,26352,33,,,0,30,,26353,33,,,0,70,,26354,33,,,0,30,,26355,33,,,0,70,,26356,33,,,0,30,,26357,33,,,0,70,,26358,33,,,0,20,,26359,33,,,0,60,,26360,33,,,0,20,,26361,33,,,0,20,,26362,33,,,0,66,,26363,33,,,0,23,,26364,33,,,0,20,,26365,33,,,0,60,,26366,33,,,0,18,,26367,33,,,0,19,,26368,33,,,0,60,,26369,33,,,0,14,,26370,33,,,0,16,,26371,33,,,0,20,,26372,33,,,0,60,,26373,33,,,0,19,,26374,33,,,0,70,,26375,33,,,0,30,,26376,33,,,0,70,,26377,33,,,0,30,,26378,33,,,0,69,,26379,33,,,0,27,,26380,33,,,0,70,,26381,33,,,0,30,,26382,33,,,0,70,,26383,33,,,0,30,,26384,33,,,0
