800,'244.0.1',609,,10559,40,,,0,30,,10560,40,,,0,70,,10561,40,,,0,30,,10562,40,,,0,71,,10563,40,,,0,23,,10564,40,,,0,22,,10565,40,,,0,70,,10566,40,,,0,30,,10567,40,,,0,70,,10568,40,,,0,31,,10569,40,,,0,69,,10570,40,,,0,30,,10571,40,,,0,70,,10572,40,,,0,30,,10573,40,,,0,70,,10574,40,,,0,30,,10575,40,,,0,70,,10576,40,,,0,32,,10577,40,,,0,70,,10578,40,,,0,30,,10579,40,,,0,70,,10580,40,,,0,30,,10581,40,,,0,70,,10582,40,,,0,30,,10583,40,,,0,70,,10584,40,,,0,30,,10585,40,,,0,70,,10586,40,,,0,30,,10587,40,,,0,70,,10588,40,,,0,30,,10589,40,,,0,70,,10590,40,,,0,30,,10591,40,,,0,70,,10592,40,,,0,25,,10593,40,,,0,69,,10594,40,,,0,30,,10595,40,,,0,100,,10596,40,,,0
800,'244.0.2',627,,10597,40,,,0,30,,10598,40,,,0,70,,10599,40,,,0,30,,10600,40,,,0,70,,10601,40,,,0,30,,10602,40,,,0,70,,10603,40,,,0,30,,10604,40,,,0,71,,10605,40,,,0,74,,10606,40,,,0,30,,10607,40,,,0,25,,10608,40,,,0,71,,10609,40,,,0,72,,10610,40,,,0,30,,10611,40,,,0,70,,10612,40,,,0,30,,10613,40,,,0,70,,10614,40,,,0,30,,10615,40,,,0,70,,10616,40,,,0,30,,10617,40,,,0,75,,10618,40,,,0,29,,10619,40,,,0,70,,10620,40,,,0,29,,10621,40,,,0,69,,10622,40,,,0,28,,10623,40,,,0,70,,10624,40,,,0,28,,10625,40,,,0,29,,10626,40,,,0,70,,10627,40,,,0,30,,10628,40,,,0,70,,10629,40,,,0,30,,10630,40,,,0,100,,10631,40,,,0,100,,10632,40,,,0
800,'244.0.3',558,,10635,40,,,0,70,,10636,40,,,0,30,,10637,40,,,0,78,,10638,40,,,0,72,,10639,40,,,0,31,,10640,40,,,0,70,,10641,40,,,0,30,,10642,40,,,0,70,,10643,40,,,0,20,,10644,40,,,0,20,,10645,40,,,0,60,,10646,40,,,0,20,,10647,40,,,0,20,,10648,40,,,0,60,,10649,40,,,0,20,,10650,40,,,0,20,,10651,40,,,0,60,,10652,40,,,0,20,,10653,40,,,0,20,,10654,40,,,0,60,,10655,40,,,0,20,,10656,40,,,0,20,,10657,40,,,0,61,,10658,40,,,0,29,,10659,40,,,0,64,,10660,40,,,0,20,,10661,40,,,0,20,,10662,40,,,0,60,,10663,40,,,0,20,,10664,40,,,0,20,,10665,40,,,0,60,,10666,40,,,0,16,,10667,40,,,0,26,,10668,40,,,0,10,,10683,40,,,0,50,,10669,40,,,0,30,,10670,40,,,0,70,,10671,40,,,0,30,,10672,40,,,0,70,,10673,40,,,0,28,,10674,40,,,0,69,,10675,40,,,0,30,,10676,40,,,0,70,,10677,40,,,0,30,,10678,40,,,0,70,,10679,40,,,0,30,,10680,40,,,0,70,,10681,40,,,0,30,,10682,40,,,0
9000,'244.0.1',633,,14558,33,,,0,25,,14559,33,,,0,70,,14560,33,,,0,30,,14561,33,,,0,70,,14562,33,,,0,25,,14563,33,,,0,70,,14564,33,,,0,30,,14565,33,,,0,66,,14566,33,,,0,33,,14567,33,,,0,70,,14568,33,,,0,30,,14569,33,,,0,70,,14570,33,,,0,27,,14571,33,,,0,70,,14572,33,,,0,30,,14573,33,,,0,70,,14574,33,,,0,30,,14575,33,,,0,70,,14576,33,,,0,30,,14577,33,,,0,70,,14578,33,,,0,33,,14579,33,,,0,70,,14580,33,,,0,30,,14581,33,,,0,70,,14582,33,,,0,30,,14583,33,,,0,70,,14584,33,,,0,30,,14585,33,,,0,70,,14586,33,,,0,104,,14587,33,,,0,100,,14588,33,,,0,100,,14589,33,,,0,100,,14590,33,,,0
9000,'244.0.2',622,,14591,33,,,0,100,,14592,33,,,0,100,,14593,33,,,0,95,,14594,33,,,0,97,,14595,33,,,0,100,,14596,33,,,0,102,,14597,33,,,0,100,,14598,33,,,0,98,,14599,33,,,0,100,,14600,33,,,0,100,,14601,33,,,0,100,,14602,33,,,0,103,,14603,33,,,0,104,,14604,33,,,0,101,,14605,33,,,0,100,,14606,33,,,0,100,,14607,33,,,0,100,,14608,33,,,0
9000,'244.0.3',620,,14642,33,,,0,15,,14641,33,,,0,15,,14609,33,,,0,55,,14643,33,,,0,15,,14610,33,,,0,15,,14644,33,,,0,15,,14611,33,,,0,55,,14645,33,,,0,20,,14612,33,,,0,30,,14613,33,,,0,65,,14614,33,,,0,31,,14615,33,,,0,69,,14616,33,,,0,30,,14617,33,,,0,70,,14618,33,,,0,28,,14619,33,,,0,71,,14620,33,,,0,30,,14621,33,,,0,70,,14622,33,,,0,30,,14623,33,,,0,70,,14624,33,,,0,36,,14625,33,,,0,57,,14646,33,,,0,15,,14626,33,,,0,15,,14647,33,,,0,15,,14627,33,,,0,55,,14648,33,,,0,15,,14628,33,,,0,15,,14649,33,,,0,15,,14653,33,,,0,55,,14650,33,,,0,15,,14629,33,,,0,15,,14651,33,,,0,13,,14630,33,,,0,50,,14652,33,,,0,12,,14631,33,,,0,35,,14632,33,,,0,70,,14633,33,,,0,30,,14634,33,,,0,70,,14635,33,,,0,30,,14636,33,,,0,100,,14637,33,,,0,96,,14638,33,,,0,100,,14639,33,,,0,100,,14640,33,,,0
9100,'244.0.1',726,,14751,20,,,0,100,,14752,20,,,0,100,,14753,20,,,0,100,,14754,20,,,0,100,,14755,20,,,0,100,,14756,20,,,0,100,,14757,20,,,0,100,,14758,20,,,0,100,,14759,20,,,0,100,,14760,20,,,0,100,,14761,20,,,0,100,,14762,20,,,0,100,,14763,20,,,0,100,,14764,20,,,0,100,,14765,20,,,0,100,,14766,20,,,0
9100,'244.0.2',755,,14767,20,,,0,100,,14768,20,,,0,100,,14769,20,,,0,100,,14770,20,,,0,100,,14771,20,,,0,100,,14772,20,,,0,100,,14773,20,,,0,100,,14774,20,,,0,100,,14775,20,,,0,100,,14776,20,,,0,100,,14777,20,,,0,100,,14778,20,,,0,100,,14779,20,,,0,100,,14780,20,,,0,100,,14781,20,,,0
9100,'244.0.3',635,,14782,20,,,0,24,,14783,20,,,0,68,,14784,20,,,0,76,,14785,20,,,0,29,,14786,20,,,0,71,,14787,20,,,0,100,,14788,20,,,0,103,,14789,20,,,0,100,,14790,20,,,0,99,,14791,20,,,0,100,,14792,20,,,0,101,,14793,20,,,0,30,,14794,20,,,0,70,,14795,20,,,0,30,,14796,20,,,0,70,,14797,20,,,0,30,,14798,20,,,0,71,,14799,20,,,0,30,,14800,20,,,0,97,,14801,20,,,0,100,,14802,20,,,0,100,,14803,20,,,0,100,,14804,20,,,0
9300,'244.0.3',1543,,14860,27,,,0,67,,14861,27,,,0,42,,14862,27,,,0,62,,14863,27,,,0,35,,14864,27,,,0,59,,14865,27,,,0,30,,14866,27,,,0
