2400,'244.0.1',608,,11184,17,,,0,30,,11185,17,,,0,70,,11186,17,,,0,30,,11187,17,,,0,70,,11188,17,,,0,30,,11189,17,,,0,70,,11190,17,,,0,30,,11191,17,,,0,71,,11192,17,,,0,30,,11193,17,,,0,70,,11194,17,,,0,30,,11195,17,,,0,70,,11196,17,,,0,30,,11197,17,,,0,70,,11198,17,,,0,30,,11199,17,,,0,70,,11200,17,,,0,30,,11201,17,,,0,70,,11202,17,,,0,30,,11203,17,,,0,70,,11204,17,,,0,30,,11205,17,,,0,70,,11206,17,,,0,30,,11207,17,,,0,70,,11208,17,,,0,29,,11209,17,,,0,70,,11210,17,,,0,30,,11211,17,,,0,70,,11212,17,,,0,30,,11213,17,,,0,70,,11214,17,,,0,30,,11215,17,,,0,70,,11216,17,,,0,30,,11217,17,,,0,70,,11218,17,,,0,30,,11219,17,,,0
2400,'244.0.2',608,,11220,17,,,0,30,,11221,17,,,0,70,,11222,17,,,0,30,,11223,17,,,0,70,,11224,17,,,0,30,,11225,17,,,0,70,,11226,17,,,0,31,,11227,17,,,0,70,,11228,17,,,0,30,,11229,17,,,0,70,,11230,17,,,0,30,,11231,17,,,0,70,,11232,17,,,0,30,,11233,17,,,0,70,,11234,17,,,0,30,,11235,17,,,0,70,,11236,17,,,0,30,,11237,17,,,0,70,,11238,17,,,0,30,,11239,17,,,0,70,,11240,17,,,0,30,,11241,17,,,0,70,,11242,17,,,0,30,,11243,17,,,0,70,,11244,17,,,0,29,,11245,17,,,0,70,,11246,17,,,0,30,,11247,17,,,0,70,,11248,17,,,0,30,,11249,17,,,0,70,,11250,17,,,0,30,,11251,17,,,0,70,,11252,17,,,0,30,,11253,17,,,0,70,,11254,17,,,0,30,,11255,17,,,0
2400,'244.0.3',610,,11256,17,,,0,30,,11257,17,,,0,66,,11258,17,,,0,29,,11259,17,,,0,70,,11260,17,,,0,34,,11261,17,,,0,70,,11262,17,,,0,30,,11263,17,,,0,70,,11264,17,,,0,30,,11265,17,,,0,70,,11266,17,,,0,30,,11267,17,,,0,70,,11268,17,,,0,30,,11269,17,,,0,70,,11270,17,,,0,30,,11271,17,,,0,70,,11272,17,,,0,30,,11273,17,,,0,70,,11274,17,,,0,30,,11275,17,,,0,70,,11276,17,,,0,30,,11277,17,,,0,70,,11278,17,,,0,30,,11279,17,,,0,70,,11280,17,,,0,30,,11281,17,,,0,69,,11282,17,,,0,30,,11283,17,,,0,70,,11284,17,,,0,30,,11285,17,,,0,70,,11286,17,,,0,30,,11287,17,,,0,70,,11288,17,,,0,30,,11289,17,,,0,70,,11290,17,,,0,30,,11291,17,,,0
12700,'244.0.3',623,,14893,11,,,0,18,,14894,11,,,0,59,,14895,11,,,0,8,,14896,11,,,0,8,,14897,11,,,0,17,,14898,11,,,0,13,,14899,11,,,0,55,,14900,11,,,0,5,,14901,11,,,0
1000901,'244.0.1',652,,15814,22,,,0,100,,15815,22,,,0,101,,15816,22,,,0,100,,15817,22,,,0,100,,15818,22,,,0,100,,15819,22,,,0,100,,15820,22,,,0,100,,15821,22,,,0,100,,15822,22,,,0,100,,15823,22,,,0,100,,15824,22,,,0,98,,15825,22,,,0,100,,15826,22,,,0,100,,15827,22,,,0,99,,15828,22,,,0,100,,15829,22,,,0,100,,15830,22,,,0,100,,15831,22,,,0
1000901,'244.0.2',651,,15832,22,,,0,98,,15833,22,,,0,102,,15834,22,,,0,100,,15835,22,,,0,100,,15836,22,,,0,100,,15837,22,,,0,100,,15838,22,,,0,100,,15839,22,,,0,100,,15840,22,,,0,100,,15841,22,,,0,100,,15842,22,,,0,100,,15843,22,,,0,100,,15844,22,,,0,100,,15845,22,,,0,98,,15846,22,,,0,100,,15847,22,,,0,100,,15848,22,,,0,101,,15849,22,,,0
1000901,'244.0.3',537,,15850,22,,,0,67,,15851,22,,,0,25,,15852,22,,,0,10,,15853,22,,,0,5,,15854,22,,,0,15,,15855,22,,,0,54,,15856,22,,,0,5,,15857,22,,,0,15,,15858,22,,,0,10,,15859,22,,,0,60,,15860,22,,,0,10,,15861,22,,,0,20,,15862,22,,,0,9,,15863,22,,,0,16,,15864,22,,,0,50,,15865,22,,,0,25,,15866,22,,,0,15,,15867,22,,,0,55,,15868,22,,,0,30,,15869,22,,,0,15,,15870,22,,,0,55,,15871,22,,,0,30,,15872,22,,,0,15,,15873,22,,,0,55,,15874,22,,,0,30,,15875,22,,,0,15,,15876,22,,,0,55,,15877,22,,,0,30,,15878,22,,,0,15,,15879,22,,,0,55,,15880,22,,,0,30,,15881,22,,,0,15,,15882,22,,,0,55,,15883,22,,,0,30,,15884,22,,,0,25,,15885,22,,,0,45,,15886,22,,,0,25,,15887,22,,,0,10,,15888,22,,,0,20,,15889,22,,,0,50,,15890,22,,,0,20,,15891,22,,,0,10,,15892,22,,,0,20,,15893,22,,,0,50,,15894,22,,,0,18,,15895,22,,,0,10,,15896,22,,,0,65,,15897,22,,,0,30,,15898,22,,,0,71,,15899,22,,,0,29,,15900,22,,,0,70,,15901,22,,,0,30,,15902,22,,,0,70,,15903,22,,,0,35,,15904,22,,,0,20,,15905,22,,,0,80,,15906,22,,,0,20,,15907,22,,,0,80,,15908,22,,,0,20,,15909,22,,,0
2000901,'244.0.1',622,,16829,38,,,0,100,,16830,38,,,0,99,,16831,38,,,0,102,,16832,38,,,0,100,,16833,38,,,0,100,,16834,38,,,0,100,,16835,38,,,0,100,,16836,38,,,0,100,,16837,38,,,0,100,,16838,38,,,0,100,,16839,38,,,0,100,,16840,38,,,0,98,,16841,38,,,0,100,,16842,38,,,0,99,,16843,38,,,0,100,,16844,38,,,0,100,,16845,38,,,0,100,,16846,38,,,0,100,,16847,38,,,0
2000901,'244.0.2',621,,16848,38,,,0,100,,16849,38,,,0,98,,16850,38,,,0,102,,16851,38,,,0,100,,16852,38,,,0,100,,16853,38,,,0,100,,16854,38,,,0,100,,16855,38,,,0,100,,16856,38,,,0,100,,16857,38,,,0,100,,16858,38,,,0,100,,16859,38,,,0,100,,16860,38,,,0,100,,16861,38,,,0,98,,16862,38,,,0,100,,16863,38,,,0,100,,16864,38,,,0,100,,16865,38,,,0,100,,16866,38,,,0
2000901,'244.0.3',549,,16867,38,,,0,70,,16868,38,,,0,30,,16869,38,,,0,74,,16870,38,,,0,30,,16871,38,,,0,70,,16872,38,,,0,26,,16873,38,,,0,69,,16874,38,,,0,100,,16875,38,,,0,100,,16876,38,,,0,100,,16877,38,,,0,100,,16878,38,,,0,100,,16879,38,,,0,100,,16880,38,,,0,30,,16881,38,,,0,70,,16882,38,,,0,30,,16883,38,,,0,70,,16884,38,,,0,30,,16885,38,,,0,69,,16886,38,,,0,29,,16887,38,,,0,70,,16888,38,,,0,30,,16889,38,,,0,70,,16890,38,,,0,30,,16891,38,,,0,70,,16892,38,,,0,24,,16893,38,,,0,70,,16894,38,,,0,100,,16895,38,,,0,100,,16896,38,,,0
