201,'259.0.1',626,,18331,41,,,0,100,,18332,41,,,0,100,,18333,41,,,0,15,,18334,41,,,0,15,,18335,41,,,0,55,,18336,41,,,0,15,,18337,41,,,0,15,,18338,41,,,0,15,,18339,41,,,0,56,,18340,41,,,0,18,,18341,41,,,0,16,,18342,41,,,0,55,,18343,41,,,0,15,,18344,41,,,0,15,,18345,41,,,0,15,,18346,41,,,0,55,,18347,41,,,0,15,,18348,41,,,0,15,,18349,41,,,0,15,,18350,41,,,0,55,,18351,41,,,0,15,,18352,41,,,0,15,,18353,41,,,0,15,,18354,41,,,0,55,,18355,41,,,0,15,,18356,41,,,0,15,,18357,41,,,0,15,,18358,41,,,0,55,,18359,41,,,0,15,,18360,41,,,0,15,,18361,41,,,0,15,,18362,41,,,0,55,,18363,41,,,0,15,,18364,41,,,0,15,,18365,41,,,0,14,,18366,41,,,0,14,,18367,41,,,0,55,,18368,41,,,0,15,,18369,41,,,0,15,,18370,41,,,0,15,,18371,41,,,0,55,,18372,41,,,0,15,,18373,41,,,0,14,,18374,41,,,0,13,,18375,41,,,0,54,,18376,41,,,0,15,,18377,41,,,0,30,,18378,41,,,0,70,,18379,41,,,0,30,,18380,41,,,0,70,,18381,41,,,0,30,,18382,41,,,0,70,,18383,41,,,0,30,,18384,41,,,0,70,,18385,41,,,0,30,,18386,41,,,0,70,,18387,41,,,0,30,,18388,41,,,0
201,'259.0.2',634,,18389,41,,,0,100,,18390,41,,,0,95,,18391,41,,,0,20,,18392,41,,,0,60,,18393,41,,,0,20,,18394,41,,,0,22,,18395,41,,,0,62,,18396,41,,,0,20,,18397,41,,,0,20,,18398,41,,,0,60,,18399,41,,,0,20,,18400,41,,,0,20,,18401,41,,,0,60,,18402,41,,,0,20,,18403,41,,,0,20,,18404,41,,,0,60,,18405,41,,,0,20,,18406,41,,,0,20,,18407,41,,,0,60,,18408,41,,,0,20,,18409,41,,,0,20,,18410,41,,,0,60,,18411,41,,,0,20,,18412,41,,,0,20,,18413,41,,,0,60,,18414,41,,,0,20,,18415,41,,,0,20,,18416,41,,,0,60,,18417,41,,,0,20,,18418,41,,,0,20,,18419,41,,,0,60,,18420,41,,,0,15,,18421,41,,,0,27,,18422,41,,,0,69,,18423,41,,,0,30,,18424,41,,,0,70,,18425,41,,,0,30,,18426,41,,,0,70,,18427,41,,,0,30,,18428,41,,,0,70,,18429,41,,,0,30,,18430,41,,,0,70,,18431,41,,,0,30,,18432,41,,,0,70,,18433,41,,,0
201,'259.0.3',557,,18434,41,,,0,70,,18435,41,,,0,30,,18436,41,,,0,55,,18437,41,,,0,15,,18438,41,,,0,22,,18439,41,,,0,58,,18440,41,,,0,15,,18441,41,,,0,15,,18442,41,,,0,15,,18443,41,,,0,55,,18444,41,,,0,13,,18445,41,,,0,14,,18446,41,,,0,15,,18447,41,,,0,55,,18448,41,,,0,15,,18449,41,,,0,15,,18450,41,,,0,15,,18451,41,,,0,55,,18452,41,,,0,15,,18453,41,,,0,15,,18454,41,,,0,15,,18455,41,,,0,55,,18456,41,,,0,15,,18457,41,,,0,15,,18458,41,,,0,15,,18459,41,,,0,55,,18460,41,,,0,15,,18461,41,,,0,15,,18462,41,,,0,15,,18463,41,,,0,55,,18464,41,,,0,15,,18465,41,,,0,15,,18466,41,,,0,15,,18467,41,,,0,55,,18468,41,,,0,15,,18469,41,,,0,16,,18470,41,,,0,17,,18471,41,,,0,56,,18472,41,,,0,15,,18473,41,,,0,15,,18474,41,,,0,15,,18475,41,,,0,55,,18476,41,,,0,15,,18477,41,,,0,15,,18478,41,,,0,13,,18479,41,,,0,52,,18480,41,,,0,14,,18481,41,,,0,15,,18482,41,,,0,15,,18483,41,,,0,54,,18484,41,,,0,27,,18485,41,,,0,30,,18486,41,,,0,70,,18487,41,,,0,30,,18488,41,,,0,70,,18489,41,,,0,30,,18490,41,,,0,70,,18491,41,,,0,30,,18492,41,,,0,70,,18493,41,,,0,30,,18494,41,,,0,70,,18495,41,,,0,30,,18496,41,,,0
501,'259.0.1',623,,19227,20,,,0,20,,19228,20,,,0,60,,19229,20,,,0,20,,19230,20,,,0,20,,19231,20,,,0,60,,19232,20,,,0,20,,19233,20,,,0,20,,19234,20,,,0,60,,19235,20,,,0,20,,19236,20,,,0,20,,19237,20,,,0,62,,19238,20,,,0,25,,19239,20,,,0,20,,19240,20,,,0,60,,19241,20,,,0,20,,19242,20,,,0,20,,19243,20,,,0,60,,19244,20,,,0,20,,19245,20,,,0,20,,19246,20,,,0,60,,19247,20,,,0,20,,19248,20,,,0,20,,19249,20,,,0,60,,19250,20,,,0,20,,19251,20,,,0,20,,19252,20,,,0,60,,19253,20,,,0,20,,19254,20,,,0,20,,19255,20,,,0,58,,19256,20,,,0,19,,19257,20,,,0,20,,19258,20,,,0,60,,19259,20,,,0,20,,19260,20,,,0,20,,19261,20,,,0,60,,19262,20,,,0,20,,19263,20,,,0,20,,19264,20,,,0,60,,19265,20,,,0,20,,19266,20,,,0,20,,19267,20,,,0,59,,19268,20,,,0,17,,19269,20,,,0,20,,19270,20,,,0,60,,19271,20,,,0,20,,19272,20,,,0,20,,19273,20,,,0,60,,19274,20,,,0,20,,19275,20,,,0,30,,19276,20,,,0,70,,19277,20,,,0,30,,19278,20,,,0,70,,19279,20,,,0,30,,19280,20,,,0
501,'259.0.2',623,,19281,20,,,0,30,,19282,20,,,0,70,,19283,20,,,0,30,,19284,20,,,0,70,,19285,20,,,0,30,,19286,20,,,0,70,,19287,20,,,0,30,,19288,20,,,0,70,,19289,20,,,0,33,,19290,20,,,0,69,,19291,20,,,0,30,,19292,20,,,0,70,,19293,20,,,0,30,,19294,20,,,0,70,,19295,20,,,0,30,,19296,20,,,0,70,,19297,20,,,0,30,,19298,20,,,0,70,,19299,20,,,0,30,,19300,20,,,0,70,,19301,20,,,0,30,,19302,20,,,0,70,,19303,20,,,0,30,,19304,20,,,0,70,,19305,20,,,0,30,,19306,20,,,0,70,,19307,20,,,0,30,,19308,20,,,0,70,,19309,20,,,0,30,,19310,20,,,0,70,,19311,20,,,0,27,,19312,20,,,0,70,,19313,20,,,0,30,,19314,20,,,0,70,,19315,20,,,0,30,,19316,20,,,0
501,'259.0.3',525,,19317,20,,,0,30,,19318,20,,,0,70,,19319,20,,,0,15,,19320,20,,,0,15,,19321,20,,,0,55,,19322,20,,,0,19,,19323,20,,,0,22,,19324,20,,,0,55,,19325,20,,,0,15,,19326,20,,,0,15,,19327,20,,,0,14,,19328,20,,,0,52,,19329,20,,,0,12,,19330,20,,,0,13,,19331,20,,,0,15,,19332,20,,,0,15,,19333,20,,,0,55,,19334,20,,,0,15,,19335,20,,,0,15,,19336,20,,,0,15,,19337,20,,,0,55,,19338,20,,,0,15,,19339,20,,,0,15,,19340,20,,,0,15,,19341,20,,,0,55,,19342,20,,,0,15,,19343,20,,,0,15,,19344,20,,,0,15,,19345,20,,,0,55,,19346,20,,,0,15,,19347,20,,,0,15,,19348,20,,,0,15,,19349,20,,,0,55,,19350,20,,,0,15,,19351,20,,,0,15,,19352,20,,,0,15,,19353,20,,,0,55,,19354,20,,,0,15,,19355,20,,,0,15,,19356,20,,,0,15,,19357,20,,,0,59,,19358,20,,,0,15,,19359,20,,,0,15,,19360,20,,,0,55,,19361,20,,,0,15,,19362,20,,,0,15,,19363,20,,,0,15,,19364,20,,,0,55,,19365,20,,,0,15,,19366,20,,,0,14,,19367,20,,,0,11,,19368,20,,,0,12,,19369,20,,,0,60,,19370,20,,,0,20,,19371,20,,,0,20,,19372,20,,,0,60,,19373,20,,,0,20,,19374,20,,,0,20,,19375,20,,,0,60,,19376,20,,,0,20,,19377,20,,,0,20,,19378,20,,,0,60,,19379,20,,,0,30,,19380,20,,,0,70,,19381,20,,,0,30,,19382,20,,,0,70,,19383,20,,,0,30,,19384,20,,,0
2900,'259.0.1',643,,20522,30,,,0,70,,20523,30,,,0,30,,20524,30,,,0,70,,20525,30,,,0,30,,20526,30,,,0,70,,20527,30,,,0,30,,20528,30,,,0,70,,20529,30,,,0,33,,20530,30,,,0,66,,20531,30,,,0,30,,20532,30,,,0,70,,20533,30,,,0,30,,20534,30,,,0,70,,20535,30,,,0,30,,20536,30,,,0,70,,20537,30,,,0,30,,20538,30,,,0,70,,20539,30,,,0,30,,20540,30,,,0,70,,20541,30,,,0,30,,20542,30,,,0,70,,20543,30,,,0,31,,20544,30,,,0,70,,20545,30,,,0,30,,20546,30,,,0,70,,20547,30,,,0,30,,20548,30,,,0,70,,20549,30,,,0,28,,20550,30,,,0,102,,20551,30,,,0,100,,20552,30,,,0,100,,20553,30,,,0,81,,20554,30,,,0
2900,'259.0.2',648,,20555,30,,,0,70,,20556,30,,,0,30,,20557,30,,,0,70,,20558,30,,,0,30,,20559,30,,,0,70,,20560,30,,,0,30,,20561,30,,,0,70,,20562,30,,,0,30,,20563,30,,,0,72,,20564,30,,,0,27,,20565,30,,,0,70,,20566,30,,,0,30,,20567,30,,,0,70,,20568,30,,,0,30,,20569,30,,,0,70,,20570,30,,,0,30,,20571,30,,,0,70,,20572,30,,,0,30,,20573,30,,,0,70,,20574,30,,,0,30,,20575,30,,,0,70,,20576,30,,,0,30,,20577,30,,,0,69,,20578,30,,,0,32,,20579,30,,,0,100,,20580,30,,,0,100,,20581,30,,,0,100,,20582,30,,,0,100,,20583,30,,,0,100,,20584,30,,,0,78,,20585,30,,,0
2900,'259.0.3',602,,20586,30,,,0,15,,20587,30,,,0,15,,20588,30,,,0,15,,20589,30,,,0,55,,20590,30,,,0,15,,20591,30,,,0,15,,20592,30,,,0,15,,20593,30,,,0,55,,20594,30,,,0,15,,20595,30,,,0,15,,20596,30,,,0,15,,20597,30,,,0,55,,20598,30,,,0,15,,20599,30,,,0,15,,20600,30,,,0,70,,20601,30,,,0,30,,20602,30,,,0,70,,20603,30,,,0,30,,20604,30,,,0,70,,20605,30,,,0,30,,20606,30,,,0,70,,20607,30,,,0,30,,20608,30,,,0,70,,20609,30,,,0,30,,20610,30,,,0,70,,20611,30,,,0,30,,20612,30,,,0,15,,20613,30,,,0,55,,20614,30,,,0,15,,20615,30,,,0,15,,20616,30,,,0,15,,20617,30,,,0,55,,20618,30,,,0,15,,20619,30,,,0,15,,20620,30,,,0,15,,20621,30,,,0,56,,20622,30,,,0,15,,20623,30,,,0,15,,20624,30,,,0,15,,20625,30,,,0,55,,20626,30,,,0,30,,20627,30,,,0,70,,20628,30,,,0,30,,20629,30,,,0,70,,20630,30,,,0,30,,20631,30,,,0,70,,20632,30,,,0,30,,20633,30,,,0,100,,20634,30,,,0,88,,20635,30,,,0
8401,'259.0.1',638,,22848,36,,,0,100,,22849,36,,,0,100,,22850,36,,,0,102,,22851,36,,,0,101,,22852,36,,,0,100,,22853,36,,,0,102,,22854,36,,,0,101,,22855,36,,,0,100,,22856,36,,,0,100,,22857,36,,,0,100,,22858,36,,,0,99,,22859,36,,,0,100,,22860,36,,,0,100,,22861,36,,,0,96,,22862,36,,,0,100,,22863,36,,,0,100,,22864,36,,,0
8401,'259.0.2',642,,22865,36,,,0,100,,22866,36,,,0,100,,22867,36,,,0,104,,22868,36,,,0,100,,22869,36,,,0,100,,22870,36,,,0,100,,22871,36,,,0,100,,22872,36,,,0,100,,22873,36,,,0,100,,22874,36,,,0,100,,22875,36,,,0,100,,22876,36,,,0,99,,22877,36,,,0,100,,22878,36,,,0,100,,22879,36,,,0,100,,22880,36,,,0,100,,22881,36,,,0
8401,'259.0.3',547,,22882,36,,,0,70,,22883,36,,,0,30,,22884,36,,,0,55,,22885,36,,,0,21,,22913,36,,,0,20,,22886,36,,,0,15,,22887,36,,,0,55,,22888,36,,,0,15,,22889,36,,,0,15,,22890,36,,,0,15,,22891,36,,,0,55,,22892,36,,,0,9,,22893,36,,,0,11,,22914,36,,,0,15,,22894,36,,,0,100,,22895,36,,,0,100,,22896,36,,,0,100,,22897,36,,,0,100,,22898,36,,,0,100,,22899,36,,,0,100,,22900,36,,,0,76,,22901,36,,,0,31,,22902,36,,,0,70,,22903,36,,,0,30,,22904,36,,,0,64,,22905,36,,,0,28,,22906,36,,,0,100,,22907,36,,,0,98,,22908,36,,,0,100,,22909,36,,,0,100,,22910,36,,,0,100,,22911,36,,,0,100,,22912,36,,,0
9301,'259.0.3',639,,23694,52,,,0,71,,23695,52,,,0,37,,23696,52,,,0,71,,23697,52,,,0,30,,23698,52,,,0,65,,23699,52,,,0
1001001,'259.0.3',641,,24739,5,,,0,62,,24740,5,,,0,20,,24741,5,,,0,20,,24742,5,,,0,60,,24743,5,,,0,20,,24744,5,,,0,20,,24745,5,,,0,58,,24746,5,,,0,20,,24747,5,,,0,506,,24748,5,,,0,15,,24749,5,,,0,64,,24750,5,,,0,21,,24751,5,,,0,20,,24752,5,,,0,60,,24753,5,,,0,20,,24754,5,,,0,25,,24755,5,,,0,64,,24756,5,,,0,22,,24757,5,,,0,20,,24758,5,,,0,49,,24759,5,,,0,20,,24760,5,,,0
2001001,'259.0.1',650,,25812,16,,,0,94,,25813,16,,,0,87,,25814,16,,,0,72,,25815,16,,,0,30,,25816,16,,,0,71,,25817,16,,,0,33,,25818,16,,,0,70,,25819,16,,,0,31,,25820,16,,,0,72,,25821,16,,,0,33,,25822,16,,,0,72,,25823,16,,,0,30,,25824,16,,,0,70,,25825,16,,,0,30,,25826,16,,,0,70,,25827,16,,,0,30,,25828,16,,,0,70,,25829,16,,,0,30,,25830,16,,,0,70,,25831,16,,,0,30,,25832,16,,,0,70,,25833,16,,,0,30,,25834,16,,,0,67,,25835,16,,,0,26,,25836,16,,,0,70,,25837,16,,,0,30,,25838,16,,,0,100,,25839,16,,,0,99,,25840,16,,,0,99,,25841,16,,,0,100,,25842,16,,,0
2001001,'259.0.2',644,,25843,16,,,0,92,,25844,16,,,0,90,,25845,16,,,0,32,,25846,16,,,0,70,,25847,16,,,0,72,,25848,16,,,0,32,,25849,16,,,0,72,,25850,16,,,0,31,,25851,16,,,0,70,,25852,16,,,0,30,,25853,16,,,0,70,,25854,16,,,0,30,,25855,16,,,0,70,,25856,16,,,0,32,,25857,16,,,0,71,,25858,16,,,0,30,,25859,16,,,0,70,,25860,16,,,0,30,,25861,16,,,0,69,,25862,16,,,0,30,,25863,16,,,0,70,,25864,16,,,0,30,,25865,16,,,0,101,,25866,16,,,0,100,,25867,16,,,0,100,,25868,16,,,0,100,,25869,16,,,0,100,,25870,16,,,0,100,,25871,16,,,0
2001001,'259.0.3',602,,25872,16,,,0,30,,25873,16,,,0,22,,25874,16,,,0,62,,25875,16,,,0,22,,25910,16,,,0,20,,25876,16,,,0,60,,25877,16,,,0,20,,25878,16,,,0,21,,25879,16,,,0,91,,25880,16,,,0,60,,25881,16,,,0,24,,25882,16,,,0,69,,25883,16,,,0,31,,25884,16,,,0,70,,25885,16,,,0,30,,25886,16,,,0,70,,25887,16,,,0,30,,25888,16,,,0,79,,25889,16,,,0,21,,25890,16,,,0,24,,25891,16,,,0,55,,25892,16,,,0,21,,25893,16,,,0,20,,25894,16,,,0,60,,25895,16,,,0,21,,25896,16,,,0,24,,25897,16,,,0,65,,25898,16,,,0,21,,25899,16,,,0,60,,25900,16,,,0,9,,25901,16,,,0,20,,25902,16,,,0,70,,25903,16,,,0,27,,25904,16,,,0,72,,25905,16,,,0,30,,25906,16,,,0,70,,25907,16,,,0,30,,25908,16,,,0,70,,25909,16,,,0
3001001,'259.0.1',620,,26385,24,,,0,94,,26386,24,,,0,100,,26387,24,,,0,34,,26388,24,,,0,70,,26389,24,,,0,30,,26390,24,,,0,70,,26391,24,,,0,34,,26392,24,,,0,71,,26393,24,,,0,31,,26394,24,,,0,72,,26395,24,,,0,74,,26396,24,,,0,30,,26397,24,,,0,70,,26398,24,,,0,30,,26399,24,,,0,70,,26400,24,,,0,30,,26401,24,,,0,70,,26402,24,,,0,30,,26403,24,,,0,70,,26404,24,,,0,30,,26405,24,,,0,70,,26406,24,,,0,30,,26407,24,,,0,70,,26408,24,,,0,24,,26409,24,,,0,28,,26410,24,,,0,70,,26411,24,,,0,100,,26412,24,,,0,96,,26413,24,,,0,94,,26414,24,,,0,100,,26415,24,,,0
3001001,'259.0.2',619,,26417,24,,,0,90,,26418,24,,,0,100,,26419,24,,,0,30,,26420,24,,,0,70,,26421,24,,,0,30,,26422,24,,,0,72,,26423,24,,,0,33,,26424,24,,,0,74,,26425,24,,,0,30,,26426,24,,,0,70,,26427,24,,,0,30,,26428,24,,,0,71,,26429,24,,,0,30,,26430,24,,,0,70,,26431,24,,,0,30,,26432,24,,,0,73,,26433,24,,,0,30,,26434,24,,,0,70,,26435,24,,,0,30,,26436,24,,,0,70,,26437,24,,,0,30,,26438,24,,,0,70,,26439,24,,,0,30,,26440,24,,,0,67,,26441,24,,,0,100,,26442,24,,,0,94,,26443,24,,,0,100,,26444,24,,,0,100,,26445,24,,,0
3001001,'259.0.3',547,,26447,24,,,0,70,,26448,24,,,0,30,,26449,24,,,0,64,,26450,24,,,0,22,,26451,24,,,0,20,,26452,24,,,0,58,,26453,24,,,0,19,,26454,24,,,0,20,,26455,24,,,0,58,,26456,24,,,0,32,,26457,24,,,0,60,,26458,24,,,0,20,,26459,24,,,0,28,,26460,24,,,0,71,,26461,24,,,0,30,,26462,24,,,0,70,,26463,24,,,0,30,,26464,24,,,0,70,,26465,24,,,0,30,,26466,24,,,0,70,,26467,24,,,0,30,,26468,24,,,0,70,,26469,24,,,0,21,,26470,24,,,0,60,,26471,24,,,0,20,,26472,24,,,0,21,,26473,24,,,0,67,,26474,24,,,0,23,,26475,24,,,0,20,,26476,24,,,0,60,,26477,24,,,0,18,,26478,24,,,0,16,,26479,24,,,0,57,,26480,24,,,0,14,,26481,24,,,0,12,,26482,24,,,0,19,,26483,24,,,0,79,,26484,24,,,0,30,,26485,24,,,0,70,,26486,24,,,0,30,,26487,24,,,0,70,,26488,24,,,0,28,,26489,24,,,0,64,,26490,24,,,0
