301,'259.0.1',646,,18639,47,,,0,100,,18640,47,,,0,100,,18641,47,,,0,70,,18642,47,,,0,30,,18643,47,,,0,70,,18644,47,,,0,33,,18645,47,,,0,74,,18646,47,,,0,30,,18647,47,,,0,70,,18648,47,,,0,30,,18649,47,,,0,70,,18650,47,,,0,30,,18651,47,,,0,70,,18652,47,,,0,30,,18653,47,,,0,70,,18654,47,,,0,30,,18655,47,,,0,70,,18656,47,,,0,30,,18657,47,,,0,70,,18658,47,,,0,30,,18659,47,,,0,67,,18660,47,,,0,26,,18661,47,,,0,70,,18662,47,,,0,30,,18663,47,,,0,70,,18664,47,,,0,30,,18665,47,,,0,70,,18666,47,,,0,30,,18667,47,,,0,70,,18668,47,,,0,30,,18669,47,,,0,70,,18670,47,,,0,30,,18671,47,,,0,70,,18672,47,,,0,30,,18673,47,,,0,70,,18674,47,,,0
301,'259.0.2',642,,18675,47,,,0,100,,18676,47,,,0,100,,18677,47,,,0,70,,18678,47,,,0,30,,18679,47,,,0,60,,18680,47,,,0,20,,18681,47,,,0,24,,18682,47,,,0,62,,18683,47,,,0,20,,18684,47,,,0,20,,18685,47,,,0,60,,18686,47,,,0,20,,18687,47,,,0,20,,18688,47,,,0,60,,18689,47,,,0,20,,18690,47,,,0,20,,18691,47,,,0,60,,18692,47,,,0,20,,18693,47,,,0,20,,18694,47,,,0,60,,18695,47,,,0,20,,18696,47,,,0,20,,18697,47,,,0,60,,18698,47,,,0,20,,18699,47,,,0,20,,18700,47,,,0,60,,18701,47,,,0,20,,18702,47,,,0,20,,18703,47,,,0,60,,18704,47,,,0,20,,18705,47,,,0,20,,18706,47,,,0,70,,18707,47,,,0,30,,18708,47,,,0,70,,18709,47,,,0,30,,18710,47,,,0,67,,18711,47,,,0,27,,18712,47,,,0,70,,18713,47,,,0,30,,18714,47,,,0,70,,18715,47,,,0,30,,18716,47,,,0,70,,18717,47,,,0,30,,18718,47,,,0
301,'259.0.3',619,,18719,47,,,0,30,,18720,47,,,0,55,,18721,47,,,0,15,,18722,47,,,0,15,,18723,47,,,0,17,,18724,47,,,0,59,,18725,47,,,0,18,,18726,47,,,0,15,,18727,47,,,0,15,,18728,47,,,0,55,,18729,47,,,0,15,,18730,47,,,0,15,,18731,47,,,0,13,,18732,47,,,0,56,,18733,47,,,0,20,,18734,47,,,0,20,,18735,47,,,0,60,,18736,47,,,0,20,,18737,47,,,0,20,,18738,47,,,0,60,,18739,47,,,0,20,,18740,47,,,0,20,,18741,47,,,0,60,,18742,47,,,0,20,,18743,47,,,0,20,,18744,47,,,0,60,,18745,47,,,0,20,,18746,47,,,0,20,,18747,47,,,0,62,,18748,47,,,0,25,,18749,47,,,0,62,,18750,47,,,0,15,,18751,47,,,0,15,,18752,47,,,0,15,,18753,47,,,0,55,,18754,47,,,0,15,,18755,47,,,0,15,,18756,47,,,0,15,,18757,47,,,0,54,,18758,47,,,0,11,,18759,47,,,0,11,,18760,47,,,0,13,,18761,47,,,0,14,,18762,47,,,0,55,,18763,47,,,0,15,,18764,47,,,0,20,,18765,47,,,0,20,,18766,47,,,0,60,,18767,47,,,0,20,,18768,47,,,0,20,,18769,47,,,0,60,,18770,47,,,0,20,,18771,47,,,0,10,,18772,47,,,0,70,,18773,47,,,0,25,,18774,47,,,0,67,,18775,47,,,0,30,,18776,47,,,0,73,,18777,47,,,0,30,,18778,47,,,0,70,,18779,47,,,0
3901,'259.0.1',623,,20827,11,,,0,30,,20828,11,,,0,70,,20829,11,,,0,30,,20830,11,,,0,70,,20831,11,,,0,31,,20832,11,,,0,70,,20833,11,,,0,30,,20834,11,,,0,70,,20835,11,,,0,30,,20836,11,,,0,70,,20837,11,,,0,30,,20838,11,,,0,70,,20839,11,,,0,30,,20840,11,,,0,70,,20841,11,,,0,30,,20842,11,,,0,70,,20843,11,,,0,30,,20844,11,,,0,70,,20845,11,,,0,30,,20846,11,,,0,70,,20847,11,,,0,30,,20848,11,,,0,70,,20849,11,,,0,30,,20850,11,,,0,70,,20851,11,,,0,30,,20852,11,,,0,70,,20853,11,,,0,30,,20854,11,,,0,70,,20855,11,,,0,30,,20856,11,,,0,70,,20857,11,,,0,30,,20858,11,,,0,70,,20859,11,,,0,30,,20860,11,,,0,70,,20861,11,,,0
3901,'259.0.2',653,,20862,11,,,0,100,,20863,11,,,0,100,,20864,11,,,0,100,,20865,11,,,0,101,,20866,11,,,0,100,,20867,11,,,0,100,,20868,11,,,0,100,,20869,11,,,0,100,,20870,11,,,0,100,,20871,11,,,0,100,,20872,11,,,0,100,,20873,11,,,0,100,,20874,11,,,0,100,,20875,11,,,0,100,,20876,11,,,0,100,,20877,11,,,0
3901,'259.0.3',605,,20878,11,,,0,30,,20879,11,,,0,71,,20880,11,,,0,30,,20881,11,,,0,70,,20882,11,,,0,30,,20883,11,,,0,70,,20884,11,,,0,30,,20885,11,,,0,70,,20886,11,,,0,30,,20887,11,,,0,70,,20888,11,,,0,30,,20889,11,,,0,70,,20890,11,,,0,30,,20891,11,,,0,70,,20892,11,,,0,30,,20893,11,,,0,70,,20894,11,,,0,30,,20895,11,,,0,70,,20896,11,,,0,31,,20897,11,,,0,70,,20898,11,,,0,30,,20899,11,,,0,70,,20900,11,,,0,30,,20901,11,,,0,69,,20902,11,,,0,100,,20903,11,,,0,100,,20904,11,,,0,100,,20905,11,,,0,100,,20906,11,,,0,100,,20907,11,,,0
6400,'259.0.3',603,,22039,1,,,0,15,,22040,1,,,0,15,,22041,1,,,0,15,,22042,1,,,0,55,,22043,1,,,0,15,,22044,1,,,0,15,,22045,1,,,0,15,,22046,1,,,0,55,,22047,1,,,0,15,,22048,1,,,0,15,,22049,1,,,0,15,,22050,1,,,0,55,,22051,1,,,0,16,,22052,1,,,0,100,,22053,1,,,0,100,,22054,1,,,0,100,,22055,1,,,0,100,,22056,1,,,0,100,,22057,1,,,0,100,,22058,1,,,0,29,,22059,1,,,0,55,,22060,1,,,0,15,,22061,1,,,0,15,,22062,1,,,0,15,,22063,1,,,0,55,,22064,1,,,0,15,,22065,1,,,0,15,,22066,1,,,0,15,,22067,1,,,0,55,,22068,1,,,0,15,,22069,1,,,0,15,,22070,1,,,0,100,,22071,1,,,0
6401,'259.0.3',646,,22072,38,4,,0,55,,22073,38,4,,0,15,,22074,38,4,,0,15,,22075,38,4,,0,15,,22076,38,4,,0,55,,22077,38,4,,0,15,,22078,38,4,,0,15,,22079,38,4,,0,14,,22080,38,4,,0,14,,22081,38,4,,0,54,,22082,38,4,,0,14,,22083,38,4,,0,14,,22084,38,4,,0,68,,22085,38,4,,0,100,,22086,38,4,,0,100,,22087,38,4,,0,100,,22088,38,4,,0,100,,22089,38,4,,0,103,,22090,38,4,,0,36,,22091,38,4,,0,56,,22092,38,4,,0,15,,22093,38,4,,0,15,,22094,38,4,,0,15,,22095,38,4,,0,55,,22096,38,4,,0,15,,22097,38,4,,0,14,,22098,38,4,,0,13,,22099,38,4,,0,54,,22100,38,4,,0,14,,22101,38,4,,0,13,,22102,38,4,,0,14,,22103,38,4,,0,15,,22104,38,4,,0,55,,22105,38,4,,0,100,,22106,38,4,,0
7200,'259.0.1',629,,22425,27,,,0,30,,22426,27,,,0,70,,22427,27,,,0,30,,22428,27,,,0,70,,22429,27,,,0,30,,22430,27,,,0,70,,22431,27,,,0,30,,22432,27,,,0,70,,22433,27,,,0,73,,22434,27,,,0,30,,22435,27,,,0,70,,22436,27,,,0,30,,22437,27,,,0,70,,22438,27,,,0,30,,22439,27,,,0,70,,22440,27,,,0,30,,22441,27,,,0,70,,22442,27,,,0,30,,22443,27,,,0,70,,22444,27,,,0,30,,22445,27,,,0,70,,22446,27,,,0,30,,22447,27,,,0,27,,22448,27,,,0,70,,22449,27,,,0,100,,22450,27,,,0,100,,22451,27,,,0,100,,22452,27,,,0,100,,22453,27,,,0,100,,22454,27,,,0
7200,'259.0.2',729,,22455,27,,,0,100,,22456,27,,,0,100,,22457,27,,,0,100,,22458,27,,,0,103,,22459,27,,,0,100,,22460,27,,,0,100,,22461,27,,,0,100,,22462,27,,,0,100,,22463,27,,,0,100,,22464,27,,,0,100,,22465,27,,,0,100,,22466,27,,,0,95,,22467,27,,,0,100,,22468,27,,,0,100,,22469,27,,,0,100,,22470,27,,,0
7200,'259.0.3',630,,22471,27,,,0,70,,22472,27,,,0,30,,22473,27,,,0,71,,22474,27,,,0,30,,22475,27,,,0,70,,22476,27,,,0,28,,22477,27,,,0,30,,22478,27,,,0,70,,22479,27,,,0,30,,22480,27,,,0,70,,22481,27,,,0,30,,22482,27,,,0,70,,22483,27,,,0,30,,22484,27,,,0,70,,22485,27,,,0,30,,22486,27,,,0,70,,22487,27,,,0,71,,22488,27,,,0,30,,22489,27,,,0,70,,22490,27,,,0,30,,22491,27,,,0,70,,22492,27,,,0,30,,22493,27,,,0,70,,22494,27,,,0,29,,22495,27,,,0,30,,22496,27,,,0,70,,22497,27,,,0,100,,22498,27,,,0,100,,22499,27,,,0,100,,22500,27,,,0,100,,22501,27,,,0
8700,'259.0.1',641,,23133,9,,,0,70,,23134,9,,,0,30,,23135,9,,,0,70,,23136,9,,,0,30,,23137,9,,,0,70,,23138,9,,,0,27,,23139,9,,,0,70,,23140,9,,,0,30,,23141,9,,,0,70,,23142,9,,,0,30,,23143,9,,,0,70,,23144,9,,,0,30,,23145,9,,,0,70,,23146,9,,,0,30,,23147,9,,,0,70,,23148,9,,,0,29,,23149,9,,,0,71,,23150,9,,,0,30,,23151,9,,,0,71,,23152,9,,,0,30,,23153,9,,,0,70,,23154,9,,,0,30,,23155,9,,,0,70,,23156,9,,,0,30,,23157,9,,,0,103,,23158,9,,,0,100,,23159,9,,,0,100,,23160,9,,,0,100,,23161,9,,,0,100,,23162,9,,,0
8700,'259.0.2',646,,23163,9,,,0,100,,23164,9,,,0,100,,23165,9,,,0,100,,23166,9,,,0,100,,23167,9,,,0,101,,23168,9,,,0,98,,23169,9,,,0,100,,23170,9,,,0,100,,23171,9,,,0,100,,23172,9,,,0,100,,23173,9,,,0,102,,23174,9,,,0,100,,23175,9,,,0,100,,23176,9,,,0,100,,23177,9,,,0,100,,23178,9,,,0,100,,23179,9,,,0
8700,'259.0.3',648,,23180,9,,,0,70,,23181,9,,,0,30,,23182,9,,,0,70,,23183,9,,,0,30,,23184,9,,,0,70,,23185,9,,,0,30,,23186,9,,,0,70,,23187,9,,,0,30,,23188,9,,,0,70,,23189,9,,,0,30,,23190,9,,,0,70,,23191,9,,,0,30,,23192,9,,,0,70,,23193,9,,,0,30,,23194,9,,,0,70,,23195,9,,,0,30,,23196,9,,,0,70,,23197,9,,,0,31,,23198,9,,,0,73,,23199,9,,,0,30,,23200,9,,,0,67,,23201,9,,,0,30,,23202,9,,,0,68,,23203,9,,,0,90,,23204,9,,,0,100,,23205,9,,,0,100,,23206,9,,,0,100,,23207,9,,,0,100,,23208,9,,,0,100,,23209,9,,,0
