8200,'244.0.1',628,,13753,34,,,0,100,,13754,34,,,0,100,,13755,34,,,0,100,,13756,34,,,0,100,,13757,34,,,0,100,,13758,34,,,0,100,,13759,34,,,0,100,,13760,34,,,0,100,,13761,34,,,0,100,,13762,34,,,0,100,,13763,34,,,0,100,,13764,34,,,0,100,,13765,34,,,0,100,,13766,34,,,0,100,,13767,34,,,0,100,,13768,34,,,0,100,,13769,34,,,0
8200,'244.0.2',630,,13770,34,,,0,100,,13771,34,,,0,100,,13772,34,,,0,100,,13773,34,,,0,100,,13774,34,,,0,100,,13775,34,,,0,100,,13776,34,,,0,100,,13777,34,,,0,100,,13778,34,,,0,100,,13779,34,,,0,100,,13780,34,,,0,100,,13781,34,,,0,100,,13782,34,,,0,100,,13783,34,,,0,100,,13784,34,,,0,100,,13785,34,,,0
8200,'244.0.3',617,,13786,34,,,0,26,,13787,34,,,0,69,,13788,34,,,0,30,,13789,34,,,0,70,,13790,34,,,0,92,,13791,34,,,0,28,,13792,34,,,0,100,,13793,34,,,0,100,,13794,34,,,0,100,,13795,34,,,0,100,,13796,34,,,0,100,,13797,34,,,0,104,,13798,34,,,0,465,,13799,34,,,0,100,,13800,34,,,0,100,,13801,34,,,0,100,,13802,34,,,0
8400,'244.0.1',710,,13955,32,,,0,100,,13956,32,,,0,100,,13957,32,,,0,100,,13958,32,,,0,102,,13959,32,,,0,97,,13960,32,,,0,100,,13961,32,,,0,100,,13962,32,,,0,100,,13963,32,,,0,100,,13964,32,,,0,100,,13965,32,,,0,100,,13966,32,,,0,97,,13967,32,,,0,105,,13968,32,,,0,100,,13969,32,,,0,100,,13970,32,,,0,100,,13971,32,,,0
8400,'244.0.2',715,,13972,32,,,0,100,,13973,32,,,0,100,,13974,32,,,0,100,,13975,32,,,0,102,,13976,32,,,0,96,,13977,32,,,0,100,,13978,32,,,0,100,,13979,32,,,0,100,,13980,32,,,0,100,,13981,32,,,0,103,,13982,32,,,0,100,,13983,32,,,0,100,,13984,32,,,0,100,,13985,32,,,0,98,,13986,32,,,0,100,,13987,32,,,0,100,,13988,32,,,0
8400,'244.0.3',623,,14019,32,,,0,30,,13989,32,,,0,70,,13990,32,,,0,31,,13991,32,,,0,71,,13992,32,,,0,30,,13993,32,,,0,70,,13994,32,,,0,101,,13995,32,,,0,100,,13996,32,,,0,100,,13997,32,,,0,100,,13998,32,,,0,100,,13999,32,,,0,109,,14000,32,,,0,70,,14001,32,,,0,15,,14002,32,,,0,15,,14003,32,,,0,15,,14004,32,,,0,55,,14005,32,,,0,15,,14006,32,,,0,15,,14007,32,,,0,10,,14008,32,,,0,14,,14009,32,,,0,55,,14010,32,,,0,12,,14011,32,,,0,15,,14020,32,,,0,14,,14012,32,,,0,98,,14013,32,,,0,100,,14014,32,,,0,100,,14015,32,,,0,100,,14016,32,,,0,103,,14017,32,,,0,103,,14018,32,,,0
8501,'244.0.1',636,,14145,22,,,0,100,,14146,22,,,0,101,,14147,22,,,0,101,,14148,22,,,0,101,,14149,22,,,0,102,,14150,22,,,0,100,,14151,22,,,0,100,,14152,22,,,0,100,,14153,22,,,0,98,,14154,22,,,0,100,,14155,22,,,0,100,,14156,22,,,0,99,,14157,22,,,0,99,,14158,22,,,0,99,,14159,22,,,0,100,,14160,22,,,0,100,,14161,22,,,0
8501,'244.0.2',640,,14162,22,,,0,100,,14163,22,,,0,101,,14164,22,,,0,100,,14165,22,,,0,100,,14166,22,,,0,102,,14167,22,,,0,100,,14168,22,,,0,100,,14169,22,,,0,100,,14170,22,,,0,101,,14171,22,,,0,98,,14172,22,,,0,100,,14173,22,,,0,100,,14174,22,,,0,98,,14175,22,,,0,100,,14176,22,,,0,100,,14177,22,,,0
8501,'244.0.3',854,,14178,22,,,0,101,,14179,22,,,0,101,,14180,22,,,0,101,,14181,22,,,0,100,,14182,22,,,0,100,,14183,22,,,0,100,,14184,22,,,0,100,,14185,22,,,0,53,,14186,22,,,0,15,,14187,22,,,0,15,,14188,22,,,0,61,,14189,22,,,0,15,,14190,22,,,0,20,,14191,22,,,0,15,,14192,22,,,0,55,,14193,22,,,0,8,,14194,22,,,0,13,,14201,22,,,0,9,,14195,22,,,0,15,,14202,22,,,0,55,,14196,22,,,0,14,,14203,22,,,0,92,,14197,22,,,0,100,,14198,22,,,0,100,,14199,22,,,0,100,,14200,22,,,0
8601,'244.0.1',646,,14255,21,,,0,100,,14256,21,,,0,100,,14257,21,,,0,101,,14258,21,,,0,100,,14259,21,,,0,100,,14260,21,,,0,100,,14261,21,,,0,101,,14262,21,,,0,100,,14263,21,,,0,100,,14264,21,,,0,99,,14265,21,,,0,100,,14266,21,,,0,100,,14267,21,,,0,100,,14268,21,,,0,100,,14269,21,,,0,100,,14270,21,,,0,100,,14271,21,,,0
8601,'244.0.2',652,,14272,21,,,0,100,,14273,21,,,0,100,,14274,21,,,0,100,,14275,21,,,0,100,,14276,21,,,0,100,,14277,21,,,0,100,,14278,21,,,0,100,,14279,21,,,0,100,,14280,21,,,0,100,,14281,21,,,0,100,,14282,21,,,0,100,,14283,21,,,0,100,,14284,21,,,0,100,,14285,21,,,0,100,,14286,21,,,0,100,,14287,21,,,0
8601,'244.0.3',855,,14288,21,,,0,100,,14289,21,,,0,100,,14290,21,,,0,100,,14291,21,,,0,100,,14292,21,,,0,100,,14293,21,,,0,100,,14294,21,,,0,145,,14295,21,,,0,31,,14296,21,,,0,75,,14297,21,,,0,34,,14298,21,,,0,67,,14299,21,,,0,22,,14300,21,,,0,25,,14301,21,,,0,160,,14302,21,,,0,100,,14303,21,,,0,100,,14304,21,,,0,100,,14305,21,,,0
18200,'244.0.3',1556,,15020,54,,,0,55,,15021,54,,,0,17,,15022,54,,,0,18,,15023,54,,,0,54,,15024,54,,,0,17,,15025,54,,,0,14,,15026,54,,,0,10,,15027,54,,,0,12,,15028,54,,,0,55,,15029,54,,,0,11,,15030,54,,,0,15,,15031,54,,,0,15,,15033,54,,,0,54,,15032,54,,,0,16,,15034,54,,,0
18501,'244.0.3',556,,15075,22,,,0,55,,15085,22,,,0,15,,15076,22,,,0,15,,15077,22,,,0,15,,15078,22,,,0,55,,15084,22,,,0,15,,15079,22,,,0,15,,15080,22,,,0,15,,15081,22,,,0,55,,15082,22,,,0,15,,15083,22,,,0,15,,15086,22,,,0
18601,'244.0.3',604,,15093,21,,,0,30,,15094,21,,,0,70,,15095,21,,,0,30,,15096,21,,,0,70,,15097,21,,,0,30,,15098,21,,,0
