2101,'259.0.1',626,,19716,2,,,0,30,,19717,2,,,0,70,,19718,2,,,0,30,,19719,2,,,0,70,,19720,2,,,0,30,,19721,2,,,0,70,,19722,2,,,0,30,,19723,2,,,0,70,,19724,2,,,0,30,,19725,2,,,0,70,,19726,2,,,0,30,,19727,2,,,0,70,,19728,2,,,0,30,,19729,2,,,0,70,,19730,2,,,0,30,,19731,2,,,0,70,,19732,2,,,0,30,,19733,2,,,0,70,,19734,2,,,0,30,,19735,2,,,0,70,,19736,2,,,0,30,,19737,2,,,0,70,,19738,2,,,0,30,,19739,2,,,0,70,,19740,2,,,0,30,,19741,2,,,0,70,,19742,2,,,0,74,,19743,2,,,0,30,,19744,2,,,0,70,,19745,2,,,0,30,,19746,2,,,0,100,,19747,2,,,0,100,,19748,2,,,0
2101,'259.0.2',631,,19749,2,,,0,100,,19750,2,,,0,100,,19751,2,,,0,98,,19752,2,,,0,100,,19753,2,,,0,100,,19754,2,,,0,100,,19755,2,,,0,100,,19756,2,,,0,100,,19757,2,,,0,100,,19758,2,,,0,100,,19759,2,,,0,100,,19760,2,,,0,100,,19761,2,,,0,104,,19762,2,,,0,100,,19763,2,,,0,100,,19764,2,,,0,100,,19765,2,,,0,100,,19766,2,,,0
2101,'259.0.3',535,,19768,2,,,0,70,,19769,2,,,0,29,,19770,2,,,0,68,,19771,2,,,0,30,,19772,2,,,0,70,,19773,2,,,0,30,,19774,2,,,0,100,,19775,2,,,0,97,,19776,2,,,0,97,,19777,2,,,0,100,,19778,2,,,0,100,,19779,2,,,0,100,,19780,2,,,0,75,,19781,2,,,0,30,,19782,2,,,0,70,,19783,2,,,0,34,,19784,2,,,0,70,,19785,2,,,0,26,,19786,2,,,0,71,,19787,2,,,0,33,,19788,2,,,0,70,,19789,2,,,0,30,,19790,2,,,0,89,,19791,2,,,0,100,,19792,2,,,0,100,,19793,2,,,0,100,,19794,2,,,0
2801,'259.0.1',711,,20438,2,,,0,30,,20439,2,,,0,70,,20440,2,,,0,30,,20441,2,,,0,70,,20442,2,,,0,30,,20443,2,,,0,70,,20444,2,,,0,30,,20445,2,,,0,70,,20446,2,,,0,30,,20447,2,,,0,70,,20448,2,,,0,30,,20449,2,,,0,70,,20450,2,,,0,30,,20451,2,,,0,70,,20452,2,,,0,30,,20453,2,,,0,70,,20454,2,,,0,30,,20455,2,,,0,70,,20456,2,,,0,30,,20457,2,,,0,70,,20458,2,,,0,30,,20459,2,,,0,70,,20460,2,,,0,30,,20461,2,,,0,70,,20462,2,,,0,30,,20463,2,,,0,70,,20464,2,,,0,30,,20465,2,,,0,70,,20466,2,,,0,30,,20467,2,,,0,70,,20468,2,,,0,30,,20469,2,,,0,70,,20470,2,,,0,30,,20471,2,,,0,70,,20472,2,,,0
2801,'259.0.2',701,,20473,2,,,0,100,,20474,2,,,0,100,,20475,2,,,0,100,,20476,2,,,0,100,,20477,2,,,0,100,,20478,2,,,0,100,,20479,2,,,0,100,,20480,2,,,0,100,,20481,2,,,0,100,,20482,2,,,0,100,,20483,2,,,0,103,,20484,2,,,0,100,,20485,2,,,0,100,,20486,2,,,0,100,,20487,2,,,0,100,,20488,2,,,0,100,,20489,2,,,0
2801,'259.0.3',621,,20490,2,,,0,30,,20491,2,,,0,70,,20492,2,,,0,30,,20493,2,,,0,70,,20494,2,,,0,30,,20495,2,,,0,70,,20496,2,,,0,25,,20497,2,,,0,70,,20498,2,,,0,30,,20499,2,,,0,70,,20500,2,,,0,30,,20501,2,,,0,70,,20502,2,,,0,30,,20503,2,,,0,70,,20504,2,,,0,30,,20505,2,,,0,70,,20506,2,,,0,30,,20507,2,,,0,75,,20508,2,,,0,30,,20509,2,,,0,70,,20510,2,,,0,30,,20511,2,,,0,70,,20512,2,,,0,30,,20513,2,,,0,70,,20514,2,,,0,30,,20515,2,,,0,70,,20516,2,,,0,30,,20517,2,,,0,100,,20518,2,,,0,100,,20519,2,,,0,100,,20520,2,,,0,100,,20521,2,,,0
3900,'259.0.1',605,,20746,2,,,0,30,,20747,2,,,0,70,,20748,2,,,0,30,,20749,2,,,0,70,,20750,2,,,0,30,,20751,2,,,0,70,,20752,2,,,0,30,,20753,2,,,0,70,,20754,2,,,0,30,,20755,2,,,0,70,,20756,2,,,0,30,,20757,2,,,0,70,,20758,2,,,0,30,,20759,2,,,0,70,,20760,2,,,0,30,,20761,2,,,0,70,,20762,2,,,0,30,,20763,2,,,0,70,,20764,2,,,0,30,,20765,2,,,0,70,,20766,2,,,0,30,,20767,2,,,0,70,,20768,2,,,0,30,,20769,2,,,0,70,,20770,2,,,0,30,,20771,2,,,0,70,,20772,2,,,0,30,,20773,2,,,0,70,,20774,2,,,0,30,,20775,2,,,0,70,,20776,2,,,0,30,,20777,2,,,0,70,,20778,2,,,0,30,,20779,2,,,0,70,,20780,2,,,0
3900,'259.0.2',606,,20781,2,,,0,100,,20782,2,,,0,100,,20783,2,,,0,100,,20784,2,,,0,100,,20785,2,,,0,100,,20786,2,,,0,100,,20787,2,,,0,100,,20788,2,,,0,100,,20789,2,,,0,100,,20790,2,,,0,100,,20791,2,,,0,100,,20792,2,,,0,100,,20793,2,,,0,100,,20794,2,,,0,100,,20795,2,,,0,100,,20796,2,,,0
3900,'259.0.3',608,,20797,2,,,0,30,,20798,2,,,0,70,,20799,2,,,0,30,,20800,2,,,0,70,,20801,2,,,0,30,,20802,2,,,0,70,,20803,2,,,0,30,,20804,2,,,0,70,,20805,2,,,0,30,,20806,2,,,0,70,,20807,2,,,0,30,,20808,2,,,0,70,,20809,2,,,0,30,,20810,2,,,0,70,,20811,2,,,0,30,,20812,2,,,0,70,,20813,2,,,0,30,,20814,2,,,0,70,,20815,2,,,0,30,,20816,2,,,0,70,,20817,2,,,0,30,,20818,2,,,0,70,,20819,2,,,0,30,,20820,2,,,0,70,,20821,2,,,0,30,,20822,2,,,0,100,,20823,2,,,0,100,,20824,2,,,0,100,,20825,2,,,0,100,,20826,2,,,0
13601,'259.0.3',1549,,23763,28,,,0,70,,23764,28,,,0,35,,23765,28,,,0,55,,23766,28,,,0,15,,23767,28,,,0,22,,23768,28,,,0,66,,23769,28,,,0,30,,23770,28,,,0
13801,'259.0.3',1613,,23790,30,,,0,34,,23791,30,,,0,71,,23792,30,,,0,25,,23793,30,,,0,64,,23794,30,,,0,30,,23795,30,,,0,20,,23796,30,,,0
