800,'244.0.1',610,,10559,42,,,0,30,,10560,42,,,0,70,,10561,42,,,0,30,,10562,42,,,0,71,,10563,42,,,0,23,,10564,42,,,0,22,,10565,42,,,0,70,,10566,42,,,0,30,,10567,42,,,0,70,,10568,42,,,0,32,,10569,42,,,0,69,,10570,42,,,0,30,,10571,42,,,0,70,,10572,42,,,0,30,,10573,42,,,0,70,,10574,42,,,0,30,,10575,42,,,0,69,,10576,42,,,0,32,,10577,42,,,0,70,,10578,42,,,0,30,,10579,42,,,0,70,,10580,42,,,0,30,,10581,42,,,0,70,,10582,42,,,0,30,,10583,42,,,0,70,,10584,42,,,0,30,,10585,42,,,0,70,,10586,42,,,0,30,,10587,42,,,0,70,,10588,42,,,0,30,,10589,42,,,0,70,,10590,42,,,0,30,,10591,42,,,0,70,,10592,42,,,0,25,,10593,42,,,0,69,,10594,42,,,0,30,,10595,42,,,0,100,,10596,42,,,0
800,'244.0.2',628,,10597,42,,,0,30,,10598,42,,,0,70,,10599,42,,,0,30,,10600,42,,,0,70,,10601,42,,,0,30,,10602,42,,,0,70,,10603,42,,,0,30,,10604,42,,,0,71,,10605,42,,,0,74,,10606,42,,,0,30,,10607,42,,,0,25,,10608,42,,,0,71,,10609,42,,,0,72,,10610,42,,,0,30,,10611,42,,,0,70,,10612,42,,,0,30,,10613,42,,,0,70,,10614,42,,,0,30,,10615,42,,,0,70,,10616,42,,,0,30,,10617,42,,,0,75,,10618,42,,,0,29,,10619,42,,,0,70,,10620,42,,,0,29,,10621,42,,,0,69,,10622,42,,,0,28,,10623,42,,,0,70,,10624,42,,,0,28,,10625,42,,,0,29,,10626,42,,,0,70,,10627,42,,,0,30,,10628,42,,,0,70,,10629,42,,,0,30,,10630,42,,,0,100,,10631,42,,,0,100,,10632,42,,,0
800,'244.0.3',559,,10635,42,,,0,70,,10636,42,,,0,30,,10637,42,,,0,79,,10638,42,,,0,72,,10639,42,,,0,31,,10640,42,,,0,70,,10641,42,,,0,30,,10642,42,,,0,70,,10643,42,,,0,20,,10644,42,,,0,20,,10645,42,,,0,60,,10646,42,,,0,20,,10647,42,,,0,20,,10648,42,,,0,60,,10649,42,,,0,20,,10650,42,,,0,20,,10651,42,,,0,60,,10652,42,,,0,20,,10653,42,,,0,20,,10654,42,,,0,60,,10655,42,,,0,20,,10656,42,,,0,20,,10657,42,,,0,60,,10658,42,,,0,29,,10659,42,,,0,64,,10660,42,,,0,20,,10661,42,,,0,20,,10662,42,,,0,60,,10663,42,,,0,20,,10664,42,,,0,20,,10665,42,,,0,60,,10666,42,,,0,17,,10667,42,,,0,26,,10668,42,,,0,10,,10683,42,,,0,50,,10669,42,,,0,30,,10670,42,,,0,70,,10671,42,,,0,30,,10672,42,,,0,69,,10673,42,,,0,28,,10674,42,,,0,69,,10675,42,,,0,30,,10676,42,,,0,70,,10677,42,,,0,30,,10678,42,,,0,70,,10679,42,,,0,30,,10680,42,,,0,70,,10681,42,,,0,30,,10682,42,,,0
9000,'244.0.1',634,,14558,35,,,0,25,,14559,35,,,0,70,,14560,35,,,0,30,,14561,35,,,0,70,,14562,35,,,0,25,,14563,35,,,0,70,,14564,35,,,0,30,,14565,35,,,0,67,,14566,35,,,0,33,,14567,35,,,0,70,,14568,35,,,0,30,,14569,35,,,0,70,,14570,35,,,0,27,,14571,35,,,0,70,,14572,35,,,0,30,,14573,35,,,0,70,,14574,35,,,0,30,,14575,35,,,0,70,,14576,35,,,0,30,,14577,35,,,0,70,,14578,35,,,0,33,,14579,35,,,0,70,,14580,35,,,0,30,,14581,35,,,0,70,,14582,35,,,0,30,,14583,35,,,0,70,,14584,35,,,0,30,,14585,35,,,0,70,,14586,35,,,0,104,,14587,35,,,0,100,,14588,35,,,0,100,,14589,35,,,0,100,,14590,35,,,0
9000,'244.0.2',623,,14591,35,,,0,100,,14592,35,,,0,100,,14593,35,,,0,95,,14594,35,,,0,97,,14595,35,,,0,101,,14596,35,,,0,102,,14597,35,,,0,100,,14598,35,,,0,98,,14599,35,,,0,100,,14600,35,,,0,100,,14601,35,,,0,100,,14602,35,,,0,103,,14603,35,,,0,103,,14604,35,,,0,101,,14605,35,,,0,100,,14606,35,,,0,100,,14607,35,,,0,100,,14608,35,,,0
9000,'244.0.3',622,,14642,35,,,0,15,,14641,35,,,0,15,,14609,35,,,0,55,,14643,35,,,0,15,,14610,35,,,0,15,,14644,35,,,0,15,,14611,35,,,0,55,,14645,35,,,0,20,,14612,35,,,0,30,,14613,35,,,0,65,,14614,35,,,0,31,,14615,35,,,0,69,,14616,35,,,0,30,,14617,35,,,0,70,,14618,35,,,0,28,,14619,35,,,0,71,,14620,35,,,0,30,,14621,35,,,0,70,,14622,35,,,0,30,,14623,35,,,0,70,,14624,35,,,0,36,,14625,35,,,0,57,,14646,35,,,0,15,,14626,35,,,0,15,,14647,35,,,0,15,,14627,35,,,0,55,,14648,35,,,0,15,,14628,35,,,0,15,,14649,35,,,0,15,,14653,35,,,0,55,,14650,35,,,0,15,,14629,35,,,0,15,,14651,35,,,0,13,,14630,35,,,0,50,,14652,35,,,0,12,,14631,35,,,0,35,,14632,35,,,0,70,,14633,35,,,0,30,,14634,35,,,0,70,,14635,35,,,0,30,,14636,35,,,0,100,,14637,35,,,0,96,,14638,35,,,0,100,,14639,35,,,0,100,,14640,35,,,0
9100,'244.0.1',727,,14751,22,,,0,100,,14752,22,,,0,100,,14753,22,,,0,100,,14754,22,,,0,100,,14755,22,,,0,100,,14756,22,,,0,100,,14757,22,,,0,100,,14758,22,,,0,100,,14759,22,,,0,100,,14760,22,,,0,100,,14761,22,,,0,100,,14762,22,,,0,100,,14763,22,,,0,100,,14764,22,,,0,100,,14765,22,,,0,100,,14766,22,,,0
9100,'244.0.2',756,,14767,22,,,0,100,,14768,22,,,0,100,,14769,22,,,0,100,,14770,22,,,0,100,,14771,22,,,0,100,,14772,22,,,0,100,,14773,22,,,0,100,,14774,22,,,0,100,,14775,22,,,0,100,,14776,22,,,0,100,,14777,22,,,0,100,,14778,22,,,0,100,,14779,22,,,0,100,,14780,22,,,0,100,,14781,22,,,0
9100,'244.0.3',636,,14782,22,,,0,64,,14783,22,,,0,29,,14784,22,,,0,76,,14785,22,,,0,29,,14786,22,,,0,70,,14787,22,,,0,100,,14788,22,,,0,103,,14789,22,,,0,100,,14790,22,,,0,99,,14791,22,,,0,101,,14792,22,,,0,101,,14793,22,,,0,30,,14794,22,,,0,70,,14795,22,,,0,30,,14796,22,,,0,70,,14797,22,,,0,30,,14798,22,,,0,71,,14799,22,,,0,29,,14800,22,,,0,97,,14801,22,,,0,100,,14802,22,,,0,100,,14803,22,,,0,100,,14804,22,,,0
9300,'244.0.3',1545,,14860,29,,,0,66,,14861,29,,,0,42,,14862,29,,,0,63,,14863,29,,,0,34,,14864,29,,,0,59,,14865,29,,,0,30,,14866,29,,,0
