101,'244.0.1',611,,9092,14,,,0,15,,9093,14,,,0,15,,9094,14,,,0,15,,9095,14,,,0,55,,9096,14,,,0,15,,9097,14,,,0,17,,9098,14,,,0,15,,9099,14,,,0,55,,9100,14,,,0,15,,9101,14,,,0,15,,9102,14,,,0,15,,9103,14,,,0,55,,9104,14,,,0,15,,9105,14,,,0,15,,9106,14,,,0,15,,9107,14,,,0,55,,9108,14,,,0,15,,9109,14,,,0,15,,9110,14,,,0,15,,9111,14,,,0,60,,9112,14,,,0,15,,9113,14,,,0,15,,9114,14,,,0,55,,9115,14,,,0,15,,9116,14,,,0,15,,9117,14,,,0,15,,9118,14,,,0,55,,9119,14,,,0,15,,9120,14,,,0,15,,9121,14,,,0,15,,9122,14,,,0,55,,9123,14,,,0,15,,9124,14,,,0,15,,9125,14,,,0,15,,9126,14,,,0,55,,9127,14,,,0,15,,9128,14,,,0,15,,9129,14,,,0,15,,9130,14,,,0,55,,9131,14,,,0,15,,9132,14,,,0,15,,9133,14,,,0,15,,9134,14,,,0,55,,9135,14,,,0,15,,9136,14,,,0,15,,9137,14,,,0,15,,9138,14,,,0,55,,9139,14,,,0,13,,9140,14,,,0,14,,9141,14,,,0,15,,9142,14,,,0,55,,9143,14,,,0,15,,9144,14,,,0,15,,9145,14,,,0,15,,9146,14,,,0,55,,9147,14,,,0,15,,9148,14,,,0,15,,9149,14,,,0,15,,9150,14,,,0,14,,9151,14,,,0,52,,9152,14,,,0,15,,9153,14,,,0,15,,9154,14,,,0,15,,9155,14,,,0,55,,9156,14,,,0,15,,9157,14,,,0,15,,9158,14,,,0,15,,9159,14,,,0,55,,9160,14,,,0,15,,9161,14,,,0,15,,9162,14,,,0,15,,9163,14,,,0,55,,9164,14,,,0,15,,9165,14,,,0,15,,9166,14,,,0
101,'244.0.2',610,,9167,14,,,0,25,,9168,14,,,0,15,,9169,14,,,0,55,,9170,14,,,0,15,,9171,14,,,0,15,,9172,14,,,0,15,,9173,14,,,0,55,,9174,14,,,0,15,,9175,14,,,0,16,,9176,14,,,0,16,,9177,14,,,0,55,,9178,14,,,0,15,,9179,14,,,0,15,,9180,14,,,0,15,,9181,14,,,0,55,,9182,14,,,0,15,,9183,14,,,0,15,,9184,14,,,0,15,,9185,14,,,0,55,,9186,14,,,0,17,,9187,14,,,0,16,,9188,14,,,0,15,,9189,14,,,0,55,,9190,14,,,0,15,,9191,14,,,0,15,,9192,14,,,0,15,,9193,14,,,0,55,,9194,14,,,0,15,,9195,14,,,0,15,,9196,14,,,0,15,,9197,14,,,0,55,,9198,14,,,0,15,,9199,14,,,0,15,,9200,14,,,0,15,,9201,14,,,0,55,,9202,14,,,0,15,,9203,14,,,0,15,,9204,14,,,0,15,,9205,14,,,0,55,,9206,14,,,0,15,,9207,14,,,0,15,,9208,14,,,0,15,,9209,14,,,0,55,,9210,14,,,0,15,,9211,14,,,0,15,,9212,14,,,0,15,,9213,14,,,0,55,,9214,14,,,0,13,,9215,14,,,0,13,,9216,14,,,0,15,,9217,14,,,0,55,,9218,14,,,0,15,,9219,14,,,0,15,,9220,14,,,0,15,,9221,14,,,0,55,,9222,14,,,0,30,,9223,14,,,0,70,,9224,14,,,0,30,,9225,14,,,0,70,,9226,14,,,0,30,,9227,14,,,0,70,,9228,14,,,0,30,,9229,14,,,0,70,,9230,14,,,0
101,'244.0.3',559,,9231,14,,,0,70,,9232,14,,,0,13,,9233,14,,,0,15,,9234,14,,,0,55,,9235,14,,,0,10,,9236,14,,,0,10,,9237,14,,,0,14,,9238,14,,,0,12,,9239,14,,,0,50,,9240,14,,,0,10,,9241,14,,,0,10,,9242,14,,,0,12,,9243,14,,,0,10,,9244,14,,,0,8,,9245,14,,,0,48,,9246,14,,,0,10,,9247,14,,,0,10,,9248,14,,,0,10,,9249,14,,,0,10,,9250,14,,,0,10,,9251,14,,,0,49,,9252,14,,,0,9,,9253,14,,,0,10,,9254,14,,,0,10,,9255,14,,,0,10,,9256,14,,,0,10,,9257,14,,,0,50,,9258,14,,,0,10,,9259,14,,,0,10,,9260,14,,,0,11,,9261,14,,,0,10,,9262,14,,,0,10,,9263,14,,,0,50,,9264,14,,,0,10,,9265,14,,,0,10,,9266,14,,,0,10,,9267,14,,,0,10,,9268,14,,,0,10,,9269,14,,,0,50,,9270,14,,,0,10,,9271,14,,,0,10,,9272,14,,,0,10,,9273,14,,,0,10,,9274,14,,,0,10,,9275,14,,,0,50,,9276,14,,,0,10,,9277,14,,,0,10,,9278,14,,,0,10,,9279,14,,,0,10,,9280,14,,,0,10,,9281,14,,,0,50,,9282,14,,,0,10,,9283,14,,,0,10,,9284,14,,,0,11,,9285,14,,,0,12,,9286,14,,,0,52,,9287,14,,,0,10,,9288,14,,,0,10,,9289,14,,,0,10,,9290,14,,,0,10,,9291,14,,,0,10,,9292,14,,,0,50,,9293,14,,,0,10,,9294,14,,,0,10,,9295,14,,,0,10,,9296,14,,,0,10,,9297,14,,,0,10,,9298,14,,,0,50,,9299,14,,,0,8,,9300,14,,,0,7,,9301,14,,,0,9,,9302,14,,,0,10,,9303,14,,,0,10,,9304,14,,,0,10,,9305,14,,,0,50,,9306,14,,,0,10,,9307,14,,,0,10,,9308,14,,,0,10,,9309,14,,,0,10,,9310,14,,,0,10,,9311,14,,,0,49,,9312,14,,,0,9,,9313,14,,,0,9,,9314,14,,,0,10,,9315,14,,,0,10,,9316,14,,,0,10,,9317,14,,,0,50,,9318,14,,,0,10,,9319,14,,,0,10,,9320,14,,,0,10,,9321,14,,,0,10,,9322,14,,,0,10,,9323,14,,,0,50,,9324,14,,,0,10,,9325,14,,,0,10,,9326,14,,,0,15,,9327,14,,,0,15,,9328,14,,,0,55,,9329,14,,,0,15,,9330,14,,,0,15,,9331,14,,,0,15,,9332,14,,,0,55,,9333,14,,,0,15,,9334,14,,,0,15,,9335,14,,,0,15,,9336,14,,,0,55,,9337,14,,,0
400,'244.0.1',559,,9953,13,,,0,100,,9954,13,,,0,100,,9955,13,,,0,70,,9956,13,,,0,30,,9957,13,,,0,71,,9958,13,,,0,72,,9959,13,,,0,30,,9960,13,,,0,70,,9961,13,,,0,30,,9962,13,,,0,70,,9963,13,,,0,30,,9964,13,,,0,70,,9965,13,,,0,30,,9966,13,,,0,70,,9967,13,,,0,30,,9968,13,,,0,70,,9969,13,,,0,30,,9970,13,,,0,70,,9971,13,,,0,30,,9972,13,,,0,70,,9973,13,,,0,30,,9974,13,,,0,70,,9975,13,,,0,30,,9976,13,,,0,70,,9977,13,,,0,30,,9978,13,,,0,70,,9979,13,,,0,30,,9980,13,,,0,69,,9981,13,,,0,28,,9982,13,,,0,30,,9983,13,,,0,100,,9984,13,,,0,100,,9985,13,,,0
400,'244.0.2',654,,9986,13,,,0,70,,9987,13,,,0,30,,9988,13,,,0,70,,9989,13,,,0,30,,9990,13,,,0,70,,9991,13,,,0,30,,9992,13,,,0,70,,9993,13,,,0,30,,9994,13,,,0,70,,9995,13,,,0,32,,9996,13,,,0,70,,9997,13,,,0,30,,9998,13,,,0,70,,9999,13,,,0,30,,10000,13,,,0,70,,10001,13,,,0,30,,10002,13,,,0,70,,10003,13,,,0,30,,10004,13,,,0,70,,10005,13,,,0,30,,10006,13,,,0,70,,10007,13,,,0,30,,10008,13,,,0,68,,10009,13,,,0,30,,10010,13,,,0,70,,10011,13,,,0,30,,10012,13,,,0,100,,10013,13,,,0,100,,10014,13,,,0,100,,10015,13,,,0,100,,10016,13,,,0
400,'244.0.3',609,,10017,13,,,0,20,,10018,13,,,0,20,,10019,13,,,0,60,,10020,13,,,0,15,,10021,13,,,0,18,,10022,13,,,0,15,,10023,13,,,0,55,,10024,13,,,0,15,,10025,13,,,0,15,,10026,13,,,0,15,,10027,13,,,0,55,,10028,13,,,0,15,,10029,13,,,0,15,,10030,13,,,0,15,,10031,13,,,0,55,,10032,13,,,0,15,,10033,13,,,0,15,,10034,13,,,0,15,,10035,13,,,0,55,,10036,13,,,0,15,,10037,13,,,0,16,,10038,13,,,0,15,,10039,13,,,0,55,,10040,13,,,0,15,,10041,13,,,0,15,,10042,13,,,0,15,,10043,13,,,0,55,,10044,13,,,0,10,,10045,13,,,0,10,,10046,13,,,0,10,,10047,13,,,0,10,,10048,13,,,0,50,,10049,13,,,0,10,,10050,13,,,0,8,,10051,13,,,0,8,,10052,13,,,0,8,,10053,13,,,0,8,,10054,13,,,0,8,,10055,13,,,0,48,,10056,13,,,0,9,,10057,13,,,0,8,,10058,13,,,0,8,,10059,13,,,0,8,,10060,13,,,0,8,,10061,13,,,0,8,,10062,13,,,0,8,,10063,13,,,0,48,,10064,13,,,0,8,,10065,13,,,0,8,,10066,13,,,0,8,,10067,13,,,0,8,,10068,13,,,0,8,,10069,13,,,0,8,,10070,13,,,0,56,,10071,13,,,0,8,,10072,13,,,0,8,,10073,13,,,0,8,,10074,13,,,0,8,,10075,13,,,0,8,,10076,13,,,0,8,,10077,13,,,0,54,,10078,13,,,0,15,,10079,13,,,0,15,,10080,13,,,0,60,,10081,13,,,0,20,,10082,13,,,0,20,,10083,13,,,0,60,,10084,13,,,0,20,,10085,13,,,0,20,,10086,13,,,0,60,,10087,13,,,0,18,,10088,13,,,0,20,,10089,13,,,0,60,,10090,13,,,0,30,,10091,13,,,0,70,,10092,13,,,0,30,,10093,13,,,0,70,,10094,13,,,0,30,,10095,13,,,0,70,,10096,13,,,0
400,'244.1141.3',1702,,10097,13,,,0
400,'244.1143.3',1702,,10098,13,,,0
800,'244.0.1',544,,10559,8,,,0,70,,10560,8,,,0,30,,10561,8,,,0,70,,10562,8,,,0,30,,10563,8,,,0,60,,10564,8,,,0,21,,10565,8,,,0,30,,10566,8,,,0,70,,10567,8,,,0,30,,10568,8,,,0,70,,10569,8,,,0,27,,10570,8,,,0,70,,10571,8,,,0,30,,10572,8,,,0,70,,10573,8,,,0,30,,10574,8,,,0,70,,10575,8,,,0,30,,10576,8,,,0,71,,10577,8,,,0,30,,10578,8,,,0,70,,10579,8,,,0,30,,10580,8,,,0,70,,10581,8,,,0,30,,10582,8,,,0,70,,10583,8,,,0,30,,10584,8,,,0,73,,10585,8,,,0,30,,10586,8,,,0,70,,10587,8,,,0,30,,10588,8,,,0,70,,10589,8,,,0,30,,10590,8,,,0,70,,10591,8,,,0,30,,10592,8,,,0,70,,10593,8,,,0,29,,10594,8,,,0,70,,10595,8,,,0,100,,10596,8,,,0
800,'244.0.2',600,,10597,8,,,0,30,,10598,8,,,0,70,,10599,8,,,0,30,,10600,8,,,0,70,,10601,8,,,0,30,,10602,8,,,0,70,,10603,8,,,0,30,,10604,8,,,0,70,,10605,8,,,0,31,,10606,8,,,0,70,,10607,8,,,0,25,,10608,8,,,0,30,,10609,8,,,0,71,,10610,8,,,0,30,,10611,8,,,0,70,,10612,8,,,0,30,,10613,8,,,0,70,,10614,8,,,0,30,,10615,8,,,0,70,,10616,8,,,0,30,,10617,8,,,0,75,,10618,8,,,0,70,,10619,8,,,0,30,,10620,8,,,0,70,,10621,8,,,0,30,,10622,8,,,0,69,,10623,8,,,0,30,,10624,8,,,0,70,,10625,8,,,0,29,,10626,8,,,0,70,,10627,8,,,0,30,,10628,8,,,0,70,,10629,8,,,0,30,,10630,8,,,0,100,,10631,8,,,0,100,,10632,8,,,0
800,'244.0.3',532,,10635,8,,,0,70,,10636,8,,,0,30,,10637,8,,,0,70,,10638,8,,,0,32,,10639,8,,,0,71,,10640,8,,,0,30,,10641,8,,,0,70,,10642,8,,,0,30,,10643,8,,,0,20,,10644,8,,,0,60,,10645,8,,,0,20,,10646,8,,,0,20,,10647,8,,,0,60,,10648,8,,,0,20,,10649,8,,,0,20,,10650,8,,,0,60,,10651,8,,,0,20,,10652,8,,,0,20,,10653,8,,,0,60,,10654,8,,,0,20,,10655,8,,,0,20,,10656,8,,,0,60,,10657,8,,,0,20,,10658,8,,,0,20,,10659,8,,,0,62,,10660,8,,,0,20,,10661,8,,,0,20,,10662,8,,,0,60,,10663,8,,,0,20,,10664,8,,,0,20,,10665,8,,,0,60,,10666,8,,,0,20,,10667,8,,,0,77,,10668,8,,,0,10,,10683,8,,,0,10,,10669,8,,,0,70,,10670,8,,,0,30,,10671,8,,,0,70,,10672,8,,,0,30,,10673,8,,,0,70,,10674,8,,,0,29,,10675,8,,,0,70,,10676,8,,,0,30,,10677,8,,,0,70,,10678,8,,,0,30,,10679,8,,,0,70,,10680,8,,,0,30,,10681,8,,,0,70,,10682,8,,,0
