8200,'244.0.1',628,,13753,33,,,0,100,,13754,33,,,0,100,,13755,33,,,0,100,,13756,33,,,0,100,,13757,33,,,0,100,,13758,33,,,0,100,,13759,33,,,0,100,,13760,33,,,0,100,,13761,33,,,0,100,,13762,33,,,0,100,,13763,33,,,0,100,,13764,33,,,0,100,,13765,33,,,0,100,,13766,33,,,0,100,,13767,33,,,0,100,,13768,33,,,0,100,,13769,33,,,0
8200,'244.0.2',630,,13770,33,,,0,100,,13771,33,,,0,100,,13772,33,,,0,100,,13773,33,,,0,100,,13774,33,,,0,100,,13775,33,,,0,100,,13776,33,,,0,100,,13777,33,,,0,100,,13778,33,,,0,100,,13779,33,,,0,100,,13780,33,,,0,100,,13781,33,,,0,100,,13782,33,,,0,100,,13783,33,,,0,100,,13784,33,,,0,100,,13785,33,,,0
8200,'244.0.3',616,,13786,33,,,0,26,,13787,33,,,0,69,,13788,33,,,0,30,,13789,33,,,0,70,,13790,33,,,0,93,,13791,33,,,0,28,,13792,33,,,0,100,,13793,33,,,0,100,,13794,33,,,0,100,,13795,33,,,0,100,,13796,33,,,0,100,,13797,33,,,0,103,,13798,33,,,0,466,,13799,33,,,0,100,,13800,33,,,0,100,,13801,33,,,0,100,,13802,33,,,0
8400,'244.0.1',709,,13955,31,,,0,100,,13956,31,,,0,100,,13957,31,,,0,100,,13958,31,,,0,103,,13959,31,,,0,97,,13960,31,,,0,100,,13961,31,,,0,100,,13962,31,,,0,100,,13963,31,,,0,100,,13964,31,,,0,100,,13965,31,,,0,100,,13966,31,,,0,96,,13967,31,,,0,105,,13968,31,,,0,100,,13969,31,,,0,100,,13970,31,,,0,100,,13971,31,,,0
8400,'244.0.2',714,,13972,31,,,0,100,,13973,31,,,0,100,,13974,31,,,0,100,,13975,31,,,0,102,,13976,31,,,0,96,,13977,31,,,0,100,,13978,31,,,0,100,,13979,31,,,0,100,,13980,31,,,0,100,,13981,31,,,0,103,,13982,31,,,0,100,,13983,31,,,0,100,,13984,31,,,0,100,,13985,31,,,0,98,,13986,31,,,0,100,,13987,31,,,0,100,,13988,31,,,0
8400,'244.0.3',622,,14019,31,,,0,30,,13989,31,,,0,70,,13990,31,,,0,31,,13991,31,,,0,71,,13992,31,,,0,30,,13993,31,,,0,70,,13994,31,,,0,102,,13995,31,,,0,100,,13996,31,,,0,100,,13997,31,,,0,100,,13998,31,,,0,100,,13999,31,,,0,108,,14000,31,,,0,70,,14001,31,,,0,15,,14002,31,,,0,15,,14003,31,,,0,15,,14004,31,,,0,55,,14005,31,,,0,15,,14006,31,,,0,15,,14007,31,,,0,11,,14008,31,,,0,14,,14009,31,,,0,55,,14010,31,,,0,12,,14011,31,,,0,15,,14020,31,,,0,13,,14012,31,,,0,98,,14013,31,,,0,100,,14014,31,,,0,100,,14015,31,,,0,100,,14016,31,,,0,103,,14017,31,,,0,103,,14018,31,,,0
8501,'244.0.1',636,,14145,21,,,0,100,,14146,21,,,0,101,,14147,21,,,0,100,,14148,21,,,0,101,,14149,21,,,0,102,,14150,21,,,0,100,,14151,21,,,0,100,,14152,21,,,0,100,,14153,21,,,0,98,,14154,21,,,0,100,,14155,21,,,0,100,,14156,21,,,0,99,,14157,21,,,0,99,,14158,21,,,0,100,,14159,21,,,0,100,,14160,21,,,0,100,,14161,21,,,0
8501,'244.0.2',640,,14162,21,,,0,100,,14163,21,,,0,101,,14164,21,,,0,100,,14165,21,,,0,100,,14166,21,,,0,101,,14167,21,,,0,100,,14168,21,,,0,100,,14169,21,,,0,100,,14170,21,,,0,101,,14171,21,,,0,99,,14172,21,,,0,100,,14173,21,,,0,100,,14174,21,,,0,98,,14175,21,,,0,100,,14176,21,,,0,100,,14177,21,,,0
8501,'244.0.3',854,,14178,21,,,0,100,,14179,21,,,0,101,,14180,21,,,0,101,,14181,21,,,0,100,,14182,21,,,0,100,,14183,21,,,0,100,,14184,21,,,0,100,,14185,21,,,0,53,,14186,21,,,0,16,,14187,21,,,0,15,,14188,21,,,0,61,,14189,21,,,0,15,,14190,21,,,0,20,,14191,21,,,0,15,,14192,21,,,0,55,,14193,21,,,0,7,,14194,21,,,0,13,,14201,21,,,0,9,,14195,21,,,0,15,,14202,21,,,0,55,,14196,21,,,0,14,,14203,21,,,0,92,,14197,21,,,0,100,,14198,21,,,0,100,,14199,21,,,0,100,,14200,21,,,0
8601,'244.0.1',645,,14255,20,,,0,100,,14256,20,,,0,100,,14257,20,,,0,102,,14258,20,,,0,100,,14259,20,,,0,100,,14260,20,,,0,100,,14261,20,,,0,101,,14262,20,,,0,100,,14263,20,,,0,100,,14264,20,,,0,98,,14265,20,,,0,100,,14266,20,,,0,100,,14267,20,,,0,100,,14268,20,,,0,100,,14269,20,,,0,100,,14270,20,,,0,100,,14271,20,,,0
8601,'244.0.2',651,,14272,20,,,0,100,,14273,20,,,0,100,,14274,20,,,0,101,,14275,20,,,0,100,,14276,20,,,0,100,,14277,20,,,0,100,,14278,20,,,0,100,,14279,20,,,0,99,,14280,20,,,0,100,,14281,20,,,0,100,,14282,20,,,0,100,,14283,20,,,0,100,,14284,20,,,0,100,,14285,20,,,0,100,,14286,20,,,0,100,,14287,20,,,0
8601,'244.0.3',855,,14288,20,,,0,100,,14289,20,,,0,100,,14290,20,,,0,100,,14291,20,,,0,100,,14292,20,,,0,100,,14293,20,,,0,100,,14294,20,,,0,145,,14295,20,,,0,31,,14296,20,,,0,75,,14297,20,,,0,34,,14298,20,,,0,67,,14299,20,,,0,22,,14300,20,,,0,25,,14301,20,,,0,160,,14302,20,,,0,100,,14303,20,,,0,100,,14304,20,,,0,100,,14305,20,,,0
18200,'244.0.3',1555,,15020,53,,,0,55,,15021,53,,,0,17,,15022,53,,,0,18,,15023,53,,,0,14,,15024,53,,,0,57,,15025,53,,,0,14,,15026,53,,,0,11,,15027,53,,,0,12,,15028,53,,,0,55,,15029,53,,,0,11,,15030,53,,,0,15,,15031,53,,,0,15,,15033,53,,,0,54,,15032,53,,,0,16,,15034,53,,,0
18501,'244.0.3',556,,15075,21,,,0,55,,15085,21,,,0,15,,15076,21,,,0,15,,15077,21,,,0,15,,15078,21,,,0,55,,15084,21,,,0,15,,15079,21,,,0,15,,15080,21,,,0,15,,15081,21,,,0,55,,15082,21,,,0,15,,15083,21,,,0,15,,15086,21,,,0
18601,'244.0.3',604,,15093,20,,,0,30,,15094,20,,,0,70,,15095,20,,,0,30,,15096,20,,,0,70,,15097,20,,,0,30,,15098,20,,,0
