5400,'244.0.1',614,,12258,20,,,0,100,,12259,20,,,0,100,,12260,20,,,0,100,,12261,20,,,0,102,,12262,20,,,0,100,,12263,20,,,0,100,,12264,20,,,0,100,,12265,20,,,0,100,,12266,20,,,0,100,,12267,20,,,0,100,,12268,20,,,0,100,,12269,20,,,0,98,,12270,20,,,0,100,,12271,20,,,0,100,,12272,20,,,0,100,,12273,20,,,0,100,,12274,20,,,0
5400,'244.0.2',814,,12275,20,,,0,100,,12276,20,,,0,102,,12277,20,,,0,100,,12278,20,,,0,100,,12279,20,,,0,100,,12280,20,,,0,100,,12281,20,,,0,100,,12282,20,,,0,100,,12283,20,,,0,100,,12284,20,,,0,98,,12285,20,,,0,100,,12286,20,,,0,100,,12287,20,,,0,100,,12288,20,,,0
5400,'244.0.3',615,,12289,20,,,0,28,,12290,20,,,0,70,,12291,20,,,0,30,,12292,20,,,0,70,,12293,20,,,0,31,,12294,20,,,0,75,,12295,20,,,0,100,,12296,20,,,0,100,,12297,20,,,0,103,,12298,20,,,0,100,,12299,20,,,0,100,,12300,20,,,0,100,,12301,20,,,0,30,,12302,20,,,0,70,,12303,20,,,0,29,,12304,20,,,0,70,,12305,20,,,0,27,,12306,20,,,0,71,,12307,20,,,0,30,,12308,20,,,0,70,,12309,20,,,0,30,,12310,20,,,0,70,,12311,20,,,0,100,,12312,20,,,0
6700,'244.0.1',800,,13380,6,,,0,100,,13381,6,,,0,104,,13382,6,,,0,101,,13383,6,,,0,100,,13384,6,,,0,100,,13385,6,,,0,100,,13386,6,,,0,100,,13387,6,,,0,100,,13388,6,,,0,100,,13389,6,,,0,100,,13390,6,,,0,96,,13391,6,,,0,99,,13392,6,,,0,100,,13393,6,,,0,100,,13394,6,,,0,100,,13395,6,,,0
6700,'244.0.2',758,,13396,6,,,0,100,,13397,6,,,0,100,,13398,6,,,0,146,,13399,6,,,0,100,,13400,6,,,0,100,,13401,6,,,0,100,,13402,6,,,0,100,,13403,6,,,0,100,,13404,6,,,0,100,,13405,6,,,0,97,,13406,6,,,0,100,,13407,6,,,0,100,,13408,6,,,0,100,,13409,6,,,0,57,,13410,6,,,0,100,,13411,6,,,0
6700,'244.0.3',611,,13412,6,,,0,30,,13413,6,,,0,70,,13414,6,,,0,30,,13415,6,,,0,70,,13416,6,,,0,30,,13417,6,,,0,70,,13418,6,,,0,100,,13419,6,,,0,98,,13420,6,,,0,100,,13421,6,,,0,100,,13422,6,,,0,100,,13423,6,,,0,99,,13424,6,,,0,30,,13425,6,,,0,70,,13426,6,,,0,30,,13427,6,,,0,70,,13428,6,,,0,31,,13429,6,,,0,73,,13430,6,,,0,30,,13431,6,,,0,100,,13432,6,,,0,100,,13433,6,,,0,100,,13434,6,,,0,100,,13435,6,,,0
7201,'244.0.1',648,,13675,16,,,0,77,,13676,36,,,0,30,,13677,36,,,0,70,,13678,36,,,0,30,,13679,36,,,0,70,,13680,36,,,0,30,,13681,36,,,0,77,,13682,36,,,0,70,,13683,36,,,0,30,,13684,36,,,0,76,,13685,36,,,0,30,,13686,36,,,0,70,,13687,36,,,0,30,,13688,36,,,0,70,,13689,36,,,0,30,,13690,36,,,0,70,,13691,36,,,0,30,,13692,36,,,0,70,,13693,36,,,0,30,,13694,36,,,0,70,,13695,36,,,0,30,,13696,36,,,0,70,,13697,36,,,0,25,,13698,36,,,0,25,,13699,36,,,0,70,,13700,36,,,0,100,,13701,36,,,0,100,,13702,36,,,0,100,,13703,36,,,0,100,,13704,36,,,0,100,,13705,36,,,0
7201,'244.0.2',724,,13706,16,,,0,100,,13707,36,,,0,100,,13708,36,,,0,100,,13709,36,,,0,105,,13710,36,,,0,106,,13711,36,,,0,100,,13712,36,,,0,100,,13713,36,,,0,100,,13714,36,,,0,100,,13715,36,,,0,100,,13716,36,,,0,95,,13717,36,,,0,100,,13718,36,,,0,92,,13719,36,,,0,100,,13720,36,,,0,100,,13721,36,,,0,100,,13722,36,,,0
7201,'244.0.3',700,,13723,36,,,0,30,,13724,36,,,0,70,,13725,36,,,0,33,,13726,36,,,0,72,,13727,36,,,0,32,,13728,36,,,0,70,,13729,36,,,0,28,,13730,36,,,0,70,,13731,36,,,0,30,,13732,36,,,0,70,,13733,36,,,0,30,,13734,36,,,0,70,,13735,36,,,0,30,,13736,36,,,0,70,,13737,36,,,0,30,,13738,36,,,0,74,,13739,36,,,0,30,,13740,36,,,0,71,,13741,36,,,0,31,,13742,36,,,0,70,,13743,36,,,0,30,,13744,36,,,0,70,,13745,36,,,0,28,,13746,36,,,0,64,,13747,36,,,0,24,,13748,36,,,0,100,,13749,36,,,0,100,,13750,36,,,0,100,,13751,36,,,0,100,,13752,36,,,0
3001000,'244.0.1',548,,17447,1,0,5,0,89,,17448,40,,,0,100,,17449,40,,,0,70,,17450,40,,,0,30,,17451,40,,,0,70,,17452,40,,,0,31,,17453,40,,,0,73,,17454,40,,,0,30,,17455,40,,,0,70,,17456,40,,,0,31,,17457,40,,,0,73,,17458,40,,,0,30,,17459,40,,,0,70,,17460,40,,,0,30,,17461,40,,,0,70,,17462,40,,,0,30,,17463,40,,,0,70,,17464,40,,,0,30,,17465,40,,,0,70,,17466,40,,,0,30,,17467,40,,,0,70,,17468,40,,,0,30,,17469,40,,,0,70,,17470,40,,,0,29,,17471,40,,,0,68,,17472,40,,,0,30,,17473,40,,,0,100,,17474,40,,,0,99,,17475,40,,,0,96,,17476,40,,,0,100,,17477,40,,,0,100,,17478,40,,,0
3001000,'244.0.2',549,,17479,1,0,5,0,85,,17480,40,,,0,100,,17481,40,,,0,70,,17482,40,,,0,30,,17483,40,,,0,70,,17484,40,,,0,30,,17485,40,,,0,71,,17486,40,,,0,34,,17487,40,,,0,70,,17488,40,,,0,30,,17489,40,,,0,70,,17490,40,,,0,30,,17491,40,,,0,70,,17492,40,,,0,30,,17493,40,,,0,70,,17494,40,,,0,33,,17495,40,,,0,70,,17496,40,,,0,30,,17497,40,,,0,70,,17498,40,,,0,30,,17499,40,,,0,70,,17500,40,,,0,30,,17501,40,,,0,70,,17502,40,,,0,30,,17503,40,,,0,100,,17504,40,,,0,95,,17505,40,,,0,100,,17506,40,,,0,100,,17507,40,,,0,100,,17508,40,,,0
3001000,'244.0.3',512,,17509,1,0,5,0,30,,17510,1,0,5,0,70,,17511,1,0,5,0,15,,17512,40,,,0,19,,17513,40,,,0,60,,17514,40,,,0,19,,17515,40,,,0,18,,17516,40,,,0,57,,17517,40,,,0,20,,17518,40,,,0,33,,17519,40,,,0,60,,17520,40,,,0,20,,17521,40,,,0,68,,17522,40,,,0,30,,17523,40,,,0,70,,17524,40,,,0,30,,17525,40,,,0,70,,17526,40,,,0,30,,17527,40,,,0,70,,17528,40,,,0,30,,17529,40,,,0,70,,17530,40,,,0,30,,17531,40,,,0,20,,17532,40,,,0,60,,17533,40,,,0,20,,17534,40,,,0,21,,17535,40,,,0,67,,17536,40,,,0,23,,17537,40,,,0,60,,17538,40,,,0,20,,17539,40,,,0,18,,17540,40,,,0,19,,17541,40,,,0,58,,17542,40,,,0,13,,17543,40,,,0,16,,17544,40,,,0,60,,17545,40,,,0,20,,17546,40,,,0,19,,17547,40,,,0,70,,17548,40,,,0,30,,17549,40,,,0,70,,17550,40,,,0,30,,17551,40,,,0,68,,17552,40,,,0,27,,17553,40,,,0,70,,17554,40,,,0,30,,17555,40,,,0,70,,17556,40,,,0,30,,17557,40,,,0
