800,'244.0.1',607,,10559,37,,,0,30,,10560,37,,,0,70,,10561,37,,,0,30,,10562,37,,,0,71,,10563,37,,,0,23,,10564,37,,,0,22,,10565,37,,,0,70,,10566,37,,,0,30,,10567,37,,,0,70,,10568,37,,,0,31,,10569,37,,,0,69,,10570,37,,,0,30,,10571,37,,,0,70,,10572,37,,,0,30,,10573,37,,,0,70,,10574,37,,,0,30,,10575,37,,,0,70,,10576,37,,,0,32,,10577,37,,,0,70,,10578,37,,,0,30,,10579,37,,,0,70,,10580,37,,,0,30,,10581,37,,,0,70,,10582,37,,,0,30,,10583,37,,,0,70,,10584,37,,,0,30,,10585,37,,,0,70,,10586,37,,,0,30,,10587,37,,,0,70,,10588,37,,,0,30,,10589,37,,,0,70,,10590,37,,,0,30,,10591,37,,,0,70,,10592,37,,,0,25,,10593,37,,,0,69,,10594,37,,,0,30,,10595,37,,,0,100,,10596,37,,,0
800,'244.0.2',626,,10597,37,,,0,30,,10598,37,,,0,70,,10599,37,,,0,30,,10600,37,,,0,70,,10601,37,,,0,30,,10602,37,,,0,70,,10603,37,,,0,30,,10604,37,,,0,70,,10605,37,,,0,74,,10606,37,,,0,30,,10607,37,,,0,25,,10608,37,,,0,71,,10609,37,,,0,32,,10610,37,,,0,70,,10611,37,,,0,30,,10612,37,,,0,70,,10613,37,,,0,30,,10614,37,,,0,70,,10615,37,,,0,30,,10616,37,,,0,70,,10617,37,,,0,75,,10618,37,,,0,29,,10619,37,,,0,70,,10620,37,,,0,30,,10621,37,,,0,69,,10622,37,,,0,28,,10623,37,,,0,30,,10624,37,,,0,67,,10625,37,,,0,29,,10626,37,,,0,70,,10627,37,,,0,30,,10628,37,,,0,70,,10629,37,,,0,30,,10630,37,,,0,100,,10631,37,,,0,100,,10632,37,,,0
800,'244.0.3',556,,10635,37,,,0,70,,10636,37,,,0,30,,10637,37,,,0,78,,10638,37,,,0,72,,10639,37,,,0,31,,10640,37,,,0,70,,10641,37,,,0,30,,10642,37,,,0,70,,10643,37,,,0,20,,10644,37,,,0,20,,10645,37,,,0,60,,10646,37,,,0,20,,10647,37,,,0,20,,10648,37,,,0,60,,10649,37,,,0,20,,10650,37,,,0,20,,10651,37,,,0,60,,10652,37,,,0,20,,10653,37,,,0,20,,10654,37,,,0,60,,10655,37,,,0,20,,10656,37,,,0,20,,10657,37,,,0,60,,10658,37,,,0,29,,10659,37,,,0,64,,10660,37,,,0,20,,10661,37,,,0,20,,10662,37,,,0,60,,10663,37,,,0,20,,10664,37,,,0,20,,10665,37,,,0,60,,10666,37,,,0,17,,10667,37,,,0,26,,10668,37,,,0,10,,10683,37,,,0,50,,10669,37,,,0,30,,10670,37,,,0,70,,10671,37,,,0,30,,10672,37,,,0,70,,10673,37,,,0,28,,10674,37,,,0,69,,10675,37,,,0,30,,10676,37,,,0,70,,10677,37,,,0,30,,10678,37,,,0,70,,10679,37,,,0,30,,10680,37,,,0,70,,10681,37,,,0,30,,10682,37,,,0
9000,'244.0.1',631,,14558,30,,,0,25,,14559,30,,,0,70,,14560,30,,,0,30,,14561,30,,,0,70,,14562,30,,,0,25,,14563,30,,,0,70,,14564,30,,,0,30,,14565,30,,,0,66,,14566,30,,,0,33,,14567,30,,,0,70,,14568,30,,,0,30,,14569,30,,,0,70,,14570,30,,,0,27,,14571,30,,,0,70,,14572,30,,,0,30,,14573,30,,,0,70,,14574,30,,,0,30,,14575,30,,,0,70,,14576,30,,,0,30,,14577,30,,,0,70,,14578,30,,,0,33,,14579,30,,,0,70,,14580,30,,,0,30,,14581,30,,,0,70,,14582,30,,,0,30,,14583,30,,,0,70,,14584,30,,,0,30,,14585,30,,,0,70,,14586,30,,,0,104,,14587,30,,,0,100,,14588,30,,,0,100,,14589,30,,,0,100,,14590,30,,,0
9000,'244.0.2',620,,14591,30,,,0,100,,14592,30,,,0,100,,14593,30,,,0,95,,14594,30,,,0,97,,14595,30,,,0,100,,14596,30,,,0,102,,14597,30,,,0,100,,14598,30,,,0,98,,14599,30,,,0,100,,14600,30,,,0,100,,14601,30,,,0,100,,14602,30,,,0,103,,14603,30,,,0,104,,14604,30,,,0,101,,14605,30,,,0,100,,14606,30,,,0,100,,14607,30,,,0,100,,14608,30,,,0
9000,'244.0.3',618,,14642,30,,,0,15,,14641,30,,,0,15,,14609,30,,,0,55,,14643,30,,,0,15,,14610,30,,,0,15,,14644,30,,,0,15,,14611,30,,,0,55,,14645,30,,,0,20,,14612,30,,,0,30,,14613,30,,,0,65,,14614,30,,,0,31,,14615,30,,,0,69,,14616,30,,,0,30,,14617,30,,,0,70,,14618,30,,,0,27,,14619,30,,,0,71,,14620,30,,,0,30,,14621,30,,,0,70,,14622,30,,,0,30,,14623,30,,,0,70,,14624,30,,,0,36,,14625,30,,,0,57,,14646,30,,,0,15,,14626,30,,,0,15,,14647,30,,,0,15,,14627,30,,,0,55,,14648,30,,,0,15,,14628,30,,,0,15,,14649,30,,,0,15,,14653,30,,,0,55,,14650,30,,,0,15,,14629,30,,,0,15,,14651,30,,,0,14,,14630,30,,,0,50,,14652,30,,,0,12,,14631,30,,,0,35,,14632,30,,,0,70,,14633,30,,,0,30,,14634,30,,,0,70,,14635,30,,,0,30,,14636,30,,,0,100,,14637,30,,,0,96,,14638,30,,,0,100,,14639,30,,,0,100,,14640,30,,,0
9100,'244.0.1',724,,14751,17,,,0,100,,14752,17,,,0,100,,14753,17,,,0,100,,14754,17,,,0,100,,14755,17,,,0,100,,14756,17,,,0,100,,14757,17,,,0,100,,14758,17,,,0,100,,14759,17,,,0,100,,14760,17,,,0,100,,14761,17,,,0,100,,14762,17,,,0,100,,14763,17,,,0,100,,14764,17,,,0,100,,14765,17,,,0,100,,14766,17,,,0
9100,'244.0.2',753,,14767,17,,,0,100,,14768,17,,,0,100,,14769,17,,,0,100,,14770,17,,,0,100,,14771,17,,,0,100,,14772,17,,,0,100,,14773,17,,,0,100,,14774,17,,,0,100,,14775,17,,,0,100,,14776,17,,,0,100,,14777,17,,,0,100,,14778,17,,,0,100,,14779,17,,,0,100,,14780,17,,,0,100,,14781,17,,,0
9100,'244.0.3',633,,14782,17,,,0,24,,14783,17,,,0,68,,14784,17,,,0,76,,14785,17,,,0,29,,14786,17,,,0,71,,14787,17,,,0,100,,14788,17,,,0,103,,14789,17,,,0,100,,14790,17,,,0,99,,14791,17,,,0,100,,14792,17,,,0,101,,14793,17,,,0,30,,14794,17,,,0,70,,14795,17,,,0,30,,14796,17,,,0,70,,14797,17,,,0,30,,14798,17,,,0,71,,14799,17,,,0,30,,14800,17,,,0,97,,14801,17,,,0,100,,14802,17,,,0,100,,14803,17,,,0,100,,14804,17,,,0
9300,'244.0.3',1541,,14860,24,,,0,67,,14861,24,,,0,41,,14862,24,,,0,63,,14863,24,,,0,35,,14864,24,,,0,59,,14865,24,,,0,30,,14866,24,,,0
