800,'244.0.1',605,,10558,20,4,,0,31,,10559,80,4,,0,70,,10560,80,4,,0,30,,10561,80,4,,0,70,,10562,80,4,,0,36,,10563,80,4,,0,63,,10564,80,4,,0,22,,10565,80,4,,0,30,,10566,80,4,,0,70,,10567,80,4,,0,73,,10568,80,4,,0,32,,10569,80,4,,0,69,,10570,80,4,,0,30,,10571,80,4,,0,70,,10572,80,4,,0,30,,10573,80,4,,0,70,,10574,80,4,,0,30,,10575,80,4,,0,69,,10576,80,4,,0,32,,10577,80,4,,0,70,,10578,80,4,,0,30,,10579,80,4,,0,70,,10580,80,4,,0,30,,10581,80,4,,0,70,,10582,80,4,,0,30,,10583,80,4,,0,25,,10584,80,4,,0,70,,10585,80,4,,0,30,,10586,80,4,,0,70,,10587,80,4,,0,30,,10588,80,4,,0,70,,10589,80,4,,0,30,,10590,80,4,,0,70,,10591,80,4,,0,29,,10592,80,4,,0,63,,10593,80,4,,0,29,,10594,80,4,,0,70,,10595,80,4,,0,100,,10596,80,4,,0
800,'244.0.2',655,,10597,80,4,,0,70,,10598,80,4,,0,30,,10599,80,4,,0,70,,10600,80,4,,0,30,,10601,80,4,,0,70,,10602,80,4,,0,30,,10603,80,4,,0,70,,10604,80,4,,0,34,,10605,80,4,,0,74,,10606,80,4,,0,70,,10607,80,4,,0,26,,10608,80,4,,0,71,,10609,80,4,,0,32,,10610,80,4,,0,70,,10611,80,4,,0,30,,10612,80,4,,0,70,,10613,80,4,,0,30,,10614,80,4,,0,70,,10615,80,4,,0,30,,10616,80,4,,0,68,,10617,80,4,,0,35,,10618,80,4,,0,69,,10619,80,4,,0,30,,10620,80,4,,0,68,,10621,80,4,,0,29,,10622,80,4,,0,28,,10623,80,4,,0,69,,10624,80,4,,0,26,,10625,80,4,,0,69,,10626,80,4,,0,30,,10627,80,4,,0,70,,10628,80,4,,0,30,,10629,80,4,,0,70,,10630,80,4,,0,100,,10631,80,4,,0,100,,10632,80,4,,0
800,'244.0.3',525,,10633,20,4,,0,30,,10634,20,4,,0,72,,10635,80,4,,0,30,,10636,80,4,,0,74,,10637,80,4,,0,80,,10638,80,4,,0,32,,10639,80,4,,0,71,,10640,80,4,,0,30,,10641,80,4,,0,70,,10642,80,4,,0,30,,10643,80,4,,0,60,,10644,80,4,,0,20,,10645,80,4,,0,20,,10646,80,4,,0,60,,10647,80,4,,0,20,,10648,80,4,,0,20,,10649,80,4,,0,60,,10650,80,4,,0,20,,10651,80,4,,0,20,,10652,80,4,,0,60,,10653,80,4,,0,20,,10654,80,4,,0,20,,10655,80,4,,0,60,,10656,80,4,,0,20,,10657,80,4,,0,24,,10658,80,4,,0,69,,10659,80,4,,0,24,,10660,80,4,,0,60,,10661,80,4,,0,20,,10662,80,4,,0,20,,10663,80,4,,0,60,,10664,80,4,,0,18,,10665,80,4,,0,18,,10666,80,4,,0,14,,10667,80,4,,0,66,,10668,80,4,,0,10,,10683,80,4,,0,10,,10669,80,4,,0,70,,10670,80,4,,0,30,,10671,80,4,,0,70,,10672,80,4,,0,26,,10673,80,4,,0,68,,10674,80,4,,0,29,,10675,80,4,,0,70,,10676,80,4,,0,30,,10677,80,4,,0,70,,10678,80,4,,0,30,,10679,80,4,,0,70,,10680,80,4,,0,30,,10681,80,4,,0,70,,10682,80,4,,0
801,'244.0.1',525,,10684,1,,,0,30,,10685,1,,,0,70,,10686,1,,,0,30,,10687,1,,,0,70,,10688,1,,,0,30,,10689,1,,,0,70,,10690,1,,,0,30,,10691,1,,,0,70,,10692,1,,,0,30,,10693,1,,,0,70,,10694,1,,,0,30,,10695,1,,,0,70,,10696,1,,,0,30,,10697,1,,,0,70,,10698,1,,,0,30,,10699,1,,,0,70,,10700,1,,,0,30,,10701,1,,,0,70,,10702,1,,,0,30,,10703,1,,,0,70,,10704,1,,,0,30,,10705,1,,,0,70,,10706,1,,,0,30,,10707,1,,,0,70,,10708,1,,,0,30,,10709,1,,,0,70,,10710,1,,,0,30,,10711,1,,,0,70,,10712,1,,,0,30,,10713,1,,,0,70,,10714,1,,,0,30,,10715,1,,,0,70,,10716,1,,,0,30,,10717,1,,,0,70,,10718,1,,,0,30,,10719,1,,,0,70,,10720,1,,,0,100,,10721,1,,,0
801,'244.0.2',530,,10722,1,,,0,70,,10723,1,,,0,30,,10724,1,,,0,70,,10725,1,,,0,30,,10726,1,,,0,70,,10727,1,,,0,30,,10728,1,,,0,70,,10729,1,,,0,30,,10730,1,,,0,70,,10731,1,,,0,30,,10732,1,,,0,70,,10733,1,,,0,30,,10734,1,,,0,70,,10735,1,,,0,30,,10736,1,,,0,70,,10737,1,,,0,30,,10738,1,,,0,70,,10739,1,,,0,30,,10740,1,,,0,70,,10741,1,,,0,30,,10742,1,,,0,70,,10743,1,,,0,30,,10744,1,,,0,70,,10745,1,,,0,30,,10746,1,,,0,70,,10747,1,,,0,30,,10748,1,,,0,70,,10749,1,,,0,30,,10750,1,,,0,70,,10751,1,,,0,30,,10752,1,,,0,70,,10753,1,,,0,30,,10754,1,,,0,70,,10755,1,,,0,100,,10756,1,,,0,100,,10757,1,,,0
801,'244.0.3',510,,10758,1,,,0,30,,10759,1,,,0,70,,10760,1,,,0,20,,10761,1,,,0,20,,10762,1,,,0,60,,10763,1,,,0,20,,10764,1,,,0,20,,10765,1,,,0,60,,10766,1,,,0,20,,10767,1,,,0,20,,10768,1,,,0,60,,10769,1,,,0,20,,10770,1,,,0,20,,10771,1,,,0,60,,10772,1,,,0,20,,10773,1,,,0,20,,10774,1,,,0,60,,10775,1,,,0,20,,10776,1,,,0,20,,10777,1,,,0,60,,10778,1,,,0,20,,10779,1,,,0,20,,10780,1,,,0,60,,10781,1,,,0,20,,10782,1,,,0,20,,10783,1,,,0,60,,10784,1,,,0,20,,10785,1,,,0,20,,10786,1,,,0,70,,10787,1,,,0,30,,10788,1,,,0,70,,10789,1,,,0,30,,10790,1,,,0,70,,10791,1,,,0,30,,10792,1,,,0,70,,10793,1,,,0,30,,10794,1,,,0,70,,10795,1,,,0,30,,10796,1,,,0,70,,10797,1,,,0,30,,10798,1,,,0,70,,10799,1,,,0,30,,10800,1,,,0,70,,10801,1,,,0,30,,10802,1,,,0,70,,10803,1,,,0,30,,10804,1,,,0,70,,10805,1,,,0
8700,'244.0.1',710,,14306,37,4,,0,30,,14307,37,4,,0,70,,14308,37,4,,0,30,,14309,37,4,,0,70,,14310,37,4,,0,30,,14311,37,4,,0,67,,14312,37,4,,0,30,,14313,37,4,,0,71,,14314,37,4,,0,32,,14315,37,4,,0,70,,14316,37,4,,0,30,,14317,37,4,,0,70,,14318,37,4,,0,30,,14319,37,4,,0,70,,14320,37,4,,0,30,,14321,37,4,,0,70,,14322,37,4,,0,30,,14323,37,4,,0,70,,14324,37,4,,0,30,,14325,37,4,,0,69,,14326,37,4,,0,30,,14327,37,4,,0,70,,14328,37,4,,0,30,,14329,37,4,,0,68,,14330,37,4,,0,102,,14331,37,4,,0,100,,14332,37,4,,0,100,,14333,37,4,,0,100,,14334,37,4,,0,100,,14335,37,4,,0
8700,'244.0.2',711,,14336,37,4,,0,100,,14337,37,4,,0,102,,14338,37,4,,0,100,,14339,37,4,,0,101,,14340,37,4,,0,101,,14341,37,4,,0,100,,14342,37,4,,0,100,,14343,37,4,,0,100,,14344,37,4,,0,100,,14345,37,4,,0,100,,14346,37,4,,0,100,,14347,37,4,,0,98,,14348,37,4,,0,100,,14349,37,4,,0,100,,14350,37,4,,0,100,,14351,37,4,,0,100,,14352,37,4,,0
8700,'244.0.3',716,,14353,37,4,,0,30,,14354,37,4,,0,70,,14355,37,4,,0,31,,14356,37,4,,0,70,,14357,37,4,,0,30,,14358,37,4,,0,70,,14359,37,4,,0,30,,14360,37,4,,0,70,,14361,37,4,,0,30,,14362,37,4,,0,71,,14363,37,4,,0,30,,14364,37,4,,0,70,,14365,37,4,,0,30,,14366,37,4,,0,70,,14367,37,4,,0,30,,14368,37,4,,0,70,,14369,37,4,,0,31,,14370,37,4,,0,76,,14371,37,4,,0,33,,14372,37,4,,0,70,,14373,37,4,,0,27,,14374,37,4,,0,68,,14375,37,4,,0,25,,14376,37,4,,0,86,,14377,37,4,,0,100,,14378,37,4,,0,100,,14379,37,4,,0,100,,14380,37,4,,0,100,,14381,37,4,,0,100,,14382,37,4,,0
8701,'244.0.1',605,,14383,1,,,0,30,,14384,1,,,0,70,,14385,1,,,0,30,,14386,1,,,0,70,,14387,1,,,0,30,,14388,1,,,0,70,,14389,1,,,0,30,,14390,1,,,0,70,,14391,1,,,0,30,,14392,1,,,0,70,,14393,1,,,0,30,,14394,1,,,0,70,,14395,1,,,0,30,,14396,1,,,0,70,,14397,1,,,0,30,,14398,1,,,0,70,,14399,1,,,0,30,,14400,1,,,0,70,,14401,1,,,0,30,,14402,1,,,0,70,,14403,1,,,0,30,,14404,1,,,0,70,,14405,1,,,0,30,,14406,1,,,0,70,,14407,1,,,0,95,,14408,1,,,0,100,,14409,1,,,0,100,,14410,1,,,0,100,,14411,1,,,0,100,,14412,1,,,0
8701,'244.0.2',605,,14413,1,,,0,100,,14414,1,,,0,100,,14415,1,,,0,100,,14416,1,,,0,100,,14417,1,,,0,100,,14418,1,,,0,100,,14419,1,,,0,100,,14420,1,,,0,100,,14421,1,,,0,100,,14422,1,,,0,100,,14423,1,,,0,100,,14424,1,,,0,100,,14425,1,,,0,100,,14426,1,,,0,100,,14427,1,,,0,100,,14428,1,,,0,100,,14429,1,,,0,100,,14430,1,,,0
8701,'244.0.3',625,,14431,1,,,0,30,,14432,1,,,0,55,,14433,1,,,0,30,,14434,1,,,0,70,,14435,1,,,0,30,,14436,1,,,0,70,,14437,1,,,0,30,,14438,1,,,0,70,,14439,1,,,0,30,,14440,1,,,0,70,,14441,1,,,0,30,,14442,1,,,0,70,,14443,1,,,0,30,,14444,1,,,0,70,,14445,1,,,0,30,,14446,1,,,0,70,,14447,1,,,0,30,,14448,1,,,0,70,,14449,1,,,0,30,,14450,1,,,0,70,,14451,1,,,0,30,,14452,1,,,0,70,,14453,1,,,0,30,,14454,1,,,0,70,,14455,1,,,0,30,,14456,1,,,0,90,,14457,1,,,0,100,,14458,1,,,0,100,,14459,1,,,0,100,,14460,1,,,0,100,,14461,1,,,0
