9001,'244.0.1',634,,14654,57,,,0,70,,14655,57,,,0,30,,14656,57,,,0,66,,14657,57,,,0,31,,14658,57,,,0,70,,14659,57,,,0,30,,14660,57,,,0,26,,14661,57,,,0,74,,14662,57,,,0,71,,14663,57,,,0,30,,14664,57,,,0,70,,14665,57,,,0,30,,14666,57,,,0,70,,14667,57,,,0,30,,14668,57,,,0,70,,14669,57,,,0,30,,14670,57,,,0,70,,14671,57,,,0,30,,14672,57,,,0,70,,14673,57,,,0,30,,14674,57,,,0,70,,14675,57,,,0,30,,14676,57,,,0,74,,14677,57,,,0,25,,14678,57,,,0,69,,14679,57,,,0,30,,14680,57,,,0,70,,14681,57,,,0,30,,14682,57,,,0,98,,14683,57,,,0,100,,14684,57,,,0,100,,14685,57,,,0,100,,14686,57,,,0
9001,'244.0.2',622,,14687,57,,,0,100,,14688,57,,,0,100,,14689,57,,,0,100,,14690,57,,,0,100,,14691,57,,,0,102,,14692,57,,,0,100,,14693,57,,,0,102,,14694,57,,,0,100,,14695,57,,,0,98,,14696,57,,,0,100,,14697,57,,,0,99,,14698,57,,,0,98,,14699,57,,,0,103,,14700,57,,,0,105,,14701,57,,,0,98,,14702,57,,,0,97,,14703,57,,,0,99,,14704,57,,,0
9001,'244.0.3',609,,14705,57,,,0,30,,14706,57,,,0,73,,14707,57,,,0,24,,14739,57,,,0,13,,14708,57,,,0,55,,14740,57,,,0,10,,14709,57,,,0,16,,14741,57,,,0,15,,14710,57,,,0,13,,14742,57,,,0,51,,14711,57,,,0,15,,14743,57,,,0,15,,14712,57,,,0,70,,14713,57,,,0,25,,14714,57,,,0,70,,14715,57,,,0,30,,14716,57,,,0,70,,14717,57,,,0,30,,14718,57,,,0,70,,14719,57,,,0,30,,14720,57,,,0,70,,14721,57,,,0,30,,14722,57,,,0,70,,14723,57,,,0,33,,14724,57,,,0,73,,14725,57,,,0,21,,14744,57,,,0,22,,14726,57,,,0,48,,14745,57,,,0,25,,14727,57,,,0,15,,14746,57,,,0,13,,14728,57,,,0,52,,14747,57,,,0,12,,14729,57,,,0,13,,14748,57,,,0,13,,14730,57,,,0,12,,14749,57,,,0,53,,14731,57,,,0,12,,14750,57,,,0,13,,14732,57,,,0,70,,14733,57,,,0,26,,14734,57,,,0,70,,14735,57,,,0,100,,14736,57,,,0,100,,14737,57,,,0,100,,14738,57,,,0
13501,'244.0.3',1516,,14921,3,,,0,30,,14922,3,,,0,69,,14923,3,,,0,30,,14924,3,,,0,70,,14925,3,,,0,32,,14926,3,,,0,70,,14927,3,,,0
13601,'244.0.3',1505,,14936,3,,,0,30,,14937,3,,,0,70,,14938,3,,,0,14,,14939,3,,,0,15,,14940,3,,,0,70,,14941,3,,,0,33,,14942,3,,,0,70,,14943,3,,,0
13701,'244.0.3',1526,,14950,3,,,0,30,,14951,3,,,0,69,,14952,3,,,0,30,,14953,3,,,0,71,,14954,3,,,0,30,,14955,3,,,0
13801,'244.0.3',1530,,14963,3,,,0,70,,14964,3,,,0,29,,14965,3,,,0,30,,14966,3,,,0,73,,14967,3,,,0,70,,14968,3,,,0,20,,14969,3,,,0
15800,'244.0.3',1539,,14970,3,,,0,70,,14971,3,,,0,30,,14972,3,,,0,70,,14973,3,,,0
15900,'244.0.3',1502,,14978,3,,,0,20,,14979,3,,,0,20,,14980,3,,,0,60,,14981,3,,,0,20,,14982,3,,,0,20,,14985,3,,,0,60,,14986,3,,,0,20,,14983,3,,,0,20,,14984,3,,,0
16101,'244.0.3',1506,,15007,3,,,0,30,,15002,3,,,0,70,,15003,3,,,0,30,,15004,3,,,0,70,,15005,3,,,0,30,,15006,3,,,0
16500,'244.0.3',1519,,15008,3,,,0,30,,15009,3,,,0,70,,15010,3,,,0,30,,15011,3,,,0,70,,15012,3,,,0,30,,15013,3,,,0
1016800,'244.0.3',1458,,16285,3,,,0,70,,16286,3,,,0,30,,16287,3,,,0,70,,16288,3,,,0,30,,16289,3,,,0,70,,16290,3,,,0,30,,16291,3,,,0
2016800,'244.0.3',1515,,17301,3,,,0,30,,17302,3,,,0,70,,17303,3,,,0,30,,17304,3,,,0,70,,17305,3,,,0,30,,17306,3,,,0
