401,'244.0.1',636,,10099,40,,,0,100,,10100,40,,,0,100,,10101,40,,,0,70,,10102,40,,,0,30,,10103,40,,,0,70,,10104,40,,,0,30,,10105,40,,,0,71,,10106,40,,,0,33,,10107,40,,,0,70,,10108,40,,,0,30,,10109,40,,,0,70,,10110,40,,,0,30,,10111,40,,,0,70,,10112,40,,,0,30,,10113,40,,,0,70,,10114,40,,,0,30,,10115,40,,,0,70,,10116,40,,,0,30,,10117,40,,,0,70,,10118,40,,,0,30,,10119,40,,,0,70,,10120,40,,,0,28,,10121,40,,,0,70,,10122,40,,,0,30,,10123,40,,,0,70,,10124,40,,,0,30,,10125,40,,,0,70,,10126,40,,,0,30,,10127,40,,,0,69,,10128,40,,,0,26,,10129,40,,,0,100,,10130,40,,,0,100,,10131,40,,,0
401,'244.0.2',736,,10132,40,,,0,70,,10133,40,,,0,30,,10134,40,,,0,70,,10135,40,,,0,30,,10136,40,,,0,70,,10137,40,,,0,30,,10138,40,,,0,71,,10139,40,,,0,29,,10140,40,,,0,70,,10141,40,,,0,30,,10142,40,,,0,70,,10143,40,,,0,30,,10144,40,,,0,70,,10145,40,,,0,30,,10146,40,,,0,70,,10147,40,,,0,30,,10148,40,,,0,70,,10149,40,,,0,30,,10150,40,,,0,70,,10151,40,,,0,30,,10152,40,,,0,70,,10153,40,,,0,30,,10154,40,,,0,70,,10155,40,,,0,30,,10156,40,,,0,71,,10157,40,,,0,26,,10158,40,,,0,100,,10159,40,,,0,100,,10160,40,,,0,100,,10161,40,,,0,100,,10162,40,,,0
401,'244.0.3',615,,10163,40,,,0,15,,10164,40,,,0,15,,10165,40,,,0,55,,10166,40,,,0,20,,10167,40,,,0,20,,10168,40,,,0,8,,10169,40,,,0,8,,10170,40,,,0,48,,10171,40,,,0,8,,10172,40,,,0,8,,10173,40,,,0,8,,10174,40,,,0,8,,10175,40,,,0,8,,10176,40,,,0,8,,10177,40,,,0,48,,10178,40,,,0,8,,10179,40,,,0,8,,10180,40,,,0,7,,10181,40,,,0,6,,10182,40,,,0,8,,10183,40,,,0,8,,10184,40,,,0,8,,10185,40,,,0,48,,10186,40,,,0,8,,10187,40,,,0,8,,10188,40,,,0,8,,10189,40,,,0,8,,10190,40,,,0,8,,10191,40,,,0,11,,10192,40,,,0,55,,10193,40,,,0,15,,10194,40,,,0,15,,10195,40,,,0,15,,10196,40,,,0,55,,10197,40,,,0,15,,10198,40,,,0,15,,10199,40,,,0,15,,10200,40,,,0,55,,10201,40,,,0,15,,10202,40,,,0,15,,10203,40,,,0,15,,10204,40,,,0,55,,10205,40,,,0,15,,10206,40,,,0,15,,10207,40,,,0,15,,10208,40,,,0,55,,10209,40,,,0,15,,10210,40,,,0,17,,10211,40,,,0,18,,10212,40,,,0,55,,10213,40,,,0,15,,10214,40,,,0,15,,10215,40,,,0,15,,10216,40,,,0,55,,10217,40,,,0,15,,10218,40,,,0,15,,10219,40,,,0,15,,10220,40,,,0,53,,10221,40,,,0,12,,10222,40,,,0,11,,10223,40,,,0,15,,10224,40,,,0,55,,10225,40,,,0,20,,10226,40,,,0,20,,10227,40,,,0,60,,10228,40,,,0,20,,10229,40,,,0,20,,10230,40,,,0,60,,10231,40,,,0,20,,10232,40,,,0,20,,10233,40,,,0,60,,10234,40,,,0,18,,10235,40,,,0,28,,10236,40,,,0,70,,10237,40,,,0,30,,10238,40,,,0,70,,10239,40,,,0,30,,10240,40,,,0,70,,10241,40,,,0
1001001,'244.0.3',653,,15933,19,,,0,67,,15934,19,,,0,20,,15935,19,,,0,60,,15936,19,,,0,20,,15937,19,,,0,20,,15938,19,,,0,60,,15939,19,,,0,15,,15940,19,,,0,20,,15941,19,,,0,510,,15942,19,,,0,55,,15943,19,,,0,24,,15944,19,,,0,21,,15945,19,,,0,60,,15946,19,,,0,20,,15947,19,,,0,20,,15948,19,,,0,65,,15949,19,,,0,24,,15950,19,,,0,22,,15951,19,,,0,60,,15952,19,,,0,9,,15953,19,,,0,20,,15954,19,,,0
2001001,'244.0.1',702,,16998,30,,,0,54,,16999,30,,,0,88,,17000,30,,,0,72,,17001,30,,,0,30,,17002,30,,,0,71,,17003,30,,,0,33,,17004,30,,,0,73,,17005,30,,,0,31,,17006,30,,,0,72,,17007,30,,,0,33,,17008,30,,,0,72,,17009,30,,,0,70,,17010,30,,,0,30,,17011,30,,,0,70,,17012,30,,,0,30,,17013,30,,,0,70,,17014,30,,,0,30,,17015,30,,,0,70,,17016,30,,,0,30,,17017,30,,,0,70,,17018,30,,,0,30,,17019,30,,,0,70,,17020,30,,,0,25,,17021,30,,,0,26,,17022,30,,,0,70,,17023,30,,,0,30,,17024,30,,,0,100,,17025,30,,,0,98,,17026,30,,,0,99,,17027,30,,,0,100,,17028,30,,,0
2001001,'244.0.2',655,,17029,30,,,0,92,,17030,30,,,0,90,,17031,30,,,0,72,,17032,30,,,0,32,,17033,30,,,0,72,,17034,30,,,0,32,,17035,30,,,0,72,,17036,30,,,0,31,,17037,30,,,0,72,,17038,30,,,0,30,,17039,30,,,0,70,,17040,30,,,0,30,,17041,30,,,0,70,,17042,30,,,0,32,,17043,30,,,0,71,,17044,30,,,0,30,,17045,30,,,0,70,,17046,30,,,0,30,,17047,30,,,0,69,,17048,30,,,0,30,,17049,30,,,0,69,,17050,30,,,0,29,,17051,30,,,0,101,,17052,30,,,0,100,,17053,30,,,0,100,,17054,30,,,0,100,,17055,30,,,0,100,,17056,30,,,0,100,,17057,30,,,0
2001001,'244.0.3',614,,17058,30,,,0,30,,17059,30,,,0,66,,17060,30,,,0,23,,17061,30,,,0,22,,17096,30,,,0,60,,17062,30,,,0,20,,17063,30,,,0,20,,17064,30,,,0,59,,17065,30,,,0,90,,17066,30,,,0,20,,17067,30,,,0,24,,17068,30,,,0,73,,17069,30,,,0,31,,17070,30,,,0,70,,17071,30,,,0,30,,17072,30,,,0,70,,17073,30,,,0,30,,17074,30,,,0,79,,17075,30,,,0,21,,17076,30,,,0,64,,17077,30,,,0,15,,17078,30,,,0,21,,17079,30,,,0,60,,17080,30,,,0,20,,17081,30,,,0,21,,17082,30,,,0,64,,17083,30,,,0,25,,17084,30,,,0,61,,17085,30,,,0,20,,17086,30,,,0,9,,17087,30,,,0,20,,17088,30,,,0,70,,17089,30,,,0,23,,17090,30,,,0,72,,17091,30,,,0,30,,17092,30,,,0,70,,17093,30,,,0,30,,17094,30,,,0,70,,17095,30,,,0
3001001,'244.0.1',632,,17558,38,,,0,94,,17559,38,,,0,100,,17560,38,,,0,75,,17561,38,,,0,30,,17562,38,,,0,70,,17563,38,,,0,30,,17564,38,,,0,74,,17565,38,,,0,34,,17566,38,,,0,71,,17567,38,,,0,32,,17568,38,,,0,74,,17569,38,,,0,30,,17570,38,,,0,70,,17571,38,,,0,30,,17572,38,,,0,70,,17573,38,,,0,30,,17574,38,,,0,70,,17575,38,,,0,30,,17576,38,,,0,70,,17577,38,,,0,30,,17578,38,,,0,70,,17579,38,,,0,30,,17580,38,,,0,68,,17581,38,,,0,24,,17582,38,,,0,68,,17583,38,,,0,30,,17584,38,,,0,100,,17585,38,,,0,96,,17586,38,,,0,93,,17587,38,,,0,100,,17588,38,,,0
3001001,'244.0.2',630,,17590,38,,,0,90,,17591,38,,,0,100,,17592,38,,,0,30,,17593,38,,,0,70,,17594,38,,,0,30,,17595,38,,,0,74,,17596,38,,,0,33,,17597,38,,,0,74,,17598,38,,,0,70,,17599,38,,,0,31,,17600,38,,,0,71,,17601,38,,,0,31,,17602,38,,,0,70,,17603,38,,,0,30,,17604,38,,,0,70,,17605,38,,,0,33,,17606,38,,,0,70,,17607,38,,,0,30,,17608,38,,,0,70,,17609,38,,,0,30,,17610,38,,,0,70,,17611,38,,,0,30,,17612,38,,,0,68,,17613,38,,,0,27,,17614,38,,,0,100,,17615,38,,,0,94,,17616,38,,,0,100,,17617,38,,,0,100,,17618,38,,,0
3001001,'244.0.3',559,,17620,38,,,0,70,,17621,38,,,0,74,,17622,38,,,0,25,,17623,38,,,0,22,,17624,38,,,0,60,,17625,38,,,0,18,,17626,38,,,0,19,,17627,38,,,0,60,,17628,38,,,0,15,,17629,38,,,0,32,,17630,38,,,0,60,,17631,38,,,0,20,,17632,38,,,0,68,,17633,38,,,0,35,,17634,38,,,0,70,,17635,38,,,0,30,,17636,38,,,0,70,,17637,38,,,0,30,,17638,38,,,0,70,,17639,38,,,0,30,,17640,38,,,0,70,,17641,38,,,0,30,,17642,38,,,0,21,,17643,38,,,0,60,,17644,38,,,0,20,,17645,38,,,0,21,,17646,38,,,0,67,,17647,38,,,0,23,,17648,38,,,0,60,,17649,38,,,0,20,,17650,38,,,0,18,,17651,38,,,0,56,,17652,38,,,0,17,,17653,38,,,0,10,,17654,38,,,0,12,,17655,38,,,0,59,,17656,38,,,0,39,,17657,38,,,0,70,,17658,38,,,0,30,,17659,38,,,0,70,,17660,38,,,0,30,,17661,38,,,0,68,,17662,38,,,0,24,,17663,38,,,0
