2401,'244.0.1',641,,11292,50,,,0,70,,11293,50,,,0,30,,11294,50,,,0,70,,11295,50,,,0,30,,11296,50,,,0,70,,11297,50,,,0,30,,11298,50,,,0,71,,11299,50,,,0,37,,11300,50,,,0,71,,11301,50,,,0,30,,11302,50,,,0,71,,11303,50,,,0,32,,11304,50,,,0,70,,11305,50,,,0,30,,11306,50,,,0,70,,11307,50,,,0,30,,11308,50,,,0,70,,11309,50,,,0,28,,11310,50,,,0,70,,11311,50,,,0,30,,11312,50,,,0,70,,11313,50,,,0,30,,11314,50,,,0,70,,11315,50,,,0,30,,11316,50,,,0,67,,11317,50,,,0,27,,11318,50,,,0,70,,11319,50,,,0,30,,11320,50,,,0,68,,11321,50,,,0,28,,11322,50,,,0,70,,11323,50,,,0,30,,11324,50,,,0,70,,11325,50,,,0,30,,11326,50,,,0,70,,11327,50,,,0
2401,'244.0.2',638,,11328,50,,,0,70,,11329,50,,,0,30,,11330,50,,,0,70,,11331,50,,,0,30,,11332,50,,,0,70,,11333,50,,,0,30,,11334,50,,,0,72,,11335,50,,,0,36,,11336,50,,,0,70,,11337,50,,,0,30,,11338,50,,,0,70,,11339,50,,,0,30,,11340,50,,,0,70,,11341,50,,,0,32,,11342,50,,,0,70,,11343,50,,,0,30,,11344,50,,,0,70,,11345,50,,,0,30,,11346,50,,,0,70,,11347,50,,,0,30,,11348,50,,,0,70,,11349,50,,,0,30,,11350,50,,,0,70,,11351,50,,,0,30,,11352,50,,,0,68,,11353,50,,,0,28,,11354,50,,,0,68,,11355,50,,,0,28,,11356,50,,,0,70,,11357,50,,,0,30,,11358,50,,,0,70,,11359,50,,,0,30,,11360,50,,,0,70,,11361,50,,,0,30,,11362,50,,,0,70,,11363,50,,,0
2401,'244.0.3',717,,11364,50,,,0,30,,11365,50,,,0,74,,11366,50,,,0,31,,11367,50,,,0,70,,11368,50,,,0,30,,11369,50,,,0,65,,11370,50,,,0,30,,11371,50,,,0,70,,11372,50,,,0,31,,11373,50,,,0,71,,11374,50,,,0,30,,11375,50,,,0,70,,11376,50,,,0,30,,11377,50,,,0,71,,11378,50,,,0,33,,11379,50,,,0,71,,11380,50,,,0,79,,11381,50,,,0,30,,11382,50,,,0,70,,11383,50,,,0,29,,11384,50,,,0,22,,11385,50,,,0,68,,11386,50,,,0,29,,11387,50,,,0,66,,11388,50,,,0,28,,11389,50,,,0,66,,11390,50,,,0,30,,11391,50,,,0,70,,11392,50,,,0,30,,11393,50,,,0,70,,11394,50,,,0,30,,11395,50,,,0,70,,11396,50,,,0,30,,11397,50,,,0,70,,11398,50,,,0,30,,11399,50,,,0
2500,'244.0.1',745,,11401,18,,,0,100,,11402,18,,,0,100,,11403,18,,,0,100,,11404,18,,,0,100,,11405,18,,,0,100,,11406,18,,,0,100,,11407,18,,,0,100,,11408,18,,,0,100,,11409,18,,,0,100,,11410,18,,,0,100,,11411,18,,,0,100,,11412,18,,,0,100,,11413,18,,,0,100,,11414,18,,,0,100,,11415,18,,,0,100,,11416,18,,,0
2500,'244.0.2',845,,11418,18,,,0,100,,11419,18,,,0,100,,11420,18,,,0,100,,11421,18,,,0,100,,11422,18,,,0,100,,11423,18,,,0,100,,11424,18,,,0,100,,11425,18,,,0,100,,11426,18,,,0,100,,11427,18,,,0,100,,11428,18,,,0,100,,11429,18,,,0,100,,11430,18,,,0,100,,11431,18,,,0
2500,'244.0.3',547,,11432,18,,,0,70,,11433,18,,,0,30,,11434,18,,,0,70,,11435,18,,,0,30,,11436,18,,,0,70,,11437,18,,,0,30,,11438,18,,,0,70,,11439,18,,,0,100,,11440,18,,,0,100,,11441,18,,,0,100,,11442,18,,,0,100,,11443,18,,,0,100,,11444,18,,,0,100,,11445,18,,,0,33,,11446,18,,,0,71,,11447,18,,,0,30,,11448,18,,,0,67,,11449,18,,,0,30,,11450,18,,,0,69,,11451,18,,,0,30,,11452,18,,,0,70,,11453,18,,,0,100,,11454,18,,,0,100,,11455,18,,,0,100,,11456,18,,,0,100,,11457,18,,,0
12701,'244.0.3',1613,,14902,20,,,0,17,,14903,20,,,0,16,,14904,20,,,0,80,,14905,20,,,0,15,,14906,20,,,0,14,,14907,20,,,0,55,,14908,20,,,0
12701,'244.1141.3',1656,,14909,20,,,0,57,,14910,20,,,0
12701,'244.1143.3',1656,,14911,20,,,0,57,,14912,20,,,0
1000900,'244.0.1',712,,15724,35,,,0,100,,15725,35,,,0,100,,15726,35,,,0,102,,15727,35,,,0,100,,15728,35,,,0,96,,15729,35,,,0,103,,15730,35,,,0,100,,15731,35,,,0,100,,15732,35,,,0,100,,15733,35,,,0,100,,15734,35,,,0,100,,15735,35,,,0,100,,15736,35,,,0,99,,15737,35,,,0,100,,15738,35,,,0,100,,15739,35,,,0,100,,15740,35,,,0,100,,15741,35,,,0
1000900,'244.0.2',711,,15742,35,,,0,96,,15743,35,,,0,100,,15744,35,,,0,100,,15745,35,,,0,108,,15746,35,,,0,100,,15747,35,,,0,100,,15748,35,,,0,100,,15749,35,,,0,100,,15750,35,,,0,100,,15751,35,,,0,100,,15752,35,,,0,100,,15753,35,,,0,100,,15754,35,,,0,100,,15755,35,,,0,96,,15756,35,,,0,100,,15757,35,,,0,100,,15758,35,,,0,100,,15759,35,,,0
1000900,'244.0.3',626,,15760,35,,,0,30,,15761,35,,,0,70,,15762,35,,,0,32,,15763,35,,,0,72,,15764,35,,,0,29,,15765,35,,,0,52,,15766,35,,,0,15,,15767,35,,,0,30,,15768,35,,,0,55,,15769,35,,,0,15,,15770,35,,,0,30,,15771,35,,,0,59,,15772,35,,,0,13,,15773,35,,,0,27,,15774,35,,,0,55,,15775,35,,,0,15,,15776,35,,,0,30,,15777,35,,,0,55,,15778,35,,,0,15,,15779,35,,,0,30,,15780,35,,,0,55,,15781,35,,,0,15,,15782,35,,,0,30,,15783,35,,,0,69,,15784,35,,,0,25,,15785,35,,,0,9,,15786,35,,,0,59,,15787,35,,,0,10,,15788,35,,,0,20,,15789,35,,,0,10,,15790,35,,,0,60,,15791,35,,,0,10,,15792,35,,,0,10,,15793,35,,,0,17,,15794,35,,,0,5,,15795,35,,,0,46,,15796,35,,,0,16,,15797,35,,,0,10,,15798,35,,,0,20,,15799,35,,,0,50,,15800,35,,,0,30,,15801,35,,,0,70,,15802,35,,,0,30,,15803,35,,,0,70,,15804,35,,,0,27,,15805,35,,,0,27,,15806,35,,,0,55,,15807,35,,,0,15,,15808,35,,,0,75,,15809,35,,,0,20,,15810,35,,,0,80,,15811,35,,,0,20,,15812,35,,,0,80,,15813,35,,,0
2000900,'244.0.1',642,,16760,35,,,0,100,,16761,35,,,0,100,,16762,35,,,0,102,,16763,35,,,0,100,,16764,35,,,0,100,,16765,35,,,0,99,,16766,35,,,0,100,,16767,35,,,0,100,,16768,35,,,0,100,,16769,35,,,0,100,,16770,35,,,0,100,,16771,35,,,0,100,,16772,35,,,0,99,,16773,35,,,0,100,,16774,35,,,0,100,,16775,35,,,0,100,,16776,35,,,0,100,,16777,35,,,0,100,,16778,35,,,0
2000900,'244.0.2',642,,16779,35,,,0,97,,16780,35,,,0,98,,16781,35,,,0,100,,16782,35,,,0,108,,16783,35,,,0,100,,16784,35,,,0,100,,16785,35,,,0,100,,16786,35,,,0,100,,16787,35,,,0,100,,16788,35,,,0,100,,16789,35,,,0,100,,16790,35,,,0,100,,16791,35,,,0,100,,16792,35,,,0,96,,16793,35,,,0,100,,16794,35,,,0,100,,16795,35,,,0,100,,16796,35,,,0,100,,16797,35,,,0
2000900,'244.0.3',541,,16798,17,,,0,70,,16799,17,,,0,30,,16800,35,,,0,70,,16801,35,,,0,30,,16802,35,,,0,70,,16803,35,,,0,30,,16804,35,,,0,100,,16805,35,,,0,100,,16806,35,,,0,100,,16807,35,,,0,96,,16808,35,,,0,100,,16809,35,,,0,100,,16810,35,,,0,68,,16811,35,,,0,33,,16812,35,,,0,69,,16813,35,,,0,30,,16814,35,,,0,70,,16815,35,,,0,35,,16816,35,,,0,67,,16817,35,,,0,30,,16818,35,,,0,70,,16819,35,,,0,30,,16820,35,,,0,70,,16821,35,,,0,30,,16822,35,,,0,69,,16823,35,,,0,27,,16824,35,,,0,100,,16825,35,,,0,100,,16826,35,,,0,100,,16827,35,,,0,100,,16828,35,,,0
