800,'244.0.1',606,,10559,34,,,0,30,,10560,34,,,0,70,,10561,34,,,0,30,,10562,34,,,0,70,,10563,34,,,0,23,,10564,34,,,0,22,,10565,34,,,0,70,,10566,34,,,0,30,,10567,34,,,0,70,,10568,34,,,0,31,,10569,34,,,0,69,,10570,34,,,0,30,,10571,34,,,0,70,,10572,34,,,0,30,,10573,34,,,0,70,,10574,34,,,0,30,,10575,34,,,0,70,,10576,34,,,0,32,,10577,34,,,0,70,,10578,34,,,0,30,,10579,34,,,0,70,,10580,34,,,0,30,,10581,34,,,0,70,,10582,34,,,0,30,,10583,34,,,0,70,,10584,34,,,0,30,,10585,34,,,0,70,,10586,34,,,0,30,,10587,34,,,0,70,,10588,34,,,0,30,,10589,34,,,0,70,,10590,34,,,0,30,,10591,34,,,0,70,,10592,34,,,0,26,,10593,34,,,0,69,,10594,34,,,0,30,,10595,34,,,0,100,,10596,34,,,0
800,'244.0.2',624,,10597,34,,,0,30,,10598,34,,,0,70,,10599,34,,,0,30,,10600,34,,,0,70,,10601,34,,,0,30,,10602,34,,,0,70,,10603,34,,,0,30,,10604,34,,,0,70,,10605,34,,,0,34,,10606,34,,,0,70,,10607,34,,,0,25,,10608,34,,,0,71,,10609,34,,,0,32,,10610,34,,,0,70,,10611,34,,,0,30,,10612,34,,,0,70,,10613,34,,,0,30,,10614,34,,,0,70,,10615,34,,,0,30,,10616,34,,,0,70,,10617,34,,,0,75,,10618,34,,,0,29,,10619,34,,,0,70,,10620,34,,,0,30,,10621,34,,,0,29,,10622,34,,,0,68,,10623,34,,,0,30,,10624,34,,,0,68,,10625,34,,,0,29,,10626,34,,,0,70,,10627,34,,,0,30,,10628,34,,,0,70,,10629,34,,,0,30,,10630,34,,,0,100,,10631,34,,,0,100,,10632,34,,,0
800,'244.0.3',554,,10635,34,,,0,70,,10636,34,,,0,30,,10637,34,,,0,77,,10638,34,,,0,72,,10639,34,,,0,31,,10640,34,,,0,70,,10641,34,,,0,30,,10642,34,,,0,70,,10643,34,,,0,20,,10644,34,,,0,20,,10645,34,,,0,60,,10646,34,,,0,20,,10647,34,,,0,20,,10648,34,,,0,60,,10649,34,,,0,20,,10650,34,,,0,20,,10651,34,,,0,60,,10652,34,,,0,20,,10653,34,,,0,20,,10654,34,,,0,60,,10655,34,,,0,20,,10656,34,,,0,20,,10657,34,,,0,61,,10658,34,,,0,29,,10659,34,,,0,24,,10660,34,,,0,60,,10661,34,,,0,20,,10662,34,,,0,20,,10663,34,,,0,60,,10664,34,,,0,20,,10665,34,,,0,20,,10666,34,,,0,57,,10667,34,,,0,26,,10668,34,,,0,10,,10683,34,,,0,50,,10669,34,,,0,30,,10670,34,,,0,70,,10671,34,,,0,30,,10672,34,,,0,70,,10673,34,,,0,28,,10674,34,,,0,29,,10675,34,,,0,70,,10676,34,,,0,30,,10677,34,,,0,70,,10678,34,,,0,30,,10679,34,,,0,70,,10680,34,,,0,30,,10681,34,,,0,70,,10682,34,,,0
9000,'244.0.1',630,,14558,27,,,0,25,,14559,27,,,0,70,,14560,27,,,0,30,,14561,27,,,0,70,,14562,27,,,0,25,,14563,27,,,0,70,,14564,27,,,0,30,,14565,27,,,0,65,,14566,27,,,0,33,,14567,27,,,0,70,,14568,27,,,0,30,,14569,27,,,0,70,,14570,27,,,0,27,,14571,27,,,0,70,,14572,27,,,0,30,,14573,27,,,0,70,,14574,27,,,0,30,,14575,27,,,0,70,,14576,27,,,0,30,,14577,27,,,0,70,,14578,27,,,0,33,,14579,27,,,0,70,,14580,27,,,0,30,,14581,27,,,0,70,,14582,27,,,0,30,,14583,27,,,0,70,,14584,27,,,0,30,,14585,27,,,0,70,,14586,27,,,0,104,,14587,27,,,0,100,,14588,27,,,0,100,,14589,27,,,0,100,,14590,27,,,0
9000,'244.0.2',618,,14591,27,,,0,100,,14592,27,,,0,100,,14593,27,,,0,95,,14594,27,,,0,97,,14595,27,,,0,100,,14596,27,,,0,102,,14597,27,,,0,100,,14598,27,,,0,98,,14599,27,,,0,100,,14600,27,,,0,100,,14601,27,,,0,100,,14602,27,,,0,103,,14603,27,,,0,104,,14604,27,,,0,101,,14605,27,,,0,100,,14606,27,,,0,100,,14607,27,,,0,100,,14608,27,,,0
9000,'244.0.3',615,,14642,27,,,0,15,,14641,27,,,0,15,,14609,27,,,0,55,,14643,27,,,0,15,,14610,27,,,0,15,,14644,27,,,0,15,,14611,27,,,0,55,,14645,27,,,0,20,,14612,27,,,0,30,,14613,27,,,0,65,,14614,27,,,0,31,,14615,27,,,0,69,,14616,27,,,0,30,,14617,27,,,0,70,,14618,27,,,0,28,,14619,27,,,0,71,,14620,27,,,0,30,,14621,27,,,0,70,,14622,27,,,0,30,,14623,27,,,0,70,,14624,27,,,0,35,,14625,27,,,0,57,,14646,27,,,0,15,,14626,27,,,0,15,,14647,27,,,0,15,,14627,27,,,0,55,,14648,27,,,0,15,,14628,27,,,0,15,,14649,27,,,0,15,,14653,27,,,0,55,,14650,27,,,0,15,,14629,27,,,0,15,,14651,27,,,0,14,,14630,27,,,0,50,,14652,27,,,0,12,,14631,27,,,0,35,,14632,27,,,0,70,,14633,27,,,0,30,,14634,27,,,0,70,,14635,27,,,0,30,,14636,27,,,0,100,,14637,27,,,0,97,,14638,27,,,0,100,,14639,27,,,0,100,,14640,27,,,0
9100,'244.0.1',722,,14751,14,,,0,100,,14752,14,,,0,100,,14753,14,,,0,100,,14754,14,,,0,100,,14755,14,,,0,100,,14756,14,,,0,100,,14757,14,,,0,100,,14758,14,,,0,100,,14759,14,,,0,100,,14760,14,,,0,100,,14761,14,,,0,100,,14762,14,,,0,100,,14763,14,,,0,100,,14764,14,,,0,100,,14765,14,,,0,100,,14766,14,,,0
9100,'244.0.2',751,,14767,14,,,0,100,,14768,14,,,0,100,,14769,14,,,0,100,,14770,14,,,0,100,,14771,14,,,0,100,,14772,14,,,0,100,,14773,14,,,0,100,,14774,14,,,0,100,,14775,14,,,0,100,,14776,14,,,0,100,,14777,14,,,0,100,,14778,14,,,0,100,,14779,14,,,0,100,,14780,14,,,0,100,,14781,14,,,0
9100,'244.0.3',632,,14782,14,,,0,24,,14783,14,,,0,67,,14784,14,,,0,36,,14785,14,,,0,69,,14786,14,,,0,31,,14787,14,,,0,100,,14788,14,,,0,143,,14789,14,,,0,100,,14790,14,,,0,99,,14791,14,,,0,100,,14792,14,,,0,101,,14793,14,,,0,30,,14794,14,,,0,70,,14795,14,,,0,30,,14796,14,,,0,70,,14797,14,,,0,30,,14798,14,,,0,71,,14799,14,,,0,30,,14800,14,,,0,97,,14801,14,,,0,100,,14802,14,,,0,100,,14803,14,,,0,100,,14804,14,,,0
9300,'244.0.3',1539,,14860,21,,,0,66,,14861,21,,,0,42,,14862,21,,,0,63,,14863,21,,,0,34,,14864,21,,,0,60,,14865,21,,,0,30,,14866,21,,,0
