801,'259.0.1',550,,19511,43,,,0,70,,19512,43,,,0,30,,19513,43,,,0,70,,19514,43,,,0,30,,19515,43,,,0,73,,19516,43,,,0,30,,19517,43,,,0,70,,19518,43,,,0,30,,19519,43,,,0,74,,19520,43,,,0,30,,19521,43,,,0,70,,19522,43,,,0,30,,19523,43,,,0,70,,19524,43,,,0,30,,19525,43,,,0,71,,19526,43,,,0,30,,19527,43,,,0,70,,19528,43,,,0,30,,19529,43,,,0,70,,19530,43,,,0,30,,19531,43,,,0,70,,19532,43,,,0,30,,19533,43,,,0,70,,19534,43,,,0,29,,19535,43,,,0,69,,19536,43,,,0,30,,19537,43,,,0,70,,19538,43,,,0,25,,19539,43,,,0,69,,19540,43,,,0,30,,19541,43,,,0,70,,19542,43,,,0,30,,19543,43,,,0,70,,19544,43,,,0,30,,19545,43,,,0,70,,19546,43,,,0,30,,19547,43,,,0,100,,19548,43,,,0
801,'259.0.2',555,,19549,43,,,0,70,,19550,43,,,0,30,,19551,43,,,0,70,,19552,43,,,0,30,,19553,43,,,0,70,,19554,43,,,0,30,,19555,43,,,0,74,,19556,43,,,0,30,,19557,43,,,0,70,,19558,43,,,0,30,,19559,43,,,0,70,,19560,43,,,0,30,,19561,43,,,0,70,,19562,43,,,0,30,,19563,43,,,0,70,,19564,43,,,0,30,,19565,43,,,0,70,,19566,43,,,0,30,,19567,43,,,0,70,,19568,43,,,0,30,,19569,43,,,0,70,,19570,43,,,0,30,,19571,43,,,0,70,,19572,43,,,0,30,,19573,43,,,0,68,,19574,43,,,0,30,,19575,43,,,0,70,,19576,43,,,0,30,,19577,43,,,0,70,,19578,43,,,0,30,,19579,43,,,0,68,,19580,43,,,0,30,,19581,43,,,0,70,,19582,43,,,0,100,,19583,43,,,0,100,,19584,43,,,0
801,'259.0.3',540,,19585,43,,,0,70,,19586,43,,,0,30,,19587,43,,,0,60,,19588,43,,,0,22,,19589,43,,,0,20,,19590,43,,,0,60,,19591,43,,,0,20,,19592,43,,,0,20,,19593,43,,,0,60,,19594,43,,,0,18,,19595,43,,,0,20,,19596,43,,,0,60,,19597,43,,,0,20,,19598,43,,,0,20,,19599,43,,,0,60,,19600,43,,,0,20,,19601,43,,,0,20,,19602,43,,,0,60,,19603,43,,,0,20,,19604,43,,,0,20,,19605,43,,,0,60,,19606,43,,,0,20,,19607,43,,,0,20,,19608,43,,,0,60,,19609,43,,,0,20,,19610,43,,,0,20,,19611,43,,,0,60,,19612,43,,,0,22,,19613,43,,,0,33,,19614,43,,,0,70,,19615,43,,,0,30,,19616,43,,,0,70,,19617,43,,,0,30,,19618,43,,,0,66,,19619,43,,,0,28,,19620,43,,,0,70,,19621,43,,,0,30,,19622,43,,,0,70,,19623,43,,,0,30,,19624,43,,,0,68,,19625,43,,,0,29,,19626,43,,,0,70,,19627,43,,,0,30,,19628,43,,,0,70,,19629,43,,,0,30,,19630,43,,,0,70,,19631,43,,,0,30,,19632,43,,,0
9001,'259.0.1',614,,23481,28,,,0,30,,23482,28,,,0,70,,23483,28,,,0,25,,23484,28,,,0,70,,23485,28,,,0,30,,23486,28,,,0,70,,23487,28,,,0,25,,23488,28,,,0,71,,23489,28,,,0,31,,23490,28,,,0,70,,23491,28,,,0,30,,23492,28,,,0,70,,23493,28,,,0,30,,23494,28,,,0,70,,23495,28,,,0,30,,23496,28,,,0,70,,23497,28,,,0,30,,23498,28,,,0,70,,23499,28,,,0,30,,23500,28,,,0,70,,23501,28,,,0,30,,23502,28,,,0,70,,23503,28,,,0,35,,23504,28,,,0,69,,23505,28,,,0,29,,23506,28,,,0,70,,23507,28,,,0,30,,23508,28,,,0,70,,23509,28,,,0,100,,23510,28,,,0,100,,23511,28,,,0,100,,23512,28,,,0,100,,23513,28,,,0
9001,'259.0.2',602,,23514,28,,,0,100,,23515,28,,,0,100,,23516,28,,,0,100,,23517,28,,,0,55,,23518,28,,,0,102,,23519,28,,,0,100,,23520,28,,,0,142,,23521,28,,,0,100,,23522,28,,,0,58,,23523,28,,,0,100,,23524,28,,,0,100,,23525,28,,,0,99,,23526,28,,,0,143,,23527,28,,,0,105,,23528,28,,,0,98,,23529,28,,,0,100,,23530,28,,,0,99,,23531,28,,,0
9001,'259.0.3',545,,23532,28,,,0,70,,23533,28,,,0,30,,23534,28,,,0,58,,23566,28,,,0,13,,23535,28,,,0,15,,23567,28,,,0,10,,23536,28,,,0,15,,23568,28,,,0,55,,23537,28,,,0,17,,23569,28,,,0,15,,23538,28,,,0,15,,23570,28,,,0,55,,23539,28,,,0,30,,23540,28,,,0,65,,23541,28,,,0,30,,23542,28,,,0,70,,23543,28,,,0,30,,23544,28,,,0,70,,23545,28,,,0,30,,23546,28,,,0,70,,23547,28,,,0,30,,23548,28,,,0,70,,23549,28,,,0,30,,23550,28,,,0,70,,23551,28,,,0,32,,23552,28,,,0,61,,23571,28,,,0,22,,23553,28,,,0,8,,23572,28,,,0,25,,23554,28,,,0,55,,23573,28,,,0,15,,23555,28,,,0,15,,23574,28,,,0,13,,23556,28,,,0,53,,23575,28,,,0,13,,23557,28,,,0,12,,23576,28,,,0,13,,23558,28,,,0,12,,23577,28,,,0,53,,23559,28,,,0,30,,23560,28,,,0,70,,23561,28,,,0,30,,23562,28,,,0,100,,23563,28,,,0,100,,23564,28,,,0,100,,23565,28,,,0
9101,'259.0.1',808,,23632,32,,,0,100,,23633,32,,,0,100,,23634,32,,,0,100,,23635,32,,,0,100,,23636,32,,,0,100,,23637,32,,,0,100,,23638,32,,,0,100,,23639,32,,,0,100,,23640,32,,,0,100,,23641,32,,,0,100,,23642,32,,,0,100,,23643,32,,,0,100,,23644,32,,,0,100,,23645,32,,,0,100,,23646,32,,,0,100,,23647,32,,,0
9101,'259.0.2',837,,23648,32,,,0,100,,23649,32,,,0,100,,23650,32,,,0,100,,23651,32,,,0,100,,23652,32,,,0,100,,23653,32,,,0,100,,23654,32,,,0,100,,23655,32,,,0,100,,23656,32,,,0,100,,23657,32,,,0,100,,23658,32,,,0,100,,23659,32,,,0,100,,23660,32,,,0,100,,23661,32,,,0,100,,23662,32,,,0
9101,'259.0.3',612,,23663,32,,,0,30,,23664,32,,,0,75,,23665,32,,,0,24,,23666,32,,,0,70,,23667,32,,,0,37,,23668,32,,,0,68,,23669,32,,,0,29,,23670,32,,,0,100,,23671,32,,,0,103,,23672,32,,,0,100,,23673,32,,,0,99,,23674,32,,,0,108,,23675,32,,,0,101,,23676,32,,,0,71,,23677,32,,,0,30,,23678,32,,,0,72,,23679,32,,,0,30,,23680,32,,,0,65,,23681,32,,,0,94,,23682,32,,,0,100,,23683,32,,,0,100,,23684,32,,,0,100,,23685,32,,,0,100,,23686,32,,,0
9301,'259.0.3',617,,23694,29,,,0,30,,23695,29,,,0,70,,23696,29,,,0,29,,23697,29,,,0,71,,23698,29,,,0,30,,23699,29,,,0
