201,'244.0.1',617,,9504,29,,,0,100,,9505,29,,,0,100,,9506,29,,,0,15,,9507,29,,,0,15,,9508,29,,,0,55,,9509,29,,,0,15,,9510,29,,,0,15,,9511,29,,,0,15,,9512,29,,,0,55,,9513,29,,,0,18,,9514,29,,,0,16,,9515,29,,,0,15,,9516,29,,,0,55,,9517,29,,,0,15,,9518,29,,,0,15,,9519,29,,,0,15,,9520,29,,,0,55,,9521,29,,,0,15,,9522,29,,,0,15,,9523,29,,,0,15,,9524,29,,,0,55,,9525,29,,,0,15,,9526,29,,,0,15,,9527,29,,,0,15,,9528,29,,,0,55,,9529,29,,,0,15,,9530,29,,,0,15,,9531,29,,,0,15,,9532,29,,,0,55,,9533,29,,,0,15,,9534,29,,,0,15,,9535,29,,,0,15,,9536,29,,,0,55,,9537,29,,,0,15,,9538,29,,,0,15,,9539,29,,,0,14,,9540,29,,,0,55,,9541,29,,,0,15,,9542,29,,,0,15,,9543,29,,,0,15,,9544,29,,,0,55,,9545,29,,,0,15,,9546,29,,,0,14,,9547,29,,,0,13,,9548,29,,,0,54,,9549,29,,,0,15,,9550,29,,,0,30,,9551,29,,,0,70,,9552,29,,,0,30,,9553,29,,,0,70,,9554,29,,,0,30,,9555,29,,,0,70,,9556,29,,,0,30,,9557,29,,,0,70,,9558,29,,,0,30,,9559,29,,,0,70,,9560,29,,,0,30,,9561,29,,,0
201,'244.0.2',626,,9562,29,,,0,100,,9563,29,,,0,95,,9564,29,,,0,20,,9565,29,,,0,60,,9566,29,,,0,20,,9567,29,,,0,21,,9568,29,,,0,62,,9569,29,,,0,20,,9570,29,,,0,20,,9571,29,,,0,60,,9572,29,,,0,20,,9573,29,,,0,20,,9574,29,,,0,60,,9575,29,,,0,20,,9576,29,,,0,20,,9577,29,,,0,60,,9578,29,,,0,20,,9579,29,,,0,20,,9580,29,,,0,60,,9581,29,,,0,20,,9582,29,,,0,20,,9583,29,,,0,60,,9584,29,,,0,20,,9585,29,,,0,20,,9586,29,,,0,60,,9587,29,,,0,20,,9588,29,,,0,20,,9589,29,,,0,60,,9590,29,,,0,20,,9591,29,,,0,20,,9592,29,,,0,60,,9593,29,,,0,15,,9594,29,,,0,28,,9595,29,,,0,69,,9596,29,,,0,30,,9597,29,,,0,70,,9598,29,,,0,30,,9599,29,,,0,70,,9600,29,,,0,30,,9601,29,,,0,70,,9602,29,,,0,30,,9603,29,,,0,70,,9604,29,,,0,30,,9605,29,,,0,70,,9606,29,,,0
201,'244.0.3',548,,9607,29,,,0,70,,9608,29,,,0,30,,9609,29,,,0,55,,9610,29,,,0,15,,9611,29,,,0,21,,9612,29,,,0,18,,9613,29,,,0,55,,9614,29,,,0,15,,9615,29,,,0,15,,9616,29,,,0,15,,9617,29,,,0,53,,9618,29,,,0,14,,9619,29,,,0,15,,9620,29,,,0,15,,9621,29,,,0,55,,9622,29,,,0,15,,9623,29,,,0,15,,9624,29,,,0,15,,9625,29,,,0,55,,9626,29,,,0,15,,9627,29,,,0,15,,9628,29,,,0,15,,9629,29,,,0,55,,9630,29,,,0,15,,9631,29,,,0,15,,9632,29,,,0,15,,9633,29,,,0,55,,9634,29,,,0,15,,9635,29,,,0,15,,9636,29,,,0,15,,9637,29,,,0,55,,9638,29,,,0,15,,9639,29,,,0,15,,9640,29,,,0,15,,9641,29,,,0,55,,9642,29,,,0,15,,9643,29,,,0,16,,9644,29,,,0,16,,9645,29,,,0,55,,9646,29,,,0,15,,9647,29,,,0,15,,9648,29,,,0,15,,9649,29,,,0,55,,9650,29,,,0,15,,9651,29,,,0,15,,9652,29,,,0,12,,9653,29,,,0,54,,9654,29,,,0,15,,9655,29,,,0,15,,9656,29,,,0,15,,9657,29,,,0,68,,9658,29,,,0,30,,9659,29,,,0,70,,9660,29,,,0,30,,9661,29,,,0,70,,9662,29,,,0,30,,9663,29,,,0,70,,9664,29,,,0,30,,9665,29,,,0,70,,9666,29,,,0,30,,9667,29,,,0,70,,9668,29,,,0,30,,9669,29,,,0
301,'244.0.1',624,,9812,25,,,0,100,,9813,25,,,0,100,,9814,25,,,0,30,,9815,25,,,0,70,,9816,25,,,0,30,,9817,25,,,0,70,,9818,25,,,0,33,,9819,25,,,0,70,,9820,25,,,0,30,,9821,25,,,0,70,,9822,25,,,0,30,,9823,25,,,0,70,,9824,25,,,0,30,,9825,25,,,0,70,,9826,25,,,0,30,,9827,25,,,0,70,,9828,25,,,0,30,,9829,25,,,0,70,,9830,25,,,0,30,,9831,25,,,0,70,,9832,25,,,0,30,,9833,25,,,0,67,,9834,25,,,0,30,,9835,25,,,0,70,,9836,25,,,0,30,,9837,25,,,0,70,,9838,25,,,0,30,,9839,25,,,0,70,,9840,25,,,0,30,,9841,25,,,0,70,,9842,25,,,0,30,,9843,25,,,0,70,,9844,25,,,0,30,,9845,25,,,0,70,,9846,25,,,0,30,,9847,25,,,0
301,'244.0.2',622,,9848,25,,,0,100,,9849,25,,,0,100,,9850,25,,,0,30,,9851,25,,,0,70,,9852,25,,,0,20,,9853,25,,,0,60,,9854,25,,,0,20,,9855,25,,,0,22,,9856,25,,,0,60,,9857,25,,,0,20,,9858,25,,,0,20,,9859,25,,,0,60,,9860,25,,,0,20,,9861,25,,,0,20,,9862,25,,,0,60,,9863,25,,,0,20,,9864,25,,,0,20,,9865,25,,,0,60,,9866,25,,,0,20,,9867,25,,,0,20,,9868,25,,,0,60,,9869,25,,,0,20,,9870,25,,,0,20,,9871,25,,,0,60,,9872,25,,,0,20,,9873,25,,,0,20,,9874,25,,,0,60,,9875,25,,,0,20,,9876,25,,,0,20,,9877,25,,,0,60,,9878,25,,,0,20,,9879,25,,,0,30,,9880,25,,,0,70,,9881,25,,,0,30,,9882,25,,,0,70,,9883,25,,,0,30,,9884,25,,,0,68,,9885,25,,,0,30,,9886,25,,,0,70,,9887,25,,,0,30,,9888,25,,,0,70,,9889,25,,,0,30,,9890,25,,,0,70,,9891,25,,,0
301,'244.0.3',555,,9892,25,,,0,70,,9893,25,,,0,15,,9894,25,,,0,15,,9895,25,,,0,55,,9896,25,,,0,15,,9897,25,,,0,19,,9898,25,,,0,58,,9899,25,,,0,15,,9900,25,,,0,15,,9901,25,,,0,15,,9902,25,,,0,55,,9903,25,,,0,15,,9904,25,,,0,13,,9905,25,,,0,16,,9906,25,,,0,60,,9907,25,,,0,20,,9908,25,,,0,20,,9909,25,,,0,60,,9910,25,,,0,20,,9911,25,,,0,20,,9912,25,,,0,60,,9913,25,,,0,20,,9914,25,,,0,20,,9915,25,,,0,60,,9916,25,,,0,20,,9917,25,,,0,20,,9918,25,,,0,60,,9919,25,,,0,20,,9920,25,,,0,20,,9921,25,,,0,61,,9922,25,,,0,22,,9923,25,,,0,15,,9924,25,,,0,15,,9925,25,,,0,55,,9926,25,,,0,15,,9927,25,,,0,15,,9928,25,,,0,15,,9929,25,,,0,55,,9930,25,,,0,15,,9931,25,,,0,15,,9932,25,,,0,13,,9933,25,,,0,53,,9934,25,,,0,14,,9935,25,,,0,15,,9936,25,,,0,15,,9937,25,,,0,60,,9938,25,,,0,20,,9939,25,,,0,20,,9940,25,,,0,60,,9941,25,,,0,20,,9942,25,,,0,20,,9943,25,,,0,60,,9944,25,,,0,10,,9945,25,,,0,30,,9946,25,,,0,70,,9947,25,,,0,27,,9948,25,,,0,70,,9949,25,,,0,33,,9950,25,,,0,70,,9951,25,,,0,30,,9952,25,,,0
2400,'244.0.1',628,,11184,47,,,0,30,,11185,47,,,0,70,,11186,47,,,0,30,,11187,47,,,0,70,,11188,47,,,0,30,,11189,47,,,0,70,,11190,47,,,0,72,,11191,47,,,0,31,,11192,47,,,0,70,,11193,47,,,0,30,,11194,47,,,0,72,,11195,47,,,0,30,,11196,47,,,0,70,,11197,47,,,0,30,,11198,47,,,0,70,,11199,47,,,0,30,,11200,47,,,0,68,,11201,47,,,0,30,,11202,47,,,0,70,,11203,47,,,0,30,,11204,47,,,0,70,,11205,47,,,0,30,,11206,47,,,0,70,,11207,47,,,0,29,,11208,47,,,0,27,,11209,47,,,0,70,,11210,47,,,0,30,,11211,47,,,0,70,,11212,47,,,0,30,,11213,47,,,0,70,,11214,47,,,0,30,,11215,47,,,0,70,,11216,47,,,0,30,,11217,47,,,0,70,,11218,47,,,0,30,,11219,47,,,0
2400,'244.0.2',626,,11220,47,,,0,30,,11221,47,,,0,70,,11222,47,,,0,30,,11223,47,,,0,70,,11224,47,,,0,30,,11225,47,,,0,70,,11226,47,,,0,74,,11227,47,,,0,30,,11228,47,,,0,70,,11229,47,,,0,30,,11230,47,,,0,70,,11231,47,,,0,30,,11232,47,,,0,70,,11233,47,,,0,30,,11234,47,,,0,70,,11235,47,,,0,30,,11236,47,,,0,70,,11237,47,,,0,30,,11238,47,,,0,70,,11239,47,,,0,30,,11240,47,,,0,70,,11241,47,,,0,30,,11242,47,,,0,70,,11243,47,,,0,29,,11244,47,,,0,28,,11245,47,,,0,70,,11246,47,,,0,30,,11247,47,,,0,70,,11248,47,,,0,30,,11249,47,,,0,70,,11250,47,,,0,30,,11251,47,,,0,70,,11252,47,,,0,30,,11253,47,,,0,70,,11254,47,,,0,30,,11255,47,,,0
2400,'244.0.3',631,,11256,47,,,0,70,,11257,47,,,0,31,,11258,47,,,0,71,,11259,47,,,0,30,,11260,47,,,0,72,,11261,47,,,0,25,,11262,47,,,0,70,,11263,47,,,0,30,,11264,47,,,0,70,,11265,47,,,0,30,,11266,47,,,0,70,,11267,47,,,0,30,,11268,47,,,0,70,,11269,47,,,0,30,,11270,47,,,0,70,,11271,47,,,0,30,,11272,47,,,0,70,,11273,47,,,0,30,,11274,47,,,0,70,,11275,47,,,0,30,,11276,47,,,0,70,,11277,47,,,0,30,,11278,47,,,0,70,,11279,47,,,0,30,,11280,47,,,0,70,,11281,47,,,0,26,,11282,47,,,0,30,,11283,47,,,0,70,,11284,47,,,0,30,,11285,47,,,0,70,,11286,47,,,0,30,,11287,47,,,0,70,,11288,47,,,0,30,,11289,47,,,0,70,,11290,47,,,0,30,,11291,47,,,0
1000901,'244.0.1',706,,15814,39,,,0,100,,15815,39,,,0,101,,15816,39,,,0,100,,15817,39,,,0,100,,15818,39,,,0,100,,15819,39,,,0,100,,15820,39,,,0,100,,15821,39,,,0,100,,15822,39,,,0,100,,15823,39,,,0,100,,15824,39,,,0,97,,15825,39,,,0,100,,15826,39,,,0,100,,15827,39,,,0,98,,15828,39,,,0,100,,15829,39,,,0,100,,15830,39,,,0,100,,15831,39,,,0
1000901,'244.0.2',702,,15832,39,,,0,98,,15833,39,,,0,104,,15834,39,,,0,100,,15835,39,,,0,100,,15836,39,,,0,100,,15837,39,,,0,100,,15838,39,,,0,100,,15839,39,,,0,100,,15840,39,,,0,100,,15841,39,,,0,100,,15842,39,,,0,100,,15843,39,,,0,100,,15844,39,,,0,100,,15845,39,,,0,96,,15846,39,,,0,100,,15847,39,,,0,100,,15848,39,,,0,59,,15849,39,,,0
1000901,'244.0.3',550,,15850,39,,,0,67,,15851,39,,,0,25,,15852,39,,,0,10,,15853,39,,,0,5,,15854,39,,,0,56,,15855,39,,,0,23,,15856,39,,,0,5,,15857,39,,,0,15,,15858,39,,,0,50,,15859,39,,,0,20,,15860,39,,,0,10,,15861,39,,,0,20,,15862,39,,,0,49,,15863,39,,,0,8,,15864,39,,,0,10,,15865,39,,,0,25,,15866,39,,,0,55,,15867,39,,,0,15,,15868,39,,,0,30,,15869,39,,,0,55,,15870,39,,,0,15,,15871,39,,,0,30,,15872,39,,,0,55,,15873,39,,,0,15,,15874,39,,,0,30,,15875,39,,,0,55,,15876,39,,,0,15,,15877,39,,,0,30,,15878,39,,,0,55,,15879,39,,,0,15,,15880,39,,,0,30,,15881,39,,,0,55,,15882,39,,,0,15,,15883,39,,,0,29,,15884,39,,,0,65,,15885,39,,,0,5,,15886,39,,,0,25,,15887,39,,,0,10,,15888,39,,,0,60,,15889,39,,,0,10,,15890,39,,,0,20,,15891,39,,,0,10,,15892,39,,,0,60,,15893,39,,,0,9,,15894,39,,,0,17,,15895,39,,,0,10,,15896,39,,,0,65,,15897,39,,,0,30,,15898,39,,,0,71,,15899,39,,,0,29,,15900,39,,,0,70,,15901,39,,,0,27,,15902,39,,,0,70,,15903,39,,,0,35,,15904,39,,,0,60,,15905,39,,,0,40,,15906,39,,,0,60,,15907,39,,,0,40,,15908,39,,,0,60,,15909,39,,,0
2000901,'244.0.1',636,,16829,55,,,0,100,,16830,55,,,0,99,,16831,55,,,0,102,,16832,55,,,0,100,,16833,55,,,0,100,,16834,55,,,0,100,,16835,55,,,0,100,,16836,55,,,0,100,,16837,55,,,0,100,,16838,55,,,0,100,,16839,55,,,0,100,,16840,55,,,0,97,,16841,55,,,0,100,,16842,55,,,0,98,,16843,55,,,0,100,,16844,55,,,0,100,,16845,55,,,0,100,,16846,55,,,0,100,,16847,55,,,0
2000901,'244.0.2',632,,16848,55,,,0,100,,16849,55,,,0,98,,16850,55,,,0,104,,16851,55,,,0,100,,16852,55,,,0,100,,16853,55,,,0,100,,16854,55,,,0,100,,16855,55,,,0,100,,16856,55,,,0,100,,16857,55,,,0,100,,16858,55,,,0,100,,16859,55,,,0,100,,16860,55,,,0,100,,16861,55,,,0,96,,16862,55,,,0,100,,16863,55,,,0,100,,16864,55,,,0,98,,16865,55,,,0,100,,16866,55,,,0
2000901,'244.0.3',602,,16867,55,,,0,30,,16868,55,,,0,70,,16869,55,,,0,44,,16870,55,,,0,70,,16871,55,,,0,30,,16872,55,,,0,58,,16873,55,,,0,29,,16874,55,,,0,100,,16875,55,,,0,100,,16876,55,,,0,100,,16877,55,,,0,100,,16878,55,,,0,100,,16879,55,,,0,99,,16880,55,,,0,70,,16881,55,,,0,30,,16882,55,,,0,70,,16883,55,,,0,30,,16884,55,,,0,70,,16885,55,,,0,27,,16886,55,,,0,29,,16887,55,,,0,70,,16888,55,,,0,30,,16889,55,,,0,70,,16890,55,,,0,30,,16891,55,,,0,69,,16892,55,,,0,22,,16893,55,,,0,70,,16894,55,,,0,100,,16895,55,,,0,100,,16896,55,,,0
