400,'259.0.1',556,,18780,9,,,0,100,,18781,9,,,0,100,,18782,9,,,0,70,,18783,9,,,0,30,,18784,9,,,0,70,,18785,9,,,0,32,,18786,9,,,0,70,,18787,9,,,0,30,,18788,9,,,0,70,,18789,9,,,0,30,,18790,9,,,0,70,,18791,9,,,0,30,,18792,9,,,0,70,,18793,9,,,0,30,,18794,9,,,0,70,,18795,9,,,0,30,,18796,9,,,0,70,,18797,9,,,0,30,,18798,9,,,0,70,,18799,9,,,0,30,,18800,9,,,0,70,,18801,9,,,0,30,,18802,9,,,0,70,,18803,9,,,0,30,,18804,9,,,0,70,,18805,9,,,0,30,,18806,9,,,0,70,,18807,9,,,0,29,,18808,9,,,0,69,,18809,9,,,0,30,,18810,9,,,0,100,,18811,9,,,0,100,,18812,9,,,0
400,'259.0.2',651,,18813,9,,,0,70,,18814,9,,,0,30,,18815,9,,,0,70,,18816,9,,,0,30,,18817,9,,,0,70,,18818,9,,,0,30,,18819,9,,,0,70,,18820,9,,,0,30,,18821,9,,,0,70,,18822,9,,,0,31,,18823,9,,,0,70,,18824,9,,,0,30,,18825,9,,,0,70,,18826,9,,,0,30,,18827,9,,,0,70,,18828,9,,,0,30,,18829,9,,,0,70,,18830,9,,,0,30,,18831,9,,,0,70,,18832,9,,,0,30,,18833,9,,,0,70,,18834,9,,,0,30,,18835,9,,,0,69,,18836,9,,,0,30,,18837,9,,,0,70,,18838,9,,,0,30,,18839,9,,,0,100,,18840,9,,,0,100,,18841,9,,,0,100,,18842,9,,,0,100,,18843,9,,,0
400,'259.0.3',606,,18844,9,,,0,20,,18845,9,,,0,20,,18846,9,,,0,60,,18847,9,,,0,15,,18848,9,,,0,16,,18849,9,,,0,15,,18850,9,,,0,55,,18851,9,,,0,15,,18852,9,,,0,15,,18853,9,,,0,15,,18854,9,,,0,55,,18855,9,,,0,15,,18856,9,,,0,15,,18857,9,,,0,15,,18858,9,,,0,55,,18859,9,,,0,15,,18860,9,,,0,15,,18861,9,,,0,15,,18862,9,,,0,55,,18863,9,,,0,15,,18864,9,,,0,16,,18865,9,,,0,15,,18866,9,,,0,55,,18867,9,,,0,15,,18868,9,,,0,15,,18869,9,,,0,15,,18870,9,,,0,55,,18871,9,,,0,10,,18872,9,,,0,10,,18873,9,,,0,10,,18874,9,,,0,10,,18875,9,,,0,10,,18876,9,,,0,50,,18877,9,,,0,8,,18878,9,,,0,8,,18879,9,,,0,8,,18880,9,,,0,8,,18881,9,,,0,8,,18882,9,,,0,8,,18883,9,,,0,48,,18884,9,,,0,8,,18885,9,,,0,8,,18886,9,,,0,8,,18887,9,,,0,8,,18888,9,,,0,8,,18889,9,,,0,8,,18890,9,,,0,48,,18891,9,,,0,8,,18892,9,,,0,8,,18893,9,,,0,8,,18894,9,,,0,8,,18895,9,,,0,8,,18896,9,,,0,8,,18897,9,,,0,56,,18898,9,,,0,8,,18899,9,,,0,8,,18900,9,,,0,8,,18901,9,,,0,8,,18902,9,,,0,8,,18903,9,,,0,9,,18904,9,,,0,55,,18905,9,,,0,15,,18906,9,,,0,15,,18907,9,,,0,20,,18908,9,,,0,60,,18909,9,,,0,20,,18910,9,,,0,20,,18911,9,,,0,60,,18912,9,,,0,20,,18913,9,,,0,20,,18914,9,,,0,58,,18915,9,,,0,20,,18916,9,,,0,20,,18917,9,,,0,70,,18918,9,,,0,30,,18919,9,,,0,70,,18920,9,,,0,30,,18921,9,,,0,70,,18922,9,,,0,30,,18923,9,,,0
400,'259.1141.3',1656,,18924,9,,,0
400,'259.1143.3',1656,,18925,9,,,0
1001000,'259.0.3',627,,24716,9,,,0,19,,24717,9,,,0,59,,24718,9,,,0,28,,24719,9,,,0,18,,24720,9,,,0,58,,24721,9,,,0,20,,24722,9,,,0,20,,24723,9,,,0,60,,24724,9,,,0,500,,24725,9,,,0,19,,24726,9,,,0,20,,24727,9,,,0,60,,24728,9,,,0,20,,24729,9,,,0,21,,24730,9,,,0,60,,24731,9,,,0,20,,24732,9,,,0,20,,24733,9,,,0,10,,24734,9,,,0,69,,24735,9,,,0,20,,24736,9,,,0,60,,24737,9,,,0,19,,24738,9,,,0
2001000,'259.0.1',636,,25713,9,,,0,85,,25714,9,,,0,30,,25715,9,,,0,70,,25716,9,,,0,30,,25717,9,,,0,70,,25718,9,,,0,31,,25719,9,,,0,70,,25720,9,,,0,30,,25721,9,,,0,71,,25722,9,,,0,30,,25723,9,,,0,70,,25724,9,,,0,30,,25725,9,,,0,70,,25726,9,,,0,30,,25727,9,,,0,70,,25728,9,,,0,30,,25729,9,,,0,70,,25730,9,,,0,30,,25731,9,,,0,70,,25732,9,,,0,30,,25733,9,,,0,70,,25734,9,,,0,30,,25735,9,,,0,70,,25736,9,,,0,29,,25737,9,,,0,70,,25738,9,,,0,30,,25739,9,,,0,85,,25740,9,,,0,100,,25741,9,,,0,100,,25742,9,,,0,100,,25743,9,,,0
2001000,'259.0.2',636,,25744,9,,,0,115,,25745,9,,,0,70,,25746,9,,,0,30,,25747,9,,,0,70,,25748,9,,,0,31,,25749,9,,,0,70,,25750,9,,,0,30,,25751,9,,,0,70,,25752,9,,,0,30,,25753,9,,,0,70,,25754,9,,,0,30,,25755,9,,,0,70,,25756,9,,,0,30,,25757,9,,,0,70,,25758,9,,,0,30,,25759,9,,,0,70,,25760,9,,,0,30,,25761,9,,,0,70,,25762,9,,,0,30,,25763,9,,,0,70,,25764,9,,,0,30,,25765,9,,,0,85,,25766,9,,,0,99,,25767,9,,,0,100,,25768,9,,,0,100,,25769,9,,,0,100,,25770,9,,,0,100,,25771,9,,,0,100,,25772,9,,,0
2001000,'259.0.3',549,,25773,9,,,0,91,,25774,9,,,0,60,,25775,9,,,0,20,,25776,9,,,0,20,,25777,9,,,0,61,,25778,9,,,0,21,,25779,9,,,0,20,,25780,9,,,0,60,,25781,9,,,0,37,,25782,9,,,0,70,,25783,9,,,0,30,,25784,9,,,0,70,,25785,9,,,0,30,,25786,9,,,0,70,,25787,9,,,0,30,,25788,9,,,0,70,,25789,9,,,0,30,,25790,9,,,0,65,,25791,9,,,0,17,,25792,9,,,0,20,,25793,9,,,0,60,,25794,9,,,0,20,,25795,9,,,0,21,,25796,9,,,0,60,,25797,9,,,0,20,,25798,9,,,0,20,,25799,9,,,0,60,,25800,9,,,0,19,,25801,9,,,0,20,,25802,9,,,0,60,,25803,9,,,0,19,,25804,9,,,0,23,,25805,9,,,0,60,,25806,9,,,0,24,,25807,9,,,0,30,,25808,9,,,0,70,,25809,9,,,0,30,,25810,9,,,0,70,,25811,9,,,0
3001000,'259.0.1',606,,26275,9,,,0,100,,26276,9,,,0,30,,26277,9,,,0,70,,26278,9,,,0,30,,26279,9,,,0,70,,26280,9,,,0,31,,26281,9,,,0,70,,26282,9,,,0,30,,26283,9,,,0,70,,26284,9,,,0,31,,26285,9,,,0,70,,26286,9,,,0,30,,26287,9,,,0,70,,26288,9,,,0,30,,26289,9,,,0,70,,26290,9,,,0,30,,26291,9,,,0,70,,26292,9,,,0,30,,26293,9,,,0,70,,26294,9,,,0,30,,26295,9,,,0,70,,26296,9,,,0,30,,26297,9,,,0,70,,26298,9,,,0,29,,26299,9,,,0,70,,26300,9,,,0,100,,26301,9,,,0,100,,26302,9,,,0,100,,26303,9,,,0,100,,26304,9,,,0,100,,26305,9,,,0
3001000,'259.0.2',606,,26307,9,,,0,100,,26308,9,,,0,30,,26309,9,,,0,70,,26310,9,,,0,30,,26311,9,,,0,70,,26312,9,,,0,30,,26313,9,,,0,71,,26314,9,,,0,30,,26315,9,,,0,70,,26316,9,,,0,30,,26317,9,,,0,70,,26318,9,,,0,30,,26319,9,,,0,70,,26320,9,,,0,30,,26321,9,,,0,70,,26322,9,,,0,30,,26323,9,,,0,70,,26324,9,,,0,30,,26325,9,,,0,70,,26326,9,,,0,30,,26327,9,,,0,70,,26328,9,,,0,30,,26329,9,,,0,70,,26330,9,,,0,100,,26331,9,,,0,99,,26332,9,,,0,100,,26333,9,,,0,100,,26334,9,,,0,100,,26335,9,,,0
3001000,'259.0.3',554,,26339,9,,,0,59,,26340,9,,,0,20,,26341,9,,,0,19,,26342,9,,,0,58,,26343,9,,,0,17,,26344,9,,,0,18,,26345,9,,,0,71,,26346,9,,,0,20,,26347,9,,,0,20,,26348,9,,,0,68,,26349,9,,,0,30,,26350,9,,,0,70,,26351,9,,,0,30,,26352,9,,,0,70,,26353,9,,,0,30,,26354,9,,,0,70,,26355,9,,,0,30,,26356,9,,,0,70,,26357,9,,,0,30,,26358,9,,,0,60,,26359,9,,,0,20,,26360,9,,,0,20,,26361,9,,,0,60,,26362,9,,,0,20,,26363,9,,,0,21,,26364,9,,,0,60,,26365,9,,,0,20,,26366,9,,,0,20,,26367,9,,,0,59,,26368,9,,,0,20,,26369,9,,,0,20,,26370,9,,,0,59,,26371,9,,,0,20,,26372,9,,,0,20,,26373,9,,,0,59,,26374,9,,,0,30,,26375,9,,,0,70,,26376,9,,,0,30,,26377,9,,,0,70,,26378,9,,,0,30,,26379,9,,,0,68,,26380,9,,,0,30,,26381,9,,,0,70,,26382,9,,,0,30,,26383,9,,,0,70,,26384,9,,,0
