200,'244.0.1',616,,9338,17,,,0,100,,9339,17,,,0,100,,9340,17,,,0,15,,9341,17,,,0,15,,9342,17,,,0,55,,9343,17,,,0,15,,9344,17,,,0,15,,9345,17,,,0,15,,9346,17,,,0,55,,9347,17,,,0,15,,9348,17,,,0,15,,9349,17,,,0,15,,9350,17,,,0,56,,9351,17,,,0,15,,9352,17,,,0,15,,9353,17,,,0,15,,9354,17,,,0,55,,9355,17,,,0,15,,9356,17,,,0,15,,9357,17,,,0,15,,9358,17,,,0,55,,9359,17,,,0,15,,9360,17,,,0,15,,9361,17,,,0,15,,9362,17,,,0,55,,9363,17,,,0,15,,9364,17,,,0,15,,9365,17,,,0,15,,9366,17,,,0,55,,9367,17,,,0,15,,9368,17,,,0,15,,9369,17,,,0,15,,9370,17,,,0,55,,9371,17,,,0,15,,9372,17,,,0,15,,9373,17,,,0,15,,9374,17,,,0,55,,9375,17,,,0,15,,9376,17,,,0,15,,9377,17,,,0,15,,9378,17,,,0,55,,9379,17,,,0,15,,9380,17,,,0,15,,9381,17,,,0,15,,9382,17,,,0,55,,9383,17,,,0,15,,9384,17,,,0,15,,9385,17,,,0,70,,9386,17,,,0,30,,9387,17,,,0,69,,9388,17,,,0,30,,9389,17,,,0,70,,9390,17,,,0,30,,9391,17,,,0,70,,9392,17,,,0,30,,9393,17,,,0,70,,9394,17,,,0,30,,9395,17,,,0
200,'244.0.2',605,,9396,17,,,0,100,,9397,17,,,0,100,,9398,17,,,0,30,,9399,17,,,0,20,,9400,17,,,0,60,,9401,17,,,0,20,,9402,17,,,0,20,,9403,17,,,0,60,,9404,17,,,0,20,,9405,17,,,0,21,,9406,17,,,0,60,,9407,17,,,0,20,,9408,17,,,0,20,,9409,17,,,0,60,,9410,17,,,0,20,,9411,17,,,0,20,,9412,17,,,0,60,,9413,17,,,0,20,,9414,17,,,0,20,,9415,17,,,0,60,,9416,17,,,0,20,,9417,17,,,0,20,,9418,17,,,0,60,,9419,17,,,0,20,,9420,17,,,0,20,,9421,17,,,0,60,,9422,17,,,0,20,,9423,17,,,0,20,,9424,17,,,0,60,,9425,17,,,0,20,,9426,17,,,0,20,,9427,17,,,0,60,,9428,17,,,0,29,,9429,17,,,0,69,,9430,17,,,0,30,,9431,17,,,0,70,,9432,17,,,0,30,,9433,17,,,0,70,,9434,17,,,0,30,,9435,17,,,0,70,,9436,17,,,0,30,,9437,17,,,0,70,,9438,17,,,0,30,,9439,17,,,0,70,,9440,17,,,0
200,'244.0.3',546,,9441,17,,,0,70,,9442,17,,,0,30,,9443,17,,,0,55,,9444,17,,,0,15,,9445,17,,,0,15,,9446,17,,,0,16,,9447,17,,,0,55,,9448,17,,,0,15,,9449,17,,,0,15,,9450,17,,,0,15,,9451,17,,,0,55,,9452,17,,,0,15,,9453,17,,,0,15,,9454,17,,,0,15,,9455,17,,,0,55,,9456,17,,,0,15,,9457,17,,,0,15,,9458,17,,,0,15,,9459,17,,,0,55,,9460,17,,,0,15,,9461,17,,,0,15,,9462,17,,,0,15,,9463,17,,,0,55,,9464,17,,,0,16,,9465,17,,,0,15,,9466,17,,,0,15,,9467,17,,,0,55,,9468,17,,,0,15,,9469,17,,,0,15,,9470,17,,,0,15,,9471,17,,,0,55,,9472,17,,,0,15,,9473,17,,,0,15,,9474,17,,,0,15,,9475,17,,,0,55,,9476,17,,,0,16,,9477,17,,,0,17,,9478,17,,,0,15,,9479,17,,,0,55,,9480,17,,,0,15,,9481,17,,,0,15,,9482,17,,,0,15,,9483,17,,,0,55,,9484,17,,,0,15,,9485,17,,,0,15,,9486,17,,,0,13,,9487,17,,,0,52,,9488,17,,,0,15,,9489,17,,,0,15,,9490,17,,,0,15,,9491,17,,,0,55,,9492,17,,,0,30,,9493,17,,,0,70,,9494,17,,,0,30,,9495,17,,,0,70,,9496,17,,,0,30,,9497,17,,,0,70,,9498,17,,,0,30,,9499,17,,,0,70,,9500,17,,,0,30,,9501,17,,,0,70,,9502,17,,,0,30,,9503,17,,,0
300,'244.0.1',653,,9670,39,,,0,100,,9671,39,,,0,100,,9672,39,,,0,70,,9673,39,,,0,30,,9674,39,,,0,70,,9675,39,,,0,30,,9676,39,,,0,70,,9677,39,,,0,30,,9678,39,,,0,71,,9679,39,,,0,30,,9680,39,,,0,70,,9681,39,,,0,30,,9682,39,,,0,70,,9683,39,,,0,30,,9684,39,,,0,70,,9685,39,,,0,30,,9686,39,,,0,70,,9687,39,,,0,30,,9688,39,,,0,70,,9689,39,,,0,30,,9690,39,,,0,70,,9691,39,,,0,30,,9692,39,,,0,67,,9693,39,,,0,29,,9694,39,,,0,70,,9695,39,,,0,30,,9696,39,,,0,70,,9697,39,,,0,30,,9698,39,,,0,70,,9699,39,,,0,30,,9700,39,,,0,70,,9701,39,,,0,30,,9702,39,,,0,70,,9703,39,,,0,30,,9704,39,,,0,60,,9705,39,,,0
300,'244.0.2',633,,9706,39,,,0,100,,9707,39,,,0,100,,9708,39,,,0,70,,9709,39,,,0,30,,9710,39,,,0,67,,9711,39,,,0,20,,9712,39,,,0,20,,9713,39,,,0,61,,9714,39,,,0,24,,9715,39,,,0,20,,9716,39,,,0,60,,9717,39,,,0,20,,9718,39,,,0,20,,9719,39,,,0,60,,9720,39,,,0,20,,9721,39,,,0,20,,9722,39,,,0,60,,9723,39,,,0,20,,9724,39,,,0,20,,9725,39,,,0,60,,9726,39,,,0,20,,9727,39,,,0,20,,9728,39,,,0,60,,9729,39,,,0,20,,9730,39,,,0,20,,9731,39,,,0,60,,9732,39,,,0,20,,9733,39,,,0,20,,9734,39,,,0,58,,9735,39,,,0,17,,9736,39,,,0,19,,9737,39,,,0,70,,9738,39,,,0,30,,9739,39,,,0,70,,9740,39,,,0,30,,9741,39,,,0,70,,9742,39,,,0,30,,9743,39,,,0,70,,9744,39,,,0,23,,9745,39,,,0,70,,9746,39,,,0,30,,9747,39,,,0,70,,9748,39,,,0,30,,9749,39,,,0
300,'244.0.3',607,,9750,39,,,0,30,,9751,39,,,0,15,,9752,39,,,0,55,,9753,39,,,0,15,,9754,39,,,0,18,,9755,39,,,0,17,,9756,39,,,0,59,,9757,39,,,0,15,,9758,39,,,0,15,,9759,39,,,0,54,,9760,39,,,0,15,,9761,39,,,0,15,,9762,39,,,0,15,,9763,39,,,0,60,,9764,39,,,0,20,,9765,39,,,0,20,,9766,39,,,0,60,,9767,39,,,0,20,,9768,39,,,0,20,,9769,39,,,0,60,,9770,39,,,0,20,,9771,39,,,0,20,,9772,39,,,0,60,,9773,39,,,0,20,,9774,39,,,0,20,,9775,39,,,0,60,,9776,39,,,0,20,,9777,39,,,0,20,,9778,39,,,0,60,,9779,39,,,0,20,,9780,39,,,0,10,,9781,39,,,0,11,,9782,39,,,0,59,,9783,39,,,0,15,,9784,39,,,0,15,,9785,39,,,0,15,,9786,39,,,0,55,,9787,39,,,0,15,,9788,39,,,0,15,,9789,39,,,0,15,,9790,39,,,0,53,,9791,39,,,0,13,,9792,39,,,0,13,,9793,39,,,0,15,,9794,39,,,0,14,,9795,39,,,0,49,,9796,39,,,0,17,,9797,39,,,0,20,,9798,39,,,0,60,,9799,39,,,0,20,,9800,39,,,0,20,,9801,39,,,0,60,,9802,39,,,0,20,,9803,39,,,0,10,,9804,39,,,0,70,,9805,39,,,0,30,,9806,39,,,0,70,,9807,39,,,0,30,,9808,39,,,0,70,,9809,39,,,0,30,,9810,39,,,0,70,,9811,39,,,0
2401,'244.0.1',623,,11292,20,,,0,30,,11293,20,,,0,70,,11294,20,,,0,30,,11295,20,,,0,70,,11296,20,,,0,30,,11297,20,,,0,70,,11298,20,,,0,30,,11299,20,,,0,75,,11300,20,,,0,31,,11301,20,,,0,70,,11302,20,,,0,71,,11303,20,,,0,32,,11304,20,,,0,70,,11305,20,,,0,30,,11306,20,,,0,70,,11307,20,,,0,30,,11308,20,,,0,70,,11309,20,,,0,28,,11310,20,,,0,70,,11311,20,,,0,30,,11312,20,,,0,70,,11313,20,,,0,30,,11314,20,,,0,70,,11315,20,,,0,30,,11316,20,,,0,27,,11317,20,,,0,67,,11318,20,,,0,30,,11319,20,,,0,70,,11320,20,,,0,30,,11321,20,,,0,68,,11322,20,,,0,30,,11323,20,,,0,70,,11324,20,,,0,30,,11325,20,,,0,70,,11326,20,,,0,30,,11327,20,,,0
2401,'244.0.2',621,,11328,20,,,0,30,,11329,20,,,0,70,,11330,20,,,0,30,,11331,20,,,0,70,,11332,20,,,0,30,,11333,20,,,0,70,,11334,20,,,0,32,,11335,20,,,0,75,,11336,20,,,0,30,,11337,20,,,0,70,,11338,20,,,0,30,,11339,20,,,0,70,,11340,20,,,0,30,,11341,20,,,0,70,,11342,20,,,0,30,,11343,20,,,0,70,,11344,20,,,0,30,,11345,20,,,0,70,,11346,20,,,0,30,,11347,20,,,0,70,,11348,20,,,0,30,,11349,20,,,0,70,,11350,20,,,0,30,,11351,20,,,0,70,,11352,20,,,0,28,,11353,20,,,0,68,,11354,20,,,0,30,,11355,20,,,0,69,,11356,20,,,0,30,,11357,20,,,0,70,,11358,20,,,0,30,,11359,20,,,0,70,,11360,20,,,0,30,,11361,20,,,0,70,,11362,20,,,0,30,,11363,20,,,0
2401,'244.0.3',658,,11364,20,,,0,70,,11365,20,,,0,74,,11366,20,,,0,31,,11367,20,,,0,70,,11368,20,,,0,30,,11369,20,,,0,25,,11370,20,,,0,70,,11371,20,,,0,30,,11372,20,,,0,71,,11373,20,,,0,71,,11374,20,,,0,30,,11375,20,,,0,70,,11376,20,,,0,30,,11377,20,,,0,70,,11378,20,,,0,31,,11379,20,,,0,70,,11380,20,,,0,34,,11381,20,,,0,70,,11382,20,,,0,30,,11383,20,,,0,70,,11384,20,,,0,27,,11385,20,,,0,68,,11386,20,,,0,30,,11387,20,,,0,28,,11388,20,,,0,68,,11389,20,,,0,26,,11390,20,,,0,70,,11391,20,,,0,30,,11392,20,,,0,70,,11393,20,,,0,30,,11394,20,,,0,70,,11395,20,,,0,30,,11396,20,,,0,70,,11397,20,,,0,30,,11398,20,,,0,70,,11399,20,,,0
1000900,'244.0.1',701,,15724,16,,,0,100,,15725,16,,,0,100,,15726,16,,,0,99,,15727,16,,,0,100,,15728,16,,,0,56,,15729,16,,,0,101,,15730,16,,,0,100,,15731,16,,,0,100,,15732,16,,,0,100,,15733,16,,,0,100,,15734,16,,,0,100,,15735,16,,,0,100,,15736,16,,,0,102,,15737,16,,,0,100,,15738,16,,,0,100,,15739,16,,,0,100,,15740,16,,,0,100,,15741,16,,,0
1000900,'244.0.2',701,,15742,16,,,0,56,,15743,16,,,0,100,,15744,16,,,0,100,,15745,16,,,0,143,,15746,16,,,0,100,,15747,16,,,0,100,,15748,16,,,0,100,,15749,16,,,0,100,,15750,16,,,0,100,,15751,16,,,0,100,,15752,16,,,0,100,,15753,16,,,0,100,,15754,16,,,0,100,,15755,16,,,0,59,,15756,16,,,0,100,,15757,16,,,0,100,,15758,16,,,0,100,,15759,16,,,0
1000900,'244.0.3',615,,15760,16,,,0,30,,15761,16,,,0,70,,15762,16,,,0,30,,15763,16,,,0,72,,15764,16,,,0,29,,15765,16,,,0,12,,15766,16,,,0,55,,15767,16,,,0,30,,15768,16,,,0,15,,15769,16,,,0,55,,15770,16,,,0,30,,15771,16,,,0,57,,15772,16,,,0,13,,15773,16,,,0,27,,15774,16,,,0,15,,15775,16,,,0,55,,15776,16,,,0,30,,15777,16,,,0,15,,15778,16,,,0,55,,15779,16,,,0,30,,15780,16,,,0,15,,15781,16,,,0,55,,15782,16,,,0,30,,15783,16,,,0,66,,15784,16,,,0,23,,15785,16,,,0,9,,15786,16,,,0,19,,15787,16,,,0,50,,15788,16,,,0,20,,15789,16,,,0,10,,15790,16,,,0,20,,15791,16,,,0,50,,15792,16,,,0,10,,15793,16,,,0,21,,15794,16,,,0,7,,15795,16,,,0,6,,15796,16,,,0,56,,15797,16,,,0,10,,15798,16,,,0,20,,15799,16,,,0,10,,15800,16,,,0,70,,15801,16,,,0,30,,15802,16,,,0,70,,15803,16,,,0,30,,15804,16,,,0,69,,15805,16,,,0,27,,15806,16,,,0,15,,15807,16,,,0,55,,15808,16,,,0,35,,15809,16,,,0,60,,15810,16,,,0,40,,15811,16,,,0,60,,15812,16,,,0,40,,15813,16,,,0
2000900,'244.0.1',631,,16760,16,,,0,100,,16761,16,,,0,100,,16762,16,,,0,99,,16763,16,,,0,100,,16764,16,,,0,100,,16765,16,,,0,97,,16766,16,,,0,100,,16767,16,,,0,100,,16768,16,,,0,100,,16769,16,,,0,100,,16770,16,,,0,100,,16771,16,,,0,100,,16772,16,,,0,102,,16773,16,,,0,100,,16774,16,,,0,100,,16775,16,,,0,100,,16776,16,,,0,100,,16777,16,,,0,100,,16778,16,,,0
2000900,'244.0.2',632,,16779,16,,,0,97,,16780,16,,,0,98,,16781,16,,,0,100,,16782,16,,,0,103,,16783,16,,,0,100,,16784,16,,,0,100,,16785,16,,,0,100,,16786,16,,,0,100,,16787,16,,,0,100,,16788,16,,,0,100,,16789,16,,,0,100,,16790,16,,,0,100,,16791,16,,,0,100,,16792,16,,,0,99,,16793,16,,,0,100,,16794,16,,,0,100,,16795,16,,,0,100,,16796,16,,,0,100,,16797,16,,,0
2000900,'244.0.3',630,,16800,16,,,0,70,,16801,16,,,0,30,,16802,16,,,0,28,,16803,16,,,0,70,,16804,16,,,0,100,,16805,16,,,0,100,,16806,16,,,0,98,,16807,16,,,0,96,,16808,16,,,0,100,,16809,16,,,0,100,,16810,16,,,0,28,,16811,16,,,0,68,,16812,16,,,0,29,,16813,16,,,0,70,,16814,16,,,0,30,,16815,16,,,0,80,,16816,16,,,0,29,,16817,16,,,0,70,,16818,16,,,0,30,,16819,16,,,0,70,,16820,16,,,0,30,,16821,16,,,0,70,,16822,16,,,0,30,,16823,16,,,0,67,,16824,16,,,0,100,,16825,16,,,0,100,,16826,16,,,0,100,,16827,16,,,0,100,,16828,16,,,0
