5500,'244.0.1',727,,12368,1,,,0,100,,12369,1,,,0,100,,12370,1,,,0,100,,12371,1,,,0,100,,12372,1,,,0,100,,12373,1,,,0,100,,12374,1,,,0,100,,12375,1,,,0,100,,12376,1,,,0,100,,12377,1,,,0,100,,12378,1,,,0,100,,12379,1,,,0,100,,12380,1,,,0,100,,12381,1,,,0,100,,12382,1,,,0
5500,'244.0.2',727,,12383,1,,,0,100,,12384,1,,,0,100,,12385,1,,,0,100,,12386,1,,,0,100,,12387,1,,,0,100,,12388,1,,,0,100,,12389,1,,,0,100,,12390,1,,,0,100,,12391,1,,,0,100,,12392,1,,,0,100,,12393,1,,,0,100,,12394,1,,,0,100,,12395,1,,,0,100,,12396,1,,,0,100,,12397,1,,,0
5500,'244.0.3',616,,12398,1,,,0,30,,12416,1,,,0,70,,12399,1,,,0,30,,12400,1,,,0,100,,12401,1,,,0,85,,12402,1,,,0,100,,12403,1,,,0,100,,12404,1,,,0,100,,12405,1,,,0,100,,12406,1,,,0,100,,12407,1,,,0,85,,12408,1,,,0,99,,12409,1,,,0,35,,12417,1,,,0,70,,12410,1,,,0,26,,12411,1,,,0,75,,12412,1,,,0,100,,12413,1,,,0,110,,12414,1,,,0,100,,12415,1,,,0
5501,'244.0.1',815,,12418,32,4,,0,102,,12419,32,4,,0,101,,12420,32,4,,0,103,,12421,32,4,,0,100,,12422,32,4,,0,100,,12423,32,4,,0,100,,12424,32,4,,0,100,,12425,32,4,,0,100,,12426,32,4,,0,100,,12427,32,4,,0,98,,12428,32,4,,0,100,,12429,32,4,,0,97,,12430,32,4,,0,100,,12431,32,4,,0,100,,12432,32,4,,0
5501,'244.0.2',816,,12433,32,4,,0,100,,12434,32,4,,0,102,,12435,32,4,,0,103,,12436,32,4,,0,100,,12437,32,4,,0,100,,12438,32,4,,0,100,,12439,32,4,,0,100,,12440,32,4,,0,100,,12441,32,4,,0,100,,12442,32,4,,0,98,,12443,32,4,,0,97,,12444,32,4,,0,100,,12445,32,4,,0,100,,12446,32,4,,0,100,,12447,32,4,,0
5501,'244.0.3',706,,12448,32,4,,0,32,,12466,32,4,,0,71,,12449,32,4,,0,32,,12450,32,4,,0,100,,12451,32,4,,0,85,,12452,32,4,,0,100,,12453,32,4,,0,100,,12454,32,4,,0,103,,12455,32,4,,0,100,,12456,32,4,,0,100,,12457,32,4,,0,85,,12458,32,4,,0,100,,12459,32,4,,0,33,,12467,32,4,,0,68,,12460,32,4,,0,23,,12461,32,4,,0,75,,12462,32,4,,0,99,,12463,32,4,,0,110,,12464,32,4,,0,100,,12465,32,4,,0
6200,'244.0.1',700,,12991,1,,,0,100,,12992,1,,,0,100,,12993,1,,,0,100,,12994,1,,,0,100,,12995,1,,,0,100,,12996,1,,,0,100,,12997,1,,,0,100,,12998,1,,,0,100,,12999,1,,,0,100,,13000,1,,,0,100,,13001,1,,,0,100,,13002,1,,,0,100,,13003,1,,,0,100,,13004,1,,,0,100,,13005,1,,,0,100,,13006,1,,,0
6200,'244.0.2',700,,13007,1,,,0,100,,13008,1,,,0,100,,13009,1,,,0,100,,13010,1,,,0,100,,13011,1,,,0,100,,13012,1,,,0,100,,13013,1,,,0,100,,13014,1,,,0,100,,13015,1,,,0,100,,13016,1,,,0,100,,13017,1,,,0,100,,13018,1,,,0,100,,13019,1,,,0,100,,13020,1,,,0,100,,13021,1,,,0,100,,13022,1,,,0
6200,'244.0.3',609,,13023,1,,,0,30,,13024,1,,,0,70,,13025,1,,,0,30,,13026,1,,,0,70,,13027,1,,,0,30,,13028,1,,,0,70,,13029,1,,,0,100,,13030,1,,,0,100,,13031,1,,,0,100,,13032,1,,,0,100,,13033,1,,,0,100,,13034,1,,,0,100,,13035,1,,,0,30,,13036,1,,,0,70,,13037,1,,,0,30,,13038,1,,,0,70,,13039,1,,,0,30,,13040,1,,,0,70,,13041,1,,,0,30,,13042,1,,,0,100,,13043,1,,,0,100,,13044,1,,,0,100,,13045,1,,,0,100,,13046,1,,,0
6201,'244.0.1',749,,13047,31,4,,0,100,,13048,31,4,,0,101,,13049,31,4,,0,102,,13050,31,4,,0,100,,13051,31,4,,0,100,,13052,31,4,,0,100,,13053,31,4,,0,100,,13054,31,4,,0,100,,13055,31,4,,0,100,,13056,31,4,,0,100,,13057,31,4,,0,98,,13058,31,4,,0,98,,13059,31,4,,0,100,,13060,31,4,,0,100,,13061,31,4,,0,100,,13062,31,4,,0
6201,'244.0.2',746,,13063,31,4,,0,100,,13064,31,4,,0,101,,13065,31,4,,0,104,,13066,31,4,,0,100,,13067,31,4,,0,100,,13068,31,4,,0,100,,13069,31,4,,0,100,,13070,31,4,,0,100,,13071,31,4,,0,98,,13072,31,4,,0,100,,13073,31,4,,0,97,,13074,31,4,,0,99,,13075,31,4,,0,100,,13076,31,4,,0,100,,13077,31,4,,0,100,,13078,31,4,,0
6201,'244.0.3',658,,13079,31,4,,0,72,,13080,31,4,,0,70,,13081,31,4,,0,30,,13082,31,4,,0,70,,13083,31,4,,0,31,,13084,31,4,,0,70,,13085,31,4,,0,100,,13086,31,4,,0,100,,13087,31,4,,0,100,,13088,31,4,,0,100,,13089,31,4,,0,100,,13090,31,4,,0,103,,13091,31,4,,0,30,,13092,31,4,,0,70,,13093,31,4,,0,30,,13094,31,4,,0,70,,13095,31,4,,0,28,,13096,31,4,,0,27,,13097,31,4,,0,70,,13098,31,4,,0,100,,13099,31,4,,0,100,,13100,31,4,,0,100,,13101,31,4,,0
15900,'244.0.3',1521,,14978,10,,,0,20,,14979,10,,,0,64,,14980,10,,,0,21,,14981,10,,,0,22,,14982,10,,,0,61,,14985,10,,,0,16,,14986,10,,,0,20,,14983,10,,,0,58,,14984,10,,,0
15901,'244.0.3',613,,14987,27,,,0,20,,14995,27,,,0,20,,14988,27,,,0,60,,14989,27,,,0,22,,14990,27,,,0,21,,14991,27,,,0,61,,14992,27,,,0,20,,14993,27,,,0,18,,14994,27,,,0
2016801,'244.0.3',626,,17307,35,,,0,30,,17308,35,,,0,71,,17309,35,,,0,32,,17310,35,,,0,71,,17311,35,,,0,70,,17312,35,,,0
