200,'259.0.1',608,,18165,4,,,0,100,,18166,4,,,0,100,,18167,4,,,0,15,,18168,4,,,0,15,,18169,4,,,0,15,,18170,4,,,0,55,,18171,4,,,0,15,,18172,4,,,0,15,,18173,4,,,0,15,,18174,4,,,0,55,,18175,4,,,0,15,,18176,4,,,0,15,,18177,4,,,0,15,,18178,4,,,0,55,,18179,4,,,0,15,,18180,4,,,0,15,,18181,4,,,0,15,,18182,4,,,0,55,,18183,4,,,0,15,,18184,4,,,0,15,,18185,4,,,0,15,,18186,4,,,0,55,,18187,4,,,0,15,,18188,4,,,0,15,,18189,4,,,0,15,,18190,4,,,0,55,,18191,4,,,0,15,,18192,4,,,0,15,,18193,4,,,0,15,,18194,4,,,0,55,,18195,4,,,0,15,,18196,4,,,0,15,,18197,4,,,0,15,,18198,4,,,0,55,,18199,4,,,0,15,,18200,4,,,0,15,,18201,4,,,0,15,,18202,4,,,0,55,,18203,4,,,0,15,,18204,4,,,0,15,,18205,4,,,0,15,,18206,4,,,0,55,,18207,4,,,0,15,,18208,4,,,0,15,,18209,4,,,0,15,,18210,4,,,0,55,,18211,4,,,0,15,,18212,4,,,0,30,,18213,4,,,0,70,,18214,4,,,0,30,,18215,4,,,0,70,,18216,4,,,0,30,,18217,4,,,0,70,,18218,4,,,0,30,,18219,4,,,0,70,,18220,4,,,0,30,,18221,4,,,0,70,,18222,4,,,0
200,'259.0.2',557,,18223,4,,,0,100,,18224,4,,,0,100,,18225,4,,,0,70,,18226,4,,,0,20,,18227,4,,,0,60,,18228,4,,,0,20,,18229,4,,,0,20,,18230,4,,,0,60,,18231,4,,,0,20,,18232,4,,,0,20,,18233,4,,,0,60,,18234,4,,,0,20,,18235,4,,,0,20,,18236,4,,,0,60,,18237,4,,,0,20,,18238,4,,,0,20,,18239,4,,,0,60,,18240,4,,,0,20,,18241,4,,,0,20,,18242,4,,,0,60,,18243,4,,,0,20,,18244,4,,,0,20,,18245,4,,,0,60,,18246,4,,,0,20,,18247,4,,,0,20,,18248,4,,,0,60,,18249,4,,,0,20,,18250,4,,,0,20,,18251,4,,,0,60,,18252,4,,,0,20,,18253,4,,,0,20,,18254,4,,,0,60,,18255,4,,,0,30,,18256,4,,,0,70,,18257,4,,,0,30,,18258,4,,,0,70,,18259,4,,,0,30,,18260,4,,,0,70,,18261,4,,,0,30,,18262,4,,,0,70,,18263,4,,,0,30,,18264,4,,,0,70,,18265,4,,,0,30,,18266,4,,,0,70,,18267,4,,,0
200,'259.0.3',538,,18268,4,,,0,70,,18269,4,,,0,30,,18270,4,,,0,15,,18271,4,,,0,55,,18272,4,,,0,15,,18273,4,,,0,15,,18274,4,,,0,15,,18275,4,,,0,55,,18276,4,,,0,15,,18277,4,,,0,15,,18278,4,,,0,15,,18279,4,,,0,55,,18280,4,,,0,15,,18281,4,,,0,15,,18282,4,,,0,15,,18283,4,,,0,55,,18284,4,,,0,15,,18285,4,,,0,15,,18286,4,,,0,15,,18287,4,,,0,55,,18288,4,,,0,15,,18289,4,,,0,15,,18290,4,,,0,15,,18291,4,,,0,55,,18292,4,,,0,15,,18293,4,,,0,15,,18294,4,,,0,15,,18295,4,,,0,55,,18296,4,,,0,15,,18297,4,,,0,15,,18298,4,,,0,15,,18299,4,,,0,55,,18300,4,,,0,15,,18301,4,,,0,15,,18302,4,,,0,15,,18303,4,,,0,55,,18304,4,,,0,15,,18305,4,,,0,15,,18306,4,,,0,15,,18307,4,,,0,55,,18308,4,,,0,15,,18309,4,,,0,15,,18310,4,,,0,15,,18311,4,,,0,55,,18312,4,,,0,15,,18313,4,,,0,15,,18314,4,,,0,15,,18315,4,,,0,55,,18316,4,,,0,15,,18317,4,,,0,15,,18318,4,,,0,15,,18319,4,,,0,70,,18320,4,,,0,30,,18321,4,,,0,70,,18322,4,,,0,30,,18323,4,,,0,70,,18324,4,,,0,30,,18325,4,,,0,70,,18326,4,,,0,30,,18327,4,,,0,70,,18328,4,,,0,30,,18329,4,,,0,70,,18330,4,,,0
2901,'259.0.1',638,,20636,16,,,0,70,,20637,16,,,0,30,,20638,16,,,0,70,,20639,16,,,0,30,,20640,16,,,0,70,,20641,16,,,0,30,,20642,16,,,0,70,,20643,16,,,0,32,,20644,16,,,0,68,,20645,16,,,0,30,,20646,16,,,0,70,,20647,16,,,0,30,,20648,16,,,0,70,,20649,16,,,0,30,,20650,16,,,0,70,,20651,16,,,0,30,,20652,16,,,0,70,,20653,16,,,0,30,,20654,16,,,0,70,,20655,16,,,0,30,,20656,16,,,0,70,,20657,16,,,0,30,,20658,16,,,0,70,,20659,16,,,0,30,,20660,16,,,0,70,,20661,16,,,0,30,,20662,16,,,0,100,,20663,16,,,0,100,,20664,16,,,0,100,,20665,16,,,0,100,,20666,16,,,0,81,,20667,16,,,0
2901,'259.0.2',636,,20668,16,,,0,70,,20669,16,,,0,30,,20670,16,,,0,70,,20671,16,,,0,30,,20672,16,,,0,70,,20673,16,,,0,30,,20674,16,,,0,71,,20675,16,,,0,29,,20676,16,,,0,70,,20677,16,,,0,30,,20678,16,,,0,70,,20679,16,,,0,30,,20680,16,,,0,70,,20681,16,,,0,30,,20682,16,,,0,70,,20683,16,,,0,30,,20684,16,,,0,70,,20685,16,,,0,30,,20686,16,,,0,70,,20687,16,,,0,30,,20688,16,,,0,70,,20689,16,,,0,30,,20690,16,,,0,70,,20691,16,,,0,30,,20692,16,,,0,100,,20693,16,,,0,100,,20694,16,,,0,100,,20695,16,,,0,100,,20696,16,,,0,100,,20697,16,,,0,83,,20698,16,,,0
2901,'259.0.3',622,,20699,16,,,0,15,,20700,16,,,0,15,,20701,16,,,0,55,,20702,16,,,0,15,,20703,16,,,0,15,,20704,16,,,0,15,,20705,16,,,0,55,,20706,16,,,0,15,,20707,16,,,0,14,,20708,16,,,0,16,,20709,16,,,0,70,,20710,16,,,0,30,,20711,16,,,0,70,,20712,16,,,0,30,,20713,16,,,0,70,,20714,16,,,0,30,,20715,16,,,0,70,,20716,16,,,0,30,,20717,16,,,0,70,,20718,16,,,0,30,,20719,16,,,0,70,,20720,16,,,0,30,,20721,16,,,0,70,,20722,16,,,0,15,,20723,16,,,0,15,,20724,16,,,0,55,,20725,16,,,0,15,,20726,16,,,0,15,,20727,16,,,0,15,,20728,16,,,0,55,,20729,16,,,0,15,,20730,16,,,0,15,,20731,16,,,0,15,,20732,16,,,0,55,,20733,16,,,0,15,,20734,16,,,0,15,,20735,16,,,0,15,,20736,16,,,0,70,,20737,16,,,0,30,,20738,16,,,0,70,,20739,16,,,0,30,,20740,16,,,0,70,,20741,16,,,0,30,,20742,16,,,0,70,,20743,16,,,0,100,,20744,16,,,0,94,,20745,16,,,0
8400,'259.0.1',631,,22782,3,,,0,100,,22783,3,,,0,100,,22784,3,,,0,100,,22785,3,,,0,100,,22786,3,,,0,95,,22787,3,,,0,100,,22788,3,,,0,100,,22789,3,,,0,100,,22790,3,,,0,100,,22791,3,,,0,100,,22792,3,,,0,100,,22793,3,,,0,100,,22794,3,,,0,105,,22795,3,,,0,100,,22796,3,,,0,100,,22797,3,,,0,100,,22798,3,,,0
8400,'259.0.2',636,,22799,3,,,0,100,,22800,3,,,0,100,,22801,3,,,0,100,,22802,3,,,0,100,,22803,3,,,0,95,,22804,3,,,0,100,,22805,3,,,0,100,,22806,3,,,0,100,,22807,3,,,0,100,,22808,3,,,0,105,,22809,3,,,0,100,,22810,3,,,0,100,,22811,3,,,0,100,,22812,3,,,0,100,,22813,3,,,0,100,,22814,3,,,0,100,,22815,3,,,0
8400,'259.0.3',541,,22846,3,,,0,70,,22816,3,,,0,30,,22817,3,,,0,70,,22818,3,,,0,30,,22819,3,,,0,70,,22820,3,,,0,30,,22821,3,,,0,100,,22822,3,,,0,100,,22823,3,,,0,100,,22824,3,,,0,100,,22825,3,,,0,100,,22826,3,,,0,100,,22827,3,,,0,70,,22828,3,,,0,15,,22829,3,,,0,15,,22830,3,,,0,15,,22831,3,,,0,55,,22832,3,,,0,15,,22833,3,,,0,15,,22834,3,,,0,15,,22835,3,,,0,55,,22836,3,,,0,15,,22837,3,,,0,15,,22838,3,,,0,15,,22847,3,,,0,55,,22839,3,,,0,100,,22840,3,,,0,100,,22841,3,,,0,100,,22842,3,,,0,100,,22843,3,,,0,103,,22844,3,,,0,103,,22845,3,,,0
9300,'259.0.3',1519,,23687,3,,,0,26,,23688,3,,,0,76,,23689,3,,,0,23,,23690,3,,,0,79,,23691,3,,,0,22,,23692,3,,,0,73,,23693,3,,,0
