2401,'259.0.1',638,,20119,46,,,0,70,,20120,46,,,0,30,,20121,46,,,0,70,,20122,46,,,0,30,,20123,46,,,0,70,,20124,46,,,0,30,,20125,46,,,0,71,,20126,46,,,0,37,,20127,46,,,0,71,,20128,46,,,0,30,,20129,46,,,0,71,,20130,46,,,0,32,,20131,46,,,0,70,,20132,46,,,0,30,,20133,46,,,0,70,,20134,46,,,0,30,,20135,46,,,0,70,,20136,46,,,0,28,,20137,46,,,0,70,,20138,46,,,0,30,,20139,46,,,0,70,,20140,46,,,0,30,,20141,46,,,0,70,,20142,46,,,0,30,,20143,46,,,0,67,,20144,46,,,0,27,,20145,46,,,0,70,,20146,46,,,0,30,,20147,46,,,0,68,,20148,46,,,0,28,,20149,46,,,0,70,,20150,46,,,0,30,,20151,46,,,0,70,,20152,46,,,0,30,,20153,46,,,0,70,,20154,46,,,0
2401,'259.0.2',636,,20155,46,,,0,70,,20156,46,,,0,30,,20157,46,,,0,70,,20158,46,,,0,30,,20159,46,,,0,70,,20160,46,,,0,30,,20161,46,,,0,72,,20162,46,,,0,36,,20163,46,,,0,70,,20164,46,,,0,30,,20165,46,,,0,70,,20166,46,,,0,30,,20167,46,,,0,70,,20168,46,,,0,31,,20169,46,,,0,70,,20170,46,,,0,30,,20171,46,,,0,70,,20172,46,,,0,30,,20173,46,,,0,70,,20174,46,,,0,30,,20175,46,,,0,70,,20176,46,,,0,30,,20177,46,,,0,70,,20178,46,,,0,30,,20179,46,,,0,68,,20180,46,,,0,28,,20181,46,,,0,69,,20182,46,,,0,28,,20183,46,,,0,70,,20184,46,,,0,30,,20185,46,,,0,70,,20186,46,,,0,30,,20187,46,,,0,70,,20188,46,,,0,30,,20189,46,,,0,70,,20190,46,,,0
2401,'259.0.3',715,,20191,46,,,0,30,,20192,46,,,0,74,,20193,46,,,0,31,,20194,46,,,0,70,,20195,46,,,0,30,,20196,46,,,0,65,,20197,46,,,0,30,,20198,46,,,0,70,,20199,46,,,0,31,,20200,46,,,0,71,,20201,46,,,0,30,,20202,46,,,0,70,,20203,46,,,0,30,,20204,46,,,0,70,,20205,46,,,0,33,,20206,46,,,0,71,,20207,46,,,0,79,,20208,46,,,0,30,,20209,46,,,0,70,,20210,46,,,0,29,,20211,46,,,0,22,,20212,46,,,0,68,,20213,46,,,0,30,,20214,46,,,0,66,,20215,46,,,0,28,,20216,46,,,0,66,,20217,46,,,0,30,,20218,46,,,0,70,,20219,46,,,0,30,,20220,46,,,0,70,,20221,46,,,0,30,,20222,46,,,0,70,,20223,46,,,0,30,,20224,46,,,0,70,,20225,46,,,0,30,,20226,46,,,0
12701,'259.0.3',1608,,23729,17,,,0,17,,23730,17,,,0,16,,23731,17,,,0,81,,23732,17,,,0,15,,23733,17,,,0,14,,23734,17,,,0,55,,23735,17,,,0
12701,'259.1141.3',1651,,23736,17,,,0,57,,23737,17,,,0
12701,'259.1143.3',1651,,23738,17,,,0,57,,23739,17,,,0
1000900,'259.0.1',710,,24530,32,,,0,100,,24531,32,,,0,100,,24532,32,,,0,101,,24533,32,,,0,100,,24534,32,,,0,96,,24535,32,,,0,103,,24536,32,,,0,100,,24537,32,,,0,100,,24538,32,,,0,100,,24539,32,,,0,100,,24540,32,,,0,100,,24541,32,,,0,100,,24542,32,,,0,100,,24543,32,,,0,100,,24544,32,,,0,100,,24545,32,,,0,100,,24546,32,,,0,100,,24547,32,,,0
1000900,'259.0.2',709,,24548,32,,,0,96,,24549,32,,,0,100,,24550,32,,,0,100,,24551,32,,,0,107,,24552,32,,,0,100,,24553,32,,,0,100,,24554,32,,,0,100,,24555,32,,,0,100,,24556,32,,,0,100,,24557,32,,,0,100,,24558,32,,,0,100,,24559,32,,,0,100,,24560,32,,,0,100,,24561,32,,,0,97,,24562,32,,,0,100,,24563,32,,,0,100,,24564,32,,,0,100,,24565,32,,,0
1000900,'259.0.3',624,,24566,32,,,0,30,,24567,32,,,0,70,,24568,32,,,0,32,,24569,32,,,0,72,,24570,32,,,0,29,,24571,32,,,0,52,,24572,32,,,0,15,,24573,32,,,0,30,,24574,32,,,0,55,,24575,32,,,0,15,,24576,32,,,0,30,,24577,32,,,0,58,,24578,32,,,0,13,,24579,32,,,0,27,,24580,32,,,0,55,,24581,32,,,0,15,,24582,32,,,0,30,,24583,32,,,0,55,,24584,32,,,0,15,,24585,32,,,0,30,,24586,32,,,0,55,,24587,32,,,0,15,,24588,32,,,0,30,,24589,32,,,0,68,,24590,32,,,0,25,,24591,32,,,0,9,,24592,32,,,0,59,,24593,32,,,0,10,,24594,32,,,0,20,,24595,32,,,0,10,,24596,32,,,0,60,,24597,32,,,0,10,,24598,32,,,0,10,,24599,32,,,0,18,,24600,32,,,0,5,,24601,32,,,0,46,,24602,32,,,0,16,,24603,32,,,0,10,,24604,32,,,0,20,,24605,32,,,0,10,,24606,32,,,0,70,,24607,32,,,0,30,,24608,32,,,0,70,,24609,32,,,0,30,,24610,32,,,0,67,,24611,32,,,0,27,,24612,32,,,0,55,,24613,32,,,0,15,,24614,32,,,0,35,,24615,32,,,0,60,,24616,32,,,0,40,,24617,32,,,0,60,,24618,32,,,0,40,,24619,32,,,0
2000900,'259.0.1',640,,25574,32,,,0,100,,25575,32,,,0,100,,25576,32,,,0,101,,25577,32,,,0,100,,25578,32,,,0,100,,25579,32,,,0,99,,25580,32,,,0,100,,25581,32,,,0,100,,25582,32,,,0,100,,25583,32,,,0,100,,25584,32,,,0,100,,25585,32,,,0,100,,25586,32,,,0,100,,25587,32,,,0,100,,25588,32,,,0,100,,25589,32,,,0,100,,25590,32,,,0,100,,25591,32,,,0,100,,25592,32,,,0
2000900,'259.0.2',640,,25593,32,,,0,97,,25594,32,,,0,98,,25595,32,,,0,100,,25596,32,,,0,107,,25597,32,,,0,100,,25598,32,,,0,100,,25599,32,,,0,100,,25600,32,,,0,100,,25601,32,,,0,100,,25602,32,,,0,100,,25603,32,,,0,100,,25604,32,,,0,100,,25605,32,,,0,100,,25606,32,,,0,97,,25607,32,,,0,100,,25608,32,,,0,100,,25609,32,,,0,100,,25610,32,,,0,100,,25611,32,,,0
2000900,'259.0.3',539,,25612,13,,,0,70,,25613,13,,,0,30,,25614,32,,,0,70,,25615,32,,,0,30,,25616,32,,,0,70,,25617,32,,,0,30,,25618,32,,,0,100,,25619,32,,,0,100,,25620,32,,,0,99,,25621,32,,,0,96,,25622,32,,,0,100,,25623,32,,,0,100,,25624,32,,,0,68,,25625,32,,,0,32,,25626,32,,,0,69,,25627,32,,,0,30,,25628,32,,,0,70,,25629,32,,,0,37,,25630,32,,,0,67,,25631,32,,,0,30,,25632,32,,,0,70,,25633,32,,,0,30,,25634,32,,,0,70,,25635,32,,,0,30,,25636,32,,,0,68,,25637,32,,,0,27,,25638,32,,,0,100,,25639,32,,,0,100,,25640,32,,,0,100,,25641,32,,,0,100,,25642,32,,,0
