13500,'259.0.3',650,,23740,30,,,0,70,,23741,30,,,0,29,,23742,30,,,0,55,,23743,30,,,0,15,,23744,30,,,0,15,,23745,30,,,0
13500,'259.1141.3',735,,23746,30,,,0
13500,'259.1143.3',735,,23747,30,,,0
13800,'259.0.3',630,,23783,37,,,0,70,,23784,37,,,0,15,,23785,37,,,0,15,,23786,37,,,0,29,,23787,37,,,0,45,,23788,37,,,0,25,,23789,37,,,0
19201,'259.0.3',640,,23937,18,,,0,70,,23932,18,,,0,30,,23933,18,,,0,70,,23934,18,,,0,30,,23935,18,,,0,70,,23936,18,,,0
19400,'259.0.3',708,,23938,14,,,0,30,,23939,14,,,0,69,,23940,14,,,0,30,,23941,14,,,0
19601,'259.0.3',712,,23950,29,,,0,29,,23951,29,,,0,65,,23952,29,,,0,34,,23953,29,,,0
1000700,'259.0.1',613,,24206,17,,,0,20,,24207,17,,,0,20,,24208,17,,,0,60,,24209,17,,,0,20,,24210,17,,,0,21,,24211,17,,,0,59,,24212,17,,,0,20,,24213,17,,,0,20,,24214,17,,,0,60,,24215,17,,,0,20,,24216,17,,,0,20,,24217,17,,,0,60,,24218,17,,,0,20,,24219,17,,,0,20,,24220,17,,,0,59,,24221,17,,,0,20,,24222,17,,,0,20,,24223,17,,,0,60,,24224,17,,,0,20,,24225,17,,,0,20,,24226,17,,,0,60,,24227,17,,,0,20,,24228,17,,,0,20,,24229,17,,,0,60,,24230,17,,,0,21,,24231,17,,,0,20,,24232,17,,,0,60,,24233,17,,,0,20,,24234,17,,,0,20,,24235,17,,,0,60,,24236,17,,,0,20,,24237,17,,,0,20,,24238,17,,,0,60,,24239,17,,,0,20,,24240,17,,,0,20,,24241,17,,,0,59,,24242,17,,,0,21,,24243,17,,,0,20,,24244,17,,,0,58,,24245,17,,,0,22,,24246,17,,,0,20,,24247,17,,,0,60,,24248,17,,,0,20,,24249,17,,,0,20,,24250,17,,,0,60,,24251,17,,,0,20,,24252,17,,,0,20,,24253,17,,,0,60,,24254,17,,,0,20,,24255,17,,,0,20,,24256,17,,,0,60,,24257,17,,,0,20,,24258,17,,,0,20,,24259,17,,,0
1000700,'259.0.2',613,,24260,17,,,0,30,,24261,17,,,0,70,,24262,17,,,0,30,,24263,17,,,0,70,,24264,17,,,0,31,,24265,17,,,0,68,,24266,17,,,0,30,,24267,17,,,0,70,,24268,17,,,0,30,,24269,17,,,0,70,,24270,17,,,0,30,,24271,17,,,0,70,,24272,17,,,0,30,,24273,17,,,0,70,,24274,17,,,0,30,,24275,17,,,0,70,,24276,17,,,0,30,,24277,17,,,0,70,,24278,17,,,0,30,,24279,17,,,0,70,,24280,17,,,0,30,,24281,17,,,0,70,,24282,17,,,0,30,,24283,17,,,0,70,,24284,17,,,0,30,,24285,17,,,0,71,,24286,17,,,0,30,,24287,17,,,0,70,,24288,17,,,0,30,,24289,17,,,0,70,,24290,17,,,0,30,,24291,17,,,0,70,,24292,17,,,0,30,,24293,17,,,0,70,,24294,17,,,0,30,,24295,17,,,0
1000700,'259.0.3',557,,24296,17,,,0,55,,24297,17,,,0,15,,24298,17,,,0,15,,24299,17,,,0,15,,24300,17,,,0,55,,24301,17,,,0,18,,24302,17,,,0,15,,24303,17,,,0,55,,24304,17,,,0,15,,24305,17,,,0,15,,24306,17,,,0,15,,24307,17,,,0,55,,24308,17,,,0,15,,24309,17,,,0,14,,24310,17,,,0,13,,24311,17,,,0,15,,24312,17,,,0,55,,24313,17,,,0,15,,24314,17,,,0,15,,24315,17,,,0,15,,24316,17,,,0,55,,24317,17,,,0,15,,24318,17,,,0,15,,24319,17,,,0,15,,24320,17,,,0,55,,24321,17,,,0,15,,24322,17,,,0,15,,24323,17,,,0,15,,24324,17,,,0,55,,24325,17,,,0,15,,24326,17,,,0,15,,24327,17,,,0,15,,24328,17,,,0,55,,24329,17,,,0,15,,24330,17,,,0,15,,24331,17,,,0,15,,24332,17,,,0,55,,24333,17,,,0,15,,24334,17,,,0,15,,24335,17,,,0,15,,24336,17,,,0,55,,24337,17,,,0,15,,24338,17,,,0,15,,24339,17,,,0,15,,24340,17,,,0,55,,24341,17,,,0,15,,24342,17,,,0,15,,24343,17,,,0,15,,24344,17,,,0,55,,24345,17,,,0,15,,24346,17,,,0,15,,24347,17,,,0,15,,24348,17,,,0,55,,24349,17,,,0,15,,24350,17,,,0,14,,24351,17,,,0,15,,24352,17,,,0,55,,24353,17,,,0,15,,24354,17,,,0,15,,24355,17,,,0,15,,24356,17,,,0,55,,24357,17,,,0,15,,24358,17,,,0,15,,24359,17,,,0,15,,24360,17,,,0,55,,24361,17,,,0,15,,24362,17,,,0,15,,24363,17,,,0,15,,24364,17,,,0,70,,24365,17,,,0,30,,24366,17,,,0,70,,24367,17,,,0
