9000,'259.0.1',608,,23385,5,,,0,25,,23386,5,,,0,70,,23387,5,,,0,30,,23388,5,,,0,70,,23389,5,,,0,25,,23390,5,,,0,30,,23391,5,,,0,70,,23392,5,,,0,25,,23393,5,,,0,70,,23394,5,,,0,30,,23395,5,,,0,70,,23396,5,,,0,30,,23397,5,,,0,67,,23398,5,,,0,30,,23399,5,,,0,70,,23400,5,,,0,30,,23401,5,,,0,70,,23402,5,,,0,30,,23403,5,,,0,70,,23404,5,,,0,30,,23405,5,,,0,73,,23406,5,,,0,30,,23407,5,,,0,70,,23408,5,,,0,30,,23409,5,,,0,70,,23410,5,,,0,30,,23411,5,,,0,70,,23412,5,,,0,30,,23413,5,,,0,105,,23414,5,,,0,100,,23415,5,,,0,100,,23416,5,,,0,100,,23417,5,,,0
9000,'259.0.2',557,,23418,5,,,0,100,,23419,5,,,0,100,,23420,5,,,0,95,,23421,5,,,0,97,,23422,5,,,0,99,,23423,5,,,0,100,,23424,5,,,0,100,,23425,5,,,0,98,,23426,5,,,0,100,,23427,5,,,0,100,,23428,5,,,0,100,,23429,5,,,0,103,,23430,5,,,0,105,,23431,5,,,0,102,,23432,5,,,0,100,,23433,5,,,0,100,,23434,5,,,0,100,,23435,5,,,0
9000,'259.0.3',551,,23469,5,,,0,55,,23468,5,,,0,15,,23436,5,,,0,15,,23470,5,,,0,15,,23437,5,,,0,55,,23471,5,,,0,15,,23438,5,,,0,15,,23472,5,,,0,20,,23439,5,,,0,70,,23440,5,,,0,25,,23441,5,,,0,71,,23442,5,,,0,29,,23443,5,,,0,70,,23444,5,,,0,30,,23445,5,,,0,67,,23446,5,,,0,31,,23447,5,,,0,70,,23448,5,,,0,30,,23449,5,,,0,70,,23450,5,,,0,30,,23451,5,,,0,70,,23452,5,,,0,15,,23473,5,,,0,15,,23453,5,,,0,55,,23474,5,,,0,15,,23454,5,,,0,15,,23475,5,,,0,15,,23455,5,,,0,55,,23476,5,,,0,15,,23480,5,,,0,15,,23477,5,,,0,15,,23456,5,,,0,55,,23478,5,,,0,15,,23457,5,,,0,15,,23479,5,,,0,14,,23458,5,,,0,75,,23459,5,,,0,30,,23460,5,,,0,70,,23461,5,,,0,30,,23462,5,,,0,70,,23463,5,,,0,100,,23464,5,,,0,100,,23465,5,,,0,100,,23466,5,,,0,100,,23467,5,,,0
13500,'259.0.3',700,,23740,35,,,0,30,,23741,35,,,0,70,,23742,35,,,0,15,,23743,35,,,0,16,,23744,35,,,0,15,,23745,35,,,0
13500,'259.1141.3',745,,23746,35,,,0
13500,'259.1143.3',745,,23747,35,,,0
13600,'259.0.3',649,,23755,37,,,0,71,,23756,37,,,0,16,,23757,37,,,0,15,,23758,37,,,0,55,,23759,37,,,0,16,,23760,37,,,0,10,,23761,37,,,0,20,,23762,37,,,0
13700,'259.0.3',655,,23775,31,,,0,70,,23771,31,,,0,21,,23776,31,,,0,10,,23772,31,,,0,70,,23773,31,,,0,30,,23774,31,,,0
13800,'259.0.3',639,,23783,42,,,0,71,,23784,42,,,0,15,,23785,42,,,0,15,,23786,42,,,0,71,,23787,42,,,0,5,,23788,42,,,0,26,,23789,42,,,0
15801,'259.0.3',738,,23801,31,,,0,72,,23804,31,,,0,29,,23802,31,,,0,69,,23803,31,,,0
15901,'259.0.3',625,,23814,31,,,0,24,,23822,31,,,0,56,,23815,31,,,0,23,,23816,31,,,0,23,,23817,31,,,0,62,,23818,31,,,0,20,,23819,31,,,0,21,,23820,31,,,0,57,,23821,31,,,0
16100,'259.0.3',629,,23823,44,,,0,30,,23824,44,,,0,74,,23825,44,,,0,73,,23826,44,,,0,31,,23827,44,,,0,69,,23828,44,,,0
16501,'259.0.3',646,,23841,32,,,0,70,,23842,32,,,0,36,,23843,32,,,0,74,,23844,32,,,0,30,,23845,32,,,0,70,,23846,32,,,0
1016801,'259.0.3',651,,25098,34,,,0,71,,25099,34,,,0,36,,25100,34,,,0,71,,25101,34,,,0,29,,25102,34,,,0,66,,25103,34,,,0
2016801,'259.0.3',638,,26121,39,,,0,70,,26122,39,,,0,35,,26123,39,,,0,74,,26124,39,,,0,29,,26125,39,,,0,70,,26126,39,,,0
