201,'244.0.1',623,,9504,39,,,0,100,,9505,39,,,0,100,,9506,39,,,0,15,,9507,39,,,0,15,,9508,39,,,0,55,,9509,39,,,0,15,,9510,39,,,0,15,,9511,39,,,0,15,,9512,39,,,0,56,,9513,39,,,0,18,,9514,39,,,0,16,,9515,39,,,0,15,,9516,39,,,0,55,,9517,39,,,0,15,,9518,39,,,0,15,,9519,39,,,0,15,,9520,39,,,0,55,,9521,39,,,0,15,,9522,39,,,0,15,,9523,39,,,0,15,,9524,39,,,0,55,,9525,39,,,0,15,,9526,39,,,0,15,,9527,39,,,0,15,,9528,39,,,0,55,,9529,39,,,0,15,,9530,39,,,0,15,,9531,39,,,0,15,,9532,39,,,0,55,,9533,39,,,0,15,,9534,39,,,0,15,,9535,39,,,0,15,,9536,39,,,0,55,,9537,39,,,0,15,,9538,39,,,0,14,,9539,39,,,0,14,,9540,39,,,0,55,,9541,39,,,0,15,,9542,39,,,0,15,,9543,39,,,0,15,,9544,39,,,0,55,,9545,39,,,0,15,,9546,39,,,0,14,,9547,39,,,0,13,,9548,39,,,0,54,,9549,39,,,0,15,,9550,39,,,0,30,,9551,39,,,0,70,,9552,39,,,0,30,,9553,39,,,0,70,,9554,39,,,0,30,,9555,39,,,0,70,,9556,39,,,0,30,,9557,39,,,0,70,,9558,39,,,0,30,,9559,39,,,0,70,,9560,39,,,0,30,,9561,39,,,0
201,'244.0.2',632,,9562,39,,,0,100,,9563,39,,,0,95,,9564,39,,,0,20,,9565,39,,,0,60,,9566,39,,,0,20,,9567,39,,,0,21,,9568,39,,,0,62,,9569,39,,,0,20,,9570,39,,,0,20,,9571,39,,,0,60,,9572,39,,,0,20,,9573,39,,,0,20,,9574,39,,,0,60,,9575,39,,,0,20,,9576,39,,,0,20,,9577,39,,,0,60,,9578,39,,,0,20,,9579,39,,,0,20,,9580,39,,,0,60,,9581,39,,,0,20,,9582,39,,,0,20,,9583,39,,,0,60,,9584,39,,,0,20,,9585,39,,,0,20,,9586,39,,,0,60,,9587,39,,,0,20,,9588,39,,,0,20,,9589,39,,,0,60,,9590,39,,,0,20,,9591,39,,,0,20,,9592,39,,,0,60,,9593,39,,,0,15,,9594,39,,,0,27,,9595,39,,,0,69,,9596,39,,,0,30,,9597,39,,,0,70,,9598,39,,,0,30,,9599,39,,,0,70,,9600,39,,,0,30,,9601,39,,,0,70,,9602,39,,,0,30,,9603,39,,,0,70,,9604,39,,,0,30,,9605,39,,,0,70,,9606,39,,,0
201,'244.0.3',554,,9607,39,,,0,70,,9608,39,,,0,30,,9609,39,,,0,55,,9610,39,,,0,15,,9611,39,,,0,22,,9612,39,,,0,58,,9613,39,,,0,15,,9614,39,,,0,15,,9615,39,,,0,15,,9616,39,,,0,55,,9617,39,,,0,13,,9618,39,,,0,14,,9619,39,,,0,15,,9620,39,,,0,55,,9621,39,,,0,15,,9622,39,,,0,15,,9623,39,,,0,15,,9624,39,,,0,55,,9625,39,,,0,15,,9626,39,,,0,15,,9627,39,,,0,15,,9628,39,,,0,55,,9629,39,,,0,15,,9630,39,,,0,15,,9631,39,,,0,15,,9632,39,,,0,55,,9633,39,,,0,15,,9634,39,,,0,15,,9635,39,,,0,15,,9636,39,,,0,55,,9637,39,,,0,15,,9638,39,,,0,15,,9639,39,,,0,15,,9640,39,,,0,55,,9641,39,,,0,15,,9642,39,,,0,16,,9643,39,,,0,17,,9644,39,,,0,56,,9645,39,,,0,15,,9646,39,,,0,15,,9647,39,,,0,15,,9648,39,,,0,55,,9649,39,,,0,15,,9650,39,,,0,15,,9651,39,,,0,13,,9652,39,,,0,52,,9653,39,,,0,14,,9654,39,,,0,15,,9655,39,,,0,15,,9656,39,,,0,15,,9657,39,,,0,67,,9658,39,,,0,30,,9659,39,,,0,70,,9660,39,,,0,30,,9661,39,,,0,70,,9662,39,,,0,30,,9663,39,,,0,70,,9664,39,,,0,30,,9665,39,,,0,70,,9666,39,,,0,30,,9667,39,,,0,70,,9668,39,,,0,30,,9669,39,,,0
501,'244.0.1',622,,10400,18,,,0,20,,10401,18,,,0,60,,10402,18,,,0,20,,10403,18,,,0,20,,10404,18,,,0,60,,10405,18,,,0,20,,10406,18,,,0,20,,10407,18,,,0,60,,10408,18,,,0,20,,10409,18,,,0,20,,10410,18,,,0,61,,10411,18,,,0,25,,10412,18,,,0,20,,10413,18,,,0,60,,10414,18,,,0,20,,10415,18,,,0,20,,10416,18,,,0,60,,10417,18,,,0,20,,10418,18,,,0,20,,10419,18,,,0,60,,10420,18,,,0,20,,10421,18,,,0,20,,10422,18,,,0,60,,10423,18,,,0,20,,10424,18,,,0,20,,10425,18,,,0,60,,10426,18,,,0,20,,10427,18,,,0,20,,10428,18,,,0,59,,10429,18,,,0,19,,10430,18,,,0,20,,10431,18,,,0,60,,10432,18,,,0,20,,10433,18,,,0,20,,10434,18,,,0,60,,10435,18,,,0,20,,10436,18,,,0,20,,10437,18,,,0,60,,10438,18,,,0,20,,10439,18,,,0,20,,10440,18,,,0,59,,10441,18,,,0,17,,10442,18,,,0,20,,10443,18,,,0,60,,10444,18,,,0,20,,10445,18,,,0,20,,10446,18,,,0,60,,10447,18,,,0,20,,10448,18,,,0,30,,10449,18,,,0,70,,10450,18,,,0,30,,10451,18,,,0,70,,10452,18,,,0,30,,10453,18,,,0
501,'244.0.2',622,,10454,18,,,0,30,,10455,18,,,0,70,,10456,18,,,0,30,,10457,18,,,0,70,,10458,18,,,0,30,,10459,18,,,0,70,,10460,18,,,0,30,,10461,18,,,0,70,,10462,18,,,0,33,,10463,18,,,0,69,,10464,18,,,0,30,,10465,18,,,0,70,,10466,18,,,0,30,,10467,18,,,0,70,,10468,18,,,0,30,,10469,18,,,0,70,,10470,18,,,0,30,,10471,18,,,0,70,,10472,18,,,0,30,,10473,18,,,0,70,,10474,18,,,0,30,,10475,18,,,0,70,,10476,18,,,0,30,,10477,18,,,0,70,,10478,18,,,0,30,,10479,18,,,0,70,,10480,18,,,0,30,,10481,18,,,0,70,,10482,18,,,0,30,,10483,18,,,0,70,,10484,18,,,0,27,,10485,18,,,0,70,,10486,18,,,0,30,,10487,18,,,0,70,,10488,18,,,0,30,,10489,18,,,0
501,'244.0.3',524,,10490,18,,,0,30,,10491,18,,,0,70,,10492,18,,,0,15,,10493,18,,,0,15,,10494,18,,,0,55,,10495,18,,,0,18,,10496,18,,,0,22,,10497,18,,,0,55,,10498,18,,,0,15,,10499,18,,,0,15,,10500,18,,,0,14,,10501,18,,,0,53,,10502,18,,,0,12,,10503,18,,,0,13,,10504,18,,,0,15,,10505,18,,,0,15,,10506,18,,,0,55,,10507,18,,,0,15,,10508,18,,,0,15,,10509,18,,,0,15,,10510,18,,,0,55,,10511,18,,,0,15,,10512,18,,,0,15,,10513,18,,,0,15,,10514,18,,,0,55,,10515,18,,,0,15,,10516,18,,,0,15,,10517,18,,,0,15,,10518,18,,,0,55,,10519,18,,,0,15,,10520,18,,,0,15,,10521,18,,,0,15,,10522,18,,,0,55,,10523,18,,,0,15,,10524,18,,,0,15,,10525,18,,,0,15,,10526,18,,,0,55,,10527,18,,,0,15,,10528,18,,,0,15,,10529,18,,,0,15,,10530,18,,,0,58,,10531,18,,,0,15,,10532,18,,,0,15,,10533,18,,,0,15,,10534,18,,,0,55,,10535,18,,,0,15,,10536,18,,,0,15,,10537,18,,,0,15,,10538,18,,,0,55,,10539,18,,,0,14,,10540,18,,,0,12,,10541,18,,,0,12,,10542,18,,,0,60,,10543,18,,,0,20,,10544,18,,,0,20,,10545,18,,,0,60,,10546,18,,,0,20,,10547,18,,,0,20,,10548,18,,,0,60,,10549,18,,,0,20,,10550,18,,,0,20,,10551,18,,,0,60,,10552,18,,,0,30,,10553,18,,,0,70,,10554,18,,,0,30,,10555,18,,,0,70,,10556,18,,,0,30,,10557,18,,,0
1001001,'244.0.3',640,,15933,3,,,0,62,,15934,3,,,0,20,,15935,3,,,0,20,,15936,3,,,0,60,,15937,3,,,0,20,,15938,3,,,0,20,,15939,3,,,0,58,,15940,3,,,0,20,,15941,3,,,0,505,,15942,3,,,0,15,,15943,3,,,0,64,,15944,3,,,0,21,,15945,3,,,0,20,,15946,3,,,0,60,,15947,3,,,0,20,,15948,3,,,0,25,,15949,3,,,0,64,,15950,3,,,0,22,,15951,3,,,0,20,,15952,3,,,0,49,,15953,3,,,0,20,,15954,3,,,0
2001001,'244.0.1',649,,16998,14,,,0,94,,16999,14,,,0,87,,17000,14,,,0,72,,17001,14,,,0,30,,17002,14,,,0,71,,17003,14,,,0,33,,17004,14,,,0,70,,17005,14,,,0,31,,17006,14,,,0,72,,17007,14,,,0,33,,17008,14,,,0,72,,17009,14,,,0,30,,17010,14,,,0,70,,17011,14,,,0,30,,17012,14,,,0,70,,17013,14,,,0,30,,17014,14,,,0,70,,17015,14,,,0,30,,17016,14,,,0,70,,17017,14,,,0,30,,17018,14,,,0,70,,17019,14,,,0,30,,17020,14,,,0,67,,17021,14,,,0,26,,17022,14,,,0,70,,17023,14,,,0,30,,17024,14,,,0,100,,17025,14,,,0,99,,17026,14,,,0,99,,17027,14,,,0,100,,17028,14,,,0
2001001,'244.0.2',643,,17029,14,,,0,92,,17030,14,,,0,90,,17031,14,,,0,32,,17032,14,,,0,70,,17033,14,,,0,32,,17034,14,,,0,72,,17035,14,,,0,72,,17036,14,,,0,31,,17037,14,,,0,70,,17038,14,,,0,30,,17039,14,,,0,70,,17040,14,,,0,30,,17041,14,,,0,70,,17042,14,,,0,32,,17043,14,,,0,71,,17044,14,,,0,30,,17045,14,,,0,70,,17046,14,,,0,30,,17047,14,,,0,69,,17048,14,,,0,30,,17049,14,,,0,70,,17050,14,,,0,30,,17051,14,,,0,101,,17052,14,,,0,100,,17053,14,,,0,100,,17054,14,,,0,100,,17055,14,,,0,100,,17056,14,,,0,100,,17057,14,,,0
2001001,'244.0.3',601,,17058,14,,,0,30,,17059,14,,,0,22,,17060,14,,,0,62,,17061,14,,,0,22,,17096,14,,,0,20,,17062,14,,,0,60,,17063,14,,,0,20,,17064,14,,,0,21,,17065,14,,,0,91,,17066,14,,,0,60,,17067,14,,,0,24,,17068,14,,,0,69,,17069,14,,,0,30,,17070,14,,,0,70,,17071,14,,,0,30,,17072,14,,,0,70,,17073,14,,,0,30,,17074,14,,,0,79,,17075,14,,,0,21,,17076,14,,,0,24,,17077,14,,,0,55,,17078,14,,,0,21,,17079,14,,,0,20,,17080,14,,,0,60,,17081,14,,,0,21,,17082,14,,,0,24,,17083,14,,,0,65,,17084,14,,,0,21,,17085,14,,,0,60,,17086,14,,,0,9,,17087,14,,,0,20,,17088,14,,,0,70,,17089,14,,,0,28,,17090,14,,,0,72,,17091,14,,,0,30,,17092,14,,,0,70,,17093,14,,,0,30,,17094,14,,,0,70,,17095,14,,,0
3001001,'244.0.1',619,,17558,22,,,0,94,,17559,22,,,0,100,,17560,22,,,0,34,,17561,22,,,0,70,,17562,22,,,0,30,,17563,22,,,0,70,,17564,22,,,0,34,,17565,22,,,0,71,,17566,22,,,0,31,,17567,22,,,0,72,,17568,22,,,0,34,,17569,22,,,0,70,,17570,22,,,0,30,,17571,22,,,0,70,,17572,22,,,0,30,,17573,22,,,0,70,,17574,22,,,0,30,,17575,22,,,0,70,,17576,22,,,0,30,,17577,22,,,0,70,,17578,22,,,0,30,,17579,22,,,0,70,,17580,22,,,0,30,,17581,22,,,0,64,,17582,22,,,0,28,,17583,22,,,0,70,,17584,22,,,0,100,,17585,22,,,0,96,,17586,22,,,0,94,,17587,22,,,0,100,,17588,22,,,0
3001001,'244.0.2',618,,17590,22,,,0,90,,17591,22,,,0,100,,17592,22,,,0,30,,17593,22,,,0,70,,17594,22,,,0,30,,17595,22,,,0,72,,17596,22,,,0,33,,17597,22,,,0,74,,17598,22,,,0,30,,17599,22,,,0,70,,17600,22,,,0,30,,17601,22,,,0,71,,17602,22,,,0,30,,17603,22,,,0,70,,17604,22,,,0,30,,17605,22,,,0,73,,17606,22,,,0,30,,17607,22,,,0,70,,17608,22,,,0,30,,17609,22,,,0,70,,17610,22,,,0,30,,17611,22,,,0,70,,17612,22,,,0,30,,17613,22,,,0,67,,17614,22,,,0,100,,17615,22,,,0,94,,17616,22,,,0,100,,17617,22,,,0,100,,17618,22,,,0
3001001,'244.0.3',546,,17620,22,,,0,70,,17621,22,,,0,30,,17622,22,,,0,64,,17623,22,,,0,22,,17624,22,,,0,20,,17625,22,,,0,58,,17626,22,,,0,19,,17627,22,,,0,20,,17628,22,,,0,58,,17629,22,,,0,32,,17630,22,,,0,20,,17631,22,,,0,60,,17632,22,,,0,28,,17633,22,,,0,70,,17634,22,,,0,30,,17635,22,,,0,70,,17636,22,,,0,30,,17637,22,,,0,70,,17638,22,,,0,30,,17639,22,,,0,70,,17640,22,,,0,30,,17641,22,,,0,70,,17642,22,,,0,21,,17643,22,,,0,20,,17644,22,,,0,60,,17645,22,,,0,21,,17646,22,,,0,67,,17647,22,,,0,23,,17648,22,,,0,20,,17649,22,,,0,60,,17650,22,,,0,18,,17651,22,,,0,16,,17652,22,,,0,57,,17653,22,,,0,14,,17654,22,,,0,13,,17655,22,,,0,19,,17656,22,,,0,79,,17657,22,,,0,30,,17658,22,,,0,70,,17659,22,,,0,30,,17660,22,,,0,70,,17661,22,,,0,27,,17662,22,,,0,64,,17663,22,,,0
