401,'259.0.1',631,,18926,36,,,0,100,,18927,36,,,0,100,,18928,36,,,0,70,,18929,36,,,0,30,,18930,36,,,0,70,,18931,36,,,0,30,,18932,36,,,0,71,,18933,36,,,0,33,,18934,36,,,0,70,,18935,36,,,0,30,,18936,36,,,0,70,,18937,36,,,0,30,,18938,36,,,0,70,,18939,36,,,0,30,,18940,36,,,0,70,,18941,36,,,0,30,,18942,36,,,0,70,,18943,36,,,0,30,,18944,36,,,0,70,,18945,36,,,0,30,,18946,36,,,0,70,,18947,36,,,0,28,,18948,36,,,0,70,,18949,36,,,0,30,,18950,36,,,0,70,,18951,36,,,0,30,,18952,36,,,0,70,,18953,36,,,0,30,,18954,36,,,0,69,,18955,36,,,0,27,,18956,36,,,0,100,,18957,36,,,0,100,,18958,36,,,0
401,'259.0.2',731,,18959,36,,,0,70,,18960,36,,,0,30,,18961,36,,,0,70,,18962,36,,,0,30,,18963,36,,,0,70,,18964,36,,,0,30,,18965,36,,,0,71,,18966,36,,,0,29,,18967,36,,,0,70,,18968,36,,,0,30,,18969,36,,,0,70,,18970,36,,,0,30,,18971,36,,,0,70,,18972,36,,,0,30,,18973,36,,,0,70,,18974,36,,,0,30,,18975,36,,,0,70,,18976,36,,,0,30,,18977,36,,,0,70,,18978,36,,,0,30,,18979,36,,,0,70,,18980,36,,,0,30,,18981,36,,,0,70,,18982,36,,,0,30,,18983,36,,,0,71,,18984,36,,,0,27,,18985,36,,,0,100,,18986,36,,,0,100,,18987,36,,,0,100,,18988,36,,,0,100,,18989,36,,,0
401,'259.0.3',610,,18990,36,,,0,15,,18991,36,,,0,15,,18992,36,,,0,15,,18993,36,,,0,59,,18994,36,,,0,20,,18995,36,,,0,8,,18996,36,,,0,8,,18997,36,,,0,8,,18998,36,,,0,48,,18999,36,,,0,8,,19000,36,,,0,8,,19001,36,,,0,8,,19002,36,,,0,8,,19003,36,,,0,8,,19004,36,,,0,8,,19005,36,,,0,48,,19006,36,,,0,8,,19007,36,,,0,7,,19008,36,,,0,6,,19009,36,,,0,8,,19010,36,,,0,8,,19011,36,,,0,8,,19012,36,,,0,8,,19013,36,,,0,48,,19014,36,,,0,8,,19015,36,,,0,8,,19016,36,,,0,8,,19017,36,,,0,8,,19018,36,,,0,11,,19019,36,,,0,55,,19020,36,,,0,15,,19021,36,,,0,15,,19022,36,,,0,15,,19023,36,,,0,55,,19024,36,,,0,15,,19025,36,,,0,15,,19026,36,,,0,15,,19027,36,,,0,55,,19028,36,,,0,15,,19029,36,,,0,15,,19030,36,,,0,15,,19031,36,,,0,55,,19032,36,,,0,15,,19033,36,,,0,15,,19034,36,,,0,15,,19035,36,,,0,55,,19036,36,,,0,15,,19037,36,,,0,17,,19038,36,,,0,18,,19039,36,,,0,55,,19040,36,,,0,15,,19041,36,,,0,15,,19042,36,,,0,15,,19043,36,,,0,55,,19044,36,,,0,15,,19045,36,,,0,15,,19046,36,,,0,15,,19047,36,,,0,53,,19048,36,,,0,12,,19049,36,,,0,11,,19050,36,,,0,15,,19051,36,,,0,15,,19052,36,,,0,60,,19053,36,,,0,20,,19054,36,,,0,20,,19055,36,,,0,60,,19056,36,,,0,20,,19057,36,,,0,20,,19058,36,,,0,60,,19059,36,,,0,20,,19060,36,,,0,20,,19061,36,,,0,59,,19062,36,,,0,28,,19063,36,,,0,70,,19064,36,,,0,30,,19065,36,,,0,70,,19066,36,,,0,30,,19067,36,,,0,70,,19068,36,,,0
1001001,'259.0.3',648,,24739,15,,,0,66,,24740,15,,,0,20,,24741,15,,,0,20,,24742,15,,,0,60,,24743,15,,,0,20,,24744,15,,,0,20,,24745,15,,,0,56,,24746,15,,,0,20,,24747,15,,,0,508,,24748,15,,,0,15,,24749,15,,,0,64,,24750,15,,,0,21,,24751,15,,,0,20,,24752,15,,,0,60,,24753,15,,,0,20,,24754,15,,,0,65,,24755,15,,,0,24,,24756,15,,,0,22,,24757,15,,,0,60,,24758,15,,,0,9,,24759,15,,,0,20,,24760,15,,,0
2001001,'259.0.1',657,,25812,26,,,0,94,,25813,26,,,0,88,,25814,26,,,0,72,,25815,26,,,0,30,,25816,26,,,0,71,,25817,26,,,0,33,,25818,26,,,0,72,,25819,26,,,0,31,,25820,26,,,0,72,,25821,26,,,0,33,,25822,26,,,0,72,,25823,26,,,0,30,,25824,26,,,0,70,,25825,26,,,0,30,,25826,26,,,0,70,,25827,26,,,0,30,,25828,26,,,0,70,,25829,26,,,0,30,,25830,26,,,0,70,,25831,26,,,0,30,,25832,26,,,0,70,,25833,26,,,0,30,,25834,26,,,0,66,,25835,26,,,0,26,,25836,26,,,0,70,,25837,26,,,0,30,,25838,26,,,0,100,,25839,26,,,0,98,,25840,26,,,0,99,,25841,26,,,0,100,,25842,26,,,0
2001001,'259.0.2',651,,25843,26,,,0,92,,25844,26,,,0,90,,25845,26,,,0,72,,25846,26,,,0,31,,25847,26,,,0,72,,25848,26,,,0,32,,25849,26,,,0,72,,25850,26,,,0,31,,25851,26,,,0,71,,25852,26,,,0,30,,25853,26,,,0,70,,25854,26,,,0,30,,25855,26,,,0,70,,25856,26,,,0,32,,25857,26,,,0,71,,25858,26,,,0,30,,25859,26,,,0,70,,25860,26,,,0,30,,25861,26,,,0,69,,25862,26,,,0,30,,25863,26,,,0,70,,25864,26,,,0,29,,25865,26,,,0,101,,25866,26,,,0,100,,25867,26,,,0,100,,25868,26,,,0,100,,25869,26,,,0,100,,25870,26,,,0,100,,25871,26,,,0
2001001,'259.0.3',609,,25872,26,,,0,30,,25873,26,,,0,65,,25874,26,,,0,23,,25875,26,,,0,22,,25910,26,,,0,60,,25876,26,,,0,20,,25877,26,,,0,20,,25878,26,,,0,60,,25879,26,,,0,50,,25880,26,,,0,60,,25881,26,,,0,24,,25882,26,,,0,71,,25883,26,,,0,31,,25884,26,,,0,70,,25885,26,,,0,30,,25886,26,,,0,70,,25887,26,,,0,30,,25888,26,,,0,79,,25889,26,,,0,21,,25890,26,,,0,64,,25891,26,,,0,15,,25892,26,,,0,21,,25893,26,,,0,60,,25894,26,,,0,20,,25895,26,,,0,21,,25896,26,,,0,64,,25897,26,,,0,25,,25898,26,,,0,21,,25899,26,,,0,60,,25900,26,,,0,9,,25901,26,,,0,20,,25902,26,,,0,70,,25903,26,,,0,25,,25904,26,,,0,72,,25905,26,,,0,30,,25906,26,,,0,70,,25907,26,,,0,30,,25908,26,,,0,70,,25909,26,,,0
3001001,'259.0.1',627,,26385,34,,,0,94,,26386,34,,,0,100,,26387,34,,,0,35,,26388,34,,,0,70,,26389,34,,,0,30,,26390,34,,,0,70,,26391,34,,,0,74,,26392,34,,,0,33,,26393,34,,,0,71,,26394,34,,,0,32,,26395,34,,,0,74,,26396,34,,,0,30,,26397,34,,,0,70,,26398,34,,,0,30,,26399,34,,,0,70,,26400,34,,,0,30,,26401,34,,,0,70,,26402,34,,,0,30,,26403,34,,,0,70,,26404,34,,,0,30,,26405,34,,,0,70,,26406,34,,,0,30,,26407,34,,,0,69,,26408,34,,,0,24,,26409,34,,,0,68,,26410,34,,,0,30,,26411,34,,,0,100,,26412,34,,,0,96,,26413,34,,,0,93,,26414,34,,,0,100,,26415,34,,,0
3001001,'259.0.2',626,,26417,34,,,0,90,,26418,34,,,0,100,,26419,34,,,0,30,,26420,34,,,0,70,,26421,34,,,0,30,,26422,34,,,0,73,,26423,34,,,0,33,,26424,34,,,0,74,,26425,34,,,0,30,,26426,34,,,0,71,,26427,34,,,0,30,,26428,34,,,0,71,,26429,34,,,0,30,,26430,34,,,0,70,,26431,34,,,0,30,,26432,34,,,0,73,,26433,34,,,0,70,,26434,34,,,0,30,,26435,34,,,0,70,,26436,34,,,0,30,,26437,34,,,0,70,,26438,34,,,0,30,,26439,34,,,0,69,,26440,34,,,0,27,,26441,34,,,0,100,,26442,34,,,0,94,,26443,34,,,0,100,,26444,34,,,0,100,,26445,34,,,0
3001001,'259.0.3',554,,26447,34,,,0,70,,26448,34,,,0,33,,26449,34,,,0,65,,26450,34,,,0,22,,26451,34,,,0,60,,26452,34,,,0,18,,26453,34,,,0,19,,26454,34,,,0,60,,26455,34,,,0,16,,26456,34,,,0,32,,26457,34,,,0,60,,26458,34,,,0,20,,26459,34,,,0,28,,26460,34,,,0,73,,26461,34,,,0,70,,26462,34,,,0,30,,26463,34,,,0,70,,26464,34,,,0,30,,26465,34,,,0,70,,26466,34,,,0,30,,26467,34,,,0,70,,26468,34,,,0,30,,26469,34,,,0,21,,26470,34,,,0,60,,26471,34,,,0,20,,26472,34,,,0,21,,26473,34,,,0,67,,26474,34,,,0,23,,26475,34,,,0,60,,26476,34,,,0,20,,26477,34,,,0,18,,26478,34,,,0,16,,26479,34,,,0,57,,26480,34,,,0,12,,26481,34,,,0,12,,26482,34,,,0,19,,26483,34,,,0,79,,26484,34,,,0,70,,26485,34,,,0,30,,26486,34,,,0,70,,26487,34,,,0,30,,26488,34,,,0,68,,26489,34,,,0,24,,26490,34,,,0
