8201,'244.0.1',642,,13803,7,,,0,100,,13804,7,,,0,100,,13805,7,,,0,100,,13806,7,,,0,100,,13807,7,,,0,100,,13808,7,,,0,100,,13809,7,,,0,100,,13810,7,,,0,100,,13811,7,,,0,100,,13812,7,,,0,100,,13813,7,,,0,100,,13814,7,,,0,100,,13815,7,,,0,100,,13816,7,,,0,100,,13817,7,,,0,100,,13818,7,,,0,100,,13819,7,,,0
8201,'244.0.2',643,,13820,7,,,0,100,,13821,7,,,0,100,,13822,7,,,0,100,,13823,7,,,0,100,,13824,7,,,0,100,,13825,7,,,0,100,,13826,7,,,0,100,,13827,7,,,0,100,,13828,7,,,0,100,,13829,7,,,0,100,,13830,7,,,0,100,,13831,7,,,0,100,,13832,7,,,0,100,,13833,7,,,0,100,,13834,7,,,0,100,,13835,7,,,0
8201,'244.0.3',848,,13836,7,,,0,100,,13837,7,,,0,100,,13838,7,,,0,100,,13839,7,,,0,100,,13840,7,,,0,100,,13841,7,,,0,100,,13842,7,,,0,99,,13843,7,,,0,67,,13844,7,,,0,30,,13845,7,,,0,70,,13846,7,,,0,30,,13847,7,,,0,70,,13848,7,,,0,35,,13849,7,,,0,100,,13850,7,,,0,100,,13851,7,,,0,100,,13852,7,,,0,100,,13853,7,,,0
8401,'244.0.1',603,,14021,7,,,0,100,,14022,7,,,0,100,,14023,7,,,0,100,,14024,7,,,0,101,,14025,7,,,0,100,,14026,7,,,0,100,,14027,7,,,0,100,,14028,7,,,0,100,,14029,7,,,0,100,,14030,7,,,0,100,,14031,7,,,0,100,,14032,7,,,0,100,,14033,7,,,0,100,,14034,7,,,0,99,,14035,7,,,0,100,,14036,7,,,0,100,,14037,7,,,0
8401,'244.0.2',608,,14038,7,,,0,100,,14039,7,,,0,100,,14040,7,,,0,101,,14041,7,,,0,100,,14042,7,,,0,100,,14043,7,,,0,100,,14044,7,,,0,100,,14045,7,,,0,100,,14046,7,,,0,100,,14047,7,,,0,100,,14048,7,,,0,100,,14049,7,,,0,99,,14050,7,,,0,100,,14051,7,,,0,100,,14052,7,,,0,100,,14053,7,,,0,100,,14054,7,,,0
8401,'244.0.3',509,,14055,7,,,0,30,,14056,7,,,0,70,,14057,7,,,0,15,,14058,7,,,0,15,,14086,7,,,0,15,,14059,7,,,0,55,,14060,7,,,0,15,,14061,7,,,0,15,,14062,7,,,0,15,,14063,7,,,0,55,,14064,7,,,0,15,,14065,7,,,0,15,,14066,7,,,0,15,,14087,7,,,0,55,,14067,7,,,0,100,,14068,7,,,0,100,,14069,7,,,0,100,,14070,7,,,0,100,,14071,7,,,0,100,,14072,7,,,0,100,,14073,7,,,0,30,,14074,7,,,0,70,,14075,7,,,0,30,,14076,7,,,0,70,,14077,7,,,0,30,,14078,7,,,0,70,,14079,7,,,0,100,,14080,7,,,0,99,,14081,7,,,0,100,,14082,7,,,0,100,,14083,7,,,0,100,,14084,7,,,0,100,,14085,7,,,0
8600,'244.0.1',615,,14204,7,,,0,100,,14205,7,,,0,100,,14206,7,,,0,100,,14207,7,,,0,100,,14208,7,,,0,100,,14209,7,,,0,100,,14210,7,,,0,100,,14211,7,,,0,100,,14212,7,,,0,100,,14213,7,,,0,100,,14214,7,,,0,101,,14215,7,,,0,100,,14216,7,,,0,100,,14217,7,,,0,100,,14218,7,,,0,100,,14219,7,,,0,100,,14220,7,,,0
8600,'244.0.2',621,,14221,7,,,0,100,,14222,7,,,0,100,,14223,7,,,0,100,,14224,7,,,0,100,,14225,7,,,0,100,,14226,7,,,0,100,,14227,7,,,0,100,,14228,7,,,0,100,,14229,7,,,0,100,,14230,7,,,0,100,,14231,7,,,0,100,,14232,7,,,0,100,,14233,7,,,0,100,,14234,7,,,0,100,,14235,7,,,0,100,,14236,7,,,0
8600,'244.0.3',534,,14237,7,,,0,68,,14238,7,,,0,30,,14239,7,,,0,69,,14240,7,,,0,29,,14241,7,,,0,28,,14242,7,,,0,65,,14243,7,,,0,100,,14244,7,,,0,100,,14245,7,,,0,100,,14246,7,,,0,100,,14247,7,,,0,100,,14248,7,,,0,100,,14249,7,,,0,100,,14250,7,,,0,420,,14251,7,,,0,100,,14252,7,,,0,100,,14253,7,,,0,100,,14254,7,,,0
18201,'244.0.3',525,,15035,7,,,0,15,,15036,7,,,0,15,,15037,7,,,0,55,,15038,7,,,0,15,,15039,7,,,0,13,,15040,7,,,0,14,,15041,7,,,0,55,,15047,7,,,0,15,,15042,7,,,0,15,,15043,7,,,0,15,,15044,7,,,0,55,,15046,7,,,0,15,,15045,7,,,0
18600,'244.0.3',1556,,15087,16,,,0,75,,15088,16,,,0,74,,15089,16,,,0,29,,15092,16,,,0,22,,15090,16,,,0,66,,15091,16,,,0
