800,'244.0.1',605,,10559,32,,,0,30,,10560,32,,,0,70,,10561,32,,,0,30,,10562,32,,,0,70,,10563,32,,,0,23,,10564,32,,,0,22,,10565,32,,,0,70,,10566,32,,,0,30,,10567,32,,,0,70,,10568,32,,,0,31,,10569,32,,,0,69,,10570,32,,,0,30,,10571,32,,,0,70,,10572,32,,,0,30,,10573,32,,,0,70,,10574,32,,,0,30,,10575,32,,,0,70,,10576,32,,,0,32,,10577,32,,,0,70,,10578,32,,,0,30,,10579,32,,,0,70,,10580,32,,,0,30,,10581,32,,,0,70,,10582,32,,,0,30,,10583,32,,,0,70,,10584,32,,,0,30,,10585,32,,,0,70,,10586,32,,,0,30,,10587,32,,,0,70,,10588,32,,,0,30,,10589,32,,,0,70,,10590,32,,,0,30,,10591,32,,,0,70,,10592,32,,,0,26,,10593,32,,,0,69,,10594,32,,,0,30,,10595,32,,,0,100,,10596,32,,,0
800,'244.0.2',623,,10597,32,,,0,30,,10598,32,,,0,70,,10599,32,,,0,30,,10600,32,,,0,70,,10601,32,,,0,30,,10602,32,,,0,70,,10603,32,,,0,30,,10604,32,,,0,70,,10605,32,,,0,34,,10606,32,,,0,70,,10607,32,,,0,25,,10608,32,,,0,71,,10609,32,,,0,32,,10610,32,,,0,70,,10611,32,,,0,30,,10612,32,,,0,70,,10613,32,,,0,30,,10614,32,,,0,70,,10615,32,,,0,30,,10616,32,,,0,70,,10617,32,,,0,75,,10618,32,,,0,29,,10619,32,,,0,30,,10620,32,,,0,70,,10621,32,,,0,29,,10622,32,,,0,68,,10623,32,,,0,30,,10624,32,,,0,68,,10625,32,,,0,29,,10626,32,,,0,70,,10627,32,,,0,30,,10628,32,,,0,70,,10629,32,,,0,30,,10630,32,,,0,100,,10631,32,,,0,100,,10632,32,,,0
800,'244.0.3',553,,10635,32,,,0,70,,10636,32,,,0,30,,10637,32,,,0,77,,10638,32,,,0,72,,10639,32,,,0,31,,10640,32,,,0,70,,10641,32,,,0,30,,10642,32,,,0,70,,10643,32,,,0,20,,10644,32,,,0,20,,10645,32,,,0,60,,10646,32,,,0,20,,10647,32,,,0,20,,10648,32,,,0,60,,10649,32,,,0,20,,10650,32,,,0,20,,10651,32,,,0,60,,10652,32,,,0,20,,10653,32,,,0,20,,10654,32,,,0,60,,10655,32,,,0,20,,10656,32,,,0,20,,10657,32,,,0,60,,10658,32,,,0,29,,10659,32,,,0,24,,10660,32,,,0,60,,10661,32,,,0,20,,10662,32,,,0,20,,10663,32,,,0,60,,10664,32,,,0,20,,10665,32,,,0,20,,10666,32,,,0,58,,10667,32,,,0,26,,10668,32,,,0,10,,10683,32,,,0,50,,10669,32,,,0,30,,10670,32,,,0,70,,10671,32,,,0,30,,10672,32,,,0,70,,10673,32,,,0,28,,10674,32,,,0,29,,10675,32,,,0,70,,10676,32,,,0,30,,10677,32,,,0,70,,10678,32,,,0,30,,10679,32,,,0,70,,10680,32,,,0,30,,10681,32,,,0,70,,10682,32,,,0
3901,'244.0.1',630,,12000,14,,,0,70,,12001,14,,,0,30,,12002,14,,,0,70,,12003,14,,,0,31,,12004,14,,,0,71,,12005,14,,,0,30,,12006,14,,,0,70,,12007,14,,,0,30,,12008,14,,,0,70,,12009,14,,,0,30,,12010,14,,,0,70,,12011,14,,,0,30,,12012,14,,,0,70,,12013,14,,,0,30,,12014,14,,,0,70,,12015,14,,,0,30,,12016,14,,,0,70,,12017,14,,,0,30,,12018,14,,,0,70,,12019,14,,,0,30,,12020,14,,,0,70,,12021,14,,,0,30,,12022,14,,,0,70,,12023,14,,,0,30,,12024,14,,,0,70,,12025,14,,,0,30,,12026,14,,,0,70,,12027,14,,,0,30,,12028,14,,,0,70,,12029,14,,,0,30,,12030,14,,,0,70,,12031,14,,,0,30,,12032,14,,,0,70,,12033,14,,,0,30,,12034,14,,,0
3901,'244.0.2',700,,12035,14,,,0,100,,12036,14,,,0,100,,12037,14,,,0,101,,12038,14,,,0,101,,12039,14,,,0,100,,12040,14,,,0,100,,12041,14,,,0,100,,12042,14,,,0,100,,12043,14,,,0,100,,12044,14,,,0,100,,12045,14,,,0,100,,12046,14,,,0,100,,12047,14,,,0,100,,12048,14,,,0,100,,12049,14,,,0,100,,12050,14,,,0
3901,'244.0.3',614,,12051,14,,,0,30,,12052,14,,,0,71,,12053,14,,,0,30,,12054,14,,,0,70,,12055,14,,,0,30,,12056,14,,,0,70,,12057,14,,,0,30,,12058,14,,,0,70,,12059,14,,,0,30,,12060,14,,,0,70,,12061,14,,,0,30,,12062,14,,,0,70,,12063,14,,,0,30,,12064,14,,,0,70,,12065,14,,,0,30,,12066,14,,,0,70,,12067,14,,,0,30,,12068,14,,,0,70,,12069,14,,,0,35,,12070,14,,,0,70,,12071,14,,,0,30,,12072,14,,,0,70,,12073,14,,,0,30,,12074,14,,,0,65,,12075,14,,,0,100,,12076,14,,,0,100,,12077,14,,,0,100,,12078,14,,,0,100,,12079,14,,,0,100,,12080,14,,,0
9000,'244.0.1',629,,14558,25,,,0,25,,14559,25,,,0,70,,14560,25,,,0,30,,14561,25,,,0,70,,14562,25,,,0,25,,14563,25,,,0,70,,14564,25,,,0,30,,14565,25,,,0,65,,14566,25,,,0,33,,14567,25,,,0,70,,14568,25,,,0,30,,14569,25,,,0,70,,14570,25,,,0,27,,14571,25,,,0,70,,14572,25,,,0,30,,14573,25,,,0,70,,14574,25,,,0,30,,14575,25,,,0,70,,14576,25,,,0,30,,14577,25,,,0,70,,14578,25,,,0,33,,14579,25,,,0,70,,14580,25,,,0,30,,14581,25,,,0,70,,14582,25,,,0,30,,14583,25,,,0,70,,14584,25,,,0,30,,14585,25,,,0,70,,14586,25,,,0,104,,14587,25,,,0,100,,14588,25,,,0,100,,14589,25,,,0,100,,14590,25,,,0
9000,'244.0.2',617,,14591,25,,,0,100,,14592,25,,,0,100,,14593,25,,,0,95,,14594,25,,,0,97,,14595,25,,,0,100,,14596,25,,,0,102,,14597,25,,,0,100,,14598,25,,,0,98,,14599,25,,,0,100,,14600,25,,,0,100,,14601,25,,,0,100,,14602,25,,,0,103,,14603,25,,,0,104,,14604,25,,,0,101,,14605,25,,,0,100,,14606,25,,,0,100,,14607,25,,,0,100,,14608,25,,,0
9000,'244.0.3',614,,14642,25,,,0,15,,14641,25,,,0,15,,14609,25,,,0,15,,14643,25,,,0,55,,14610,25,,,0,15,,14644,25,,,0,15,,14611,25,,,0,15,,14645,25,,,0,60,,14612,25,,,0,30,,14613,25,,,0,65,,14614,25,,,0,31,,14615,25,,,0,69,,14616,25,,,0,30,,14617,25,,,0,70,,14618,25,,,0,27,,14619,25,,,0,71,,14620,25,,,0,30,,14621,25,,,0,70,,14622,25,,,0,30,,14623,25,,,0,70,,14624,25,,,0,35,,14625,25,,,0,57,,14646,25,,,0,15,,14626,25,,,0,15,,14647,25,,,0,15,,14627,25,,,0,55,,14648,25,,,0,15,,14628,25,,,0,15,,14649,25,,,0,15,,14653,25,,,0,55,,14650,25,,,0,15,,14629,25,,,0,15,,14651,25,,,0,15,,14630,25,,,0,10,,14652,25,,,0,52,,14631,25,,,0,35,,14632,25,,,0,70,,14633,25,,,0,30,,14634,25,,,0,70,,14635,25,,,0,30,,14636,25,,,0,100,,14637,25,,,0,97,,14638,25,,,0,100,,14639,25,,,0,100,,14640,25,,,0
9100,'244.0.1',721,,14751,12,,,0,100,,14752,12,,,0,100,,14753,12,,,0,100,,14754,12,,,0,100,,14755,12,,,0,100,,14756,12,,,0,100,,14757,12,,,0,100,,14758,12,,,0,100,,14759,12,,,0,100,,14760,12,,,0,100,,14761,12,,,0,100,,14762,12,,,0,100,,14763,12,,,0,100,,14764,12,,,0,100,,14765,12,,,0,100,,14766,12,,,0
9100,'244.0.2',750,,14767,12,,,0,100,,14768,12,,,0,100,,14769,12,,,0,100,,14770,12,,,0,100,,14771,12,,,0,100,,14772,12,,,0,100,,14773,12,,,0,100,,14774,12,,,0,100,,14775,12,,,0,100,,14776,12,,,0,100,,14777,12,,,0,100,,14778,12,,,0,100,,14779,12,,,0,100,,14780,12,,,0,100,,14781,12,,,0
9100,'244.0.3',631,,14782,12,,,0,24,,14783,12,,,0,67,,14784,12,,,0,36,,14785,12,,,0,69,,14786,12,,,0,31,,14787,12,,,0,100,,14788,12,,,0,143,,14789,12,,,0,100,,14790,12,,,0,99,,14791,12,,,0,100,,14792,12,,,0,101,,14793,12,,,0,30,,14794,12,,,0,70,,14795,12,,,0,30,,14796,12,,,0,70,,14797,12,,,0,30,,14798,12,,,0,71,,14799,12,,,0,30,,14800,12,,,0,97,,14801,12,,,0,100,,14802,12,,,0,100,,14803,12,,,0,100,,14804,12,,,0
9300,'244.0.3',1538,,14860,19,,,0,66,,14861,19,,,0,41,,14862,19,,,0,63,,14863,19,,,0,35,,14864,19,,,0,60,,14865,19,,,0,30,,14866,19,,,0
13500,'244.0.3',622,,14913,1,,,0,30,,14914,1,,,0,66,,14915,1,,,0,14,,14916,1,,,0,15,,14917,1,,,0,55,,14918,1,,,0
13500,'244.1141.3',705,,14919,1,,,0
13500,'244.1143.3',705,,14920,1,,,0
