500,'244.0.1',644,,10242,13,,,0,60,,10243,13,,,0,20,,10244,13,,,0,20,,10245,13,,,0,60,,10246,13,,,0,20,,10247,13,,,0,21,,10248,13,,,0,61,,10249,13,,,0,20,,10250,13,,,0,20,,10251,13,,,0,60,,10252,13,,,0,20,,10253,13,,,0,20,,10254,13,,,0,61,,10255,13,,,0,20,,10256,13,,,0,20,,10257,13,,,0,60,,10258,13,,,0,20,,10259,13,,,0,20,,10260,13,,,0,60,,10261,13,,,0,20,,10262,13,,,0,20,,10263,13,,,0,60,,10264,13,,,0,20,,10265,13,,,0,20,,10266,13,,,0,59,,10267,13,,,0,20,,10268,13,,,0,20,,10269,13,,,0,60,,10270,13,,,0,20,,10271,13,,,0,20,,10272,13,,,0,60,,10273,13,,,0,20,,10274,13,,,0,20,,10275,13,,,0,60,,10276,13,,,0,20,,10277,13,,,0,20,,10278,13,,,0,60,,10279,13,,,0,20,,10280,13,,,0,20,,10281,13,,,0,60,,10282,13,,,0,20,,10283,13,,,0,20,,10284,13,,,0,60,,10285,13,,,0,20,,10286,13,,,0,20,,10287,13,,,0,60,,10288,13,,,0,20,,10289,13,,,0,30,,10290,13,,,0,70,,10291,13,,,0,30,,10292,13,,,0,70,,10293,13,,,0,30,,10294,13,,,0,70,,10295,13,,,0
500,'244.0.2',644,,10296,13,,,0,70,,10297,13,,,0,30,,10298,13,,,0,70,,10299,13,,,0,30,,10300,13,,,0,70,,10301,13,,,0,30,,10302,13,,,0,72,,10303,13,,,0,30,,10304,13,,,0,70,,10305,13,,,0,30,,10306,13,,,0,70,,10307,13,,,0,30,,10308,13,,,0,70,,10309,13,,,0,30,,10310,13,,,0,70,,10311,13,,,0,30,,10312,13,,,0,70,,10313,13,,,0,30,,10314,13,,,0,70,,10315,13,,,0,30,,10316,13,,,0,70,,10317,13,,,0,30,,10318,13,,,0,70,,10319,13,,,0,30,,10320,13,,,0,70,,10321,13,,,0,30,,10322,13,,,0,70,,10323,13,,,0,30,,10324,13,,,0,69,,10325,13,,,0,30,,10326,13,,,0,70,,10327,13,,,0,30,,10328,13,,,0,70,,10329,13,,,0,30,,10330,13,,,0,70,,10331,13,,,0
500,'244.0.3',544,,10332,13,,,0,70,,10333,13,,,0,15,,10334,13,,,0,15,,10335,13,,,0,15,,10336,13,,,0,55,,10337,13,,,0,15,,10338,13,,,0,15,,10339,13,,,0,15,,10340,13,,,0,55,,10341,13,,,0,15,,10342,13,,,0,15,,10343,13,,,0,56,,10344,13,,,0,16,,10345,13,,,0,15,,10346,13,,,0,15,,10347,13,,,0,55,,10348,13,,,0,15,,10349,13,,,0,15,,10350,13,,,0,15,,10351,13,,,0,55,,10352,13,,,0,17,,10353,13,,,0,15,,10354,13,,,0,15,,10355,13,,,0,55,,10356,13,,,0,15,,10357,13,,,0,15,,10358,13,,,0,15,,10359,13,,,0,55,,10360,13,,,0,15,,10361,13,,,0,15,,10362,13,,,0,15,,10363,13,,,0,55,,10364,13,,,0,15,,10365,13,,,0,15,,10366,13,,,0,15,,10367,13,,,0,55,,10368,13,,,0,14,,10369,13,,,0,15,,10370,13,,,0,15,,10371,13,,,0,55,,10372,13,,,0,15,,10373,13,,,0,15,,10374,13,,,0,15,,10375,13,,,0,55,,10376,13,,,0,15,,10377,13,,,0,15,,10378,13,,,0,15,,10379,13,,,0,55,,10380,13,,,0,15,,10381,13,,,0,15,,10382,13,,,0,15,,10383,13,,,0,60,,10384,13,,,0,15,,10385,13,,,0,20,,10386,13,,,0,60,,10387,13,,,0,19,,10388,13,,,0,20,,10389,13,,,0,60,,10390,13,,,0,20,,10391,13,,,0,20,,10392,13,,,0,60,,10393,13,,,0,35,,10394,13,,,0,70,,10395,13,,,0,30,,10396,13,,,0,70,,10397,13,,,0,30,,10398,13,,,0,70,,10399,13,,,0
1000601,'244.0.3',537,,15372,5,,,0,70,,15373,5,,,0,30,,15374,5,,,0,70,,15375,5,,,0,30,,15376,5,,,0,70,,15377,5,,,0,30,,15378,5,,,0,70,,15379,5,,,0,15,,15380,5,,,0,30,,15381,5,,,0,70,,15382,5,,,0,30,,15383,5,,,0,70,,15384,5,,,0,30,,15385,5,,,0,70,,15386,5,,,0,30,,15387,5,,,0,70,,15388,5,,,0,30,,15389,5,,,0,70,,15390,5,,,0,30,,15391,5,,,0,55,,15392,5,,,0,30,,15393,5,,,0,70,,15394,5,,,0,30,,15395,5,,,0,70,,15396,5,,,0,30,,15397,5,,,0,70,,15398,5,,,0,30,,15399,5,,,0
2000601,'244.0.1',604,,16367,5,,,0,100,,16368,5,,,0,100,,16369,5,,,0,100,,16370,5,,,0,101,,16371,5,,,0,100,,16372,5,,,0,100,,16373,5,,,0,100,,16374,5,,,0,100,,16375,5,,,0,100,,16376,5,,,0,100,,16377,5,,,0,99,,16378,5,,,0,100,,16379,5,,,0,100,,16380,5,,,0,100,,16381,5,,,0,100,,16382,5,,,0,100,,16383,5,,,0,100,,16384,5,,,0,100,,16385,5,,,0
2000601,'244.0.2',604,,16387,5,,,0,100,,16388,5,,,0,100,,16389,5,,,0,101,,16390,5,,,0,100,,16391,5,,,0,100,,16392,5,,,0,100,,16393,5,,,0,100,,16394,5,,,0,100,,16395,5,,,0,100,,16396,5,,,0,100,,16397,5,,,0,100,,16398,5,,,0,100,,16399,5,,,0,99,,16400,5,,,0,100,,16401,5,,,0,100,,16402,5,,,0,100,,16403,5,,,0,100,,16404,5,,,0,100,,16405,5,,,0
2000601,'244.0.3',544,,16408,5,,,0,70,,16409,5,,,0,30,,16410,5,,,0,70,,16411,5,,,0,30,,16412,5,,,0,70,,16413,5,,,0,31,,16414,5,,,0,65,,16415,5,,,0,100,,16416,5,,,0,100,,16417,5,,,0,100,,16418,5,,,0,100,,16419,5,,,0,100,,16420,5,,,0,104,,16421,5,,,0,30,,16422,5,,,0,70,,16423,5,,,0,30,,16424,5,,,0,69,,16425,5,,,0,30,,16426,5,,,0,70,,16427,5,,,0,100,,16428,5,,,0,100,,16429,5,,,0,100,,16430,5,,,0,100,,16431,5,,,0,100,,16432,5,,,0,100,,16433,5,,,0
3000601,'244.0.1',634,,17381,5,,,0,100,,17382,5,,,0,100,,17383,5,,,0,100,,17384,5,,,0,100,,17385,5,,,0,100,,17386,5,,,0,101,,17387,5,,,0,100,,17388,5,,,0,100,,17389,5,,,0,100,,17390,5,,,0,100,,17391,5,,,0,100,,17392,5,,,0,99,,17393,5,,,0,100,,17394,5,,,0,100,,17395,5,,,0,100,,17396,5,,,0,100,,17397,5,,,0,100,,17398,5,,,0,100,,17399,5,,,0
3000601,'244.0.2',634,,17401,5,,,0,100,,17402,5,,,0,100,,17403,5,,,0,100,,17404,5,,,0,101,,17405,5,,,0,100,,17406,5,,,0,100,,17407,5,,,0,100,,17408,5,,,0,100,,17409,5,,,0,100,,17410,5,,,0,100,,17411,5,,,0,100,,17412,5,,,0,100,,17413,5,,,0,100,,17414,5,,,0,99,,17415,5,,,0,100,,17416,5,,,0,100,,17417,5,,,0,100,,17418,5,,,0,100,,17419,5,,,0
3000601,'244.0.3',559,,17421,5,,,0,70,,17422,5,,,0,30,,17423,5,,,0,70,,17424,5,,,0,30,,17425,5,,,0,70,,17426,5,,,0,30,,17427,5,,,0,80,,17428,5,,,0,100,,17429,5,,,0,100,,17430,5,,,0,101,,17431,5,,,0,100,,17432,5,,,0,100,,17433,5,,,0,89,,17434,5,,,0,30,,17435,5,,,0,70,,17436,5,,,0,30,,17437,5,,,0,70,,17438,5,,,0,29,,17439,5,,,0,70,,17440,5,,,0,116,,17441,5,,,0,100,,17442,5,,,0,100,,17443,5,,,0,100,,17444,5,,,0,100,,17445,5,,,0,100,,17446,5,,,0
