5801,'259.0.1',613,,21552,20,,,0,100,,21553,20,,,0,100,,21554,20,,,0,100,,21555,20,,,0,100,,21556,20,,,0,100,,21557,20,,,0,100,,21558,20,,,0,100,,21559,20,,,0,100,,21560,20,,,0,100,,21561,20,,,0,100,,21562,20,,,0,100,,21563,20,,,0,100,,21564,20,,,0,100,,21565,20,,,0,100,,21566,20,,,0,100,,21567,20,,,0,100,,21568,20,,,0
5801,'259.0.2',713,,21569,20,,,0,100,,21570,20,,,0,100,,21571,20,,,0,100,,21572,20,,,0,100,,21573,20,,,0,100,,21574,20,,,0,100,,21575,20,,,0,100,,21576,20,,,0,100,,21577,20,,,0,100,,21578,20,,,0,100,,21579,20,,,0,100,,21580,20,,,0,100,,21581,20,,,0,100,,21582,20,,,0,100,,21583,20,,,0,100,,21584,20,,,0
5801,'259.0.3',608,,21585,20,,,0,30,,21586,20,,,0,280,,21587,20,,,0,100,,21588,20,,,0,100,,21589,20,,,0,100,,21590,20,,,0,100,,21591,20,,,0,100,,21592,20,,,0,100,,21593,20,,,0,30,,21594,20,,,0,70,,21595,20,,,0,30,,21596,20,,,0,70,,21597,20,,,0,100,,21598,20,,,0,100,,21599,20,,,0,100,,21600,20,,,0,100,,21601,20,,,0,100,,21602,20,,,0,100,,21603,20,,,0
6301,'259.0.1',750,,21984,30,,,0,100,,21985,30,,,0,100,,21986,30,,,0,100,,21987,30,,,0,100,,21988,30,,,0,100,,21989,30,,,0,100,,21990,30,,,0,100,,21991,30,,,0,100,,21992,30,,,0,100,,21993,30,,,0,100,,21994,30,,,0,100,,21995,30,,,0,97,,21996,30,,,0,100,,21997,30,,,0,100,,21998,30,,,0,100,,21999,30,,,0
6301,'259.0.2',719,,22000,30,,,0,100,,22001,30,,,0,100,,22002,30,,,0,100,,22003,30,,,0,100,,22004,30,,,0,100,,22005,30,,,0,100,,22006,30,,,0,100,,22007,30,,,0,98,,22008,30,,,0,100,,22009,30,,,0,100,,22010,30,,,0,100,,22011,30,,,0,100,,22012,30,,,0,100,,22013,30,,,0,100,,22014,30,,,0
6301,'259.0.3',641,,22015,30,,,0,70,,22016,30,,,0,30,,22017,30,,,0,70,,22018,30,,,0,30,,22019,30,,,0,70,,22020,30,,,0,30,,22021,30,,,0,16,,22022,30,,,0,100,,22023,30,,,0,100,,22024,30,,,0,100,,22025,30,,,0,100,,22026,30,,,0,100,,22027,30,,,0,155,,22028,30,,,0,30,,22029,30,,,0,68,,22030,30,,,0,30,,22031,30,,,0,70,,22032,30,,,0,30,,22033,30,,,0,70,,22034,30,,,0,100,,22035,30,,,0,100,,22036,30,,,0,100,,22037,30,,,0,100,,22038,30,,,0
6700,'259.0.1',804,,22207,13,,,0,100,,22208,13,,,0,104,,22209,13,,,0,102,,22210,13,,,0,100,,22211,13,,,0,100,,22212,13,,,0,100,,22213,13,,,0,100,,22214,13,,,0,100,,22215,13,,,0,100,,22216,13,,,0,100,,22217,13,,,0,95,,22218,13,,,0,99,,22219,13,,,0,100,,22220,13,,,0,100,,22221,13,,,0,100,,22222,13,,,0
6700,'259.0.2',802,,22223,13,,,0,100,,22224,13,,,0,100,,22225,13,,,0,106,,22226,13,,,0,101,,22227,13,,,0,100,,22228,13,,,0,100,,22229,13,,,0,100,,22230,13,,,0,100,,22231,13,,,0,100,,22232,13,,,0,97,,22233,13,,,0,99,,22234,13,,,0,100,,22235,13,,,0,100,,22236,13,,,0,97,,22237,13,,,0,100,,22238,13,,,0
6700,'259.0.3',616,,22239,13,,,0,30,,22240,13,,,0,70,,22241,13,,,0,30,,22242,13,,,0,70,,22243,13,,,0,30,,22244,13,,,0,70,,22245,13,,,0,100,,22246,13,,,0,98,,22247,13,,,0,100,,22248,13,,,0,100,,22249,13,,,0,100,,22250,13,,,0,99,,22251,13,,,0,30,,22252,13,,,0,70,,22253,13,,,0,30,,22254,13,,,0,70,,22255,13,,,0,31,,22256,13,,,0,73,,22257,13,,,0,30,,22258,13,,,0,100,,22259,13,,,0,100,,22260,13,,,0,100,,22261,13,,,0,100,,22262,13,,,0
15801,'259.0.3',708,,23801,20,,,0,30,,23804,20,,,0,70,,23802,20,,,0,30,,23803,20,,,0
