501,'244.0.1',613,,10400,13,,,0,20,,10401,13,,,0,20,,10402,13,,,0,60,,10403,13,,,0,20,,10404,13,,,0,20,,10405,13,,,0,60,,10406,13,,,0,20,,10407,13,,,0,20,,10408,13,,,0,60,,10409,13,,,0,20,,10410,13,,,0,20,,10411,13,,,0,63,,10412,13,,,0,20,,10413,13,,,0,20,,10414,13,,,0,60,,10415,13,,,0,20,,10416,13,,,0,20,,10417,13,,,0,60,,10418,13,,,0,20,,10419,13,,,0,20,,10420,13,,,0,60,,10421,13,,,0,20,,10422,13,,,0,20,,10423,13,,,0,60,,10424,13,,,0,20,,10425,13,,,0,20,,10426,13,,,0,60,,10427,13,,,0,20,,10428,13,,,0,20,,10429,13,,,0,59,,10430,13,,,0,20,,10431,13,,,0,20,,10432,13,,,0,60,,10433,13,,,0,20,,10434,13,,,0,20,,10435,13,,,0,60,,10436,13,,,0,20,,10437,13,,,0,20,,10438,13,,,0,60,,10439,13,,,0,20,,10440,13,,,0,20,,10441,13,,,0,58,,10442,13,,,0,20,,10443,13,,,0,20,,10444,13,,,0,60,,10445,13,,,0,20,,10446,13,,,0,20,,10447,13,,,0,60,,10448,13,,,0,30,,10449,13,,,0,70,,10450,13,,,0,30,,10451,13,,,0,70,,10452,13,,,0,30,,10453,13,,,0
501,'244.0.2',613,,10454,13,,,0,30,,10455,13,,,0,70,,10456,13,,,0,30,,10457,13,,,0,70,,10458,13,,,0,30,,10459,13,,,0,70,,10460,13,,,0,30,,10461,13,,,0,70,,10462,13,,,0,33,,10463,13,,,0,68,,10464,13,,,0,30,,10465,13,,,0,70,,10466,13,,,0,31,,10467,13,,,0,68,,10468,13,,,0,30,,10469,13,,,0,70,,10470,13,,,0,30,,10471,13,,,0,71,,10472,13,,,0,30,,10473,13,,,0,70,,10474,13,,,0,30,,10475,13,,,0,70,,10476,13,,,0,30,,10477,13,,,0,70,,10478,13,,,0,30,,10479,13,,,0,70,,10480,13,,,0,30,,10481,13,,,0,71,,10482,13,,,0,30,,10483,13,,,0,70,,10484,13,,,0,27,,10485,13,,,0,70,,10486,13,,,0,30,,10487,13,,,0,70,,10488,13,,,0,30,,10489,13,,,0
501,'244.0.3',515,,10490,13,,,0,30,,10491,13,,,0,70,,10492,13,,,0,15,,10493,13,,,0,15,,10494,13,,,0,55,,10495,13,,,0,15,,10496,13,,,0,21,,10497,13,,,0,15,,10498,13,,,0,55,,10499,13,,,0,15,,10500,13,,,0,15,,10501,13,,,0,15,,10502,13,,,0,52,,10503,13,,,0,13,,10504,13,,,0,15,,10505,13,,,0,15,,10506,13,,,0,55,,10507,13,,,0,15,,10508,13,,,0,15,,10509,13,,,0,15,,10510,13,,,0,55,,10511,13,,,0,15,,10512,13,,,0,15,,10513,13,,,0,15,,10514,13,,,0,55,,10515,13,,,0,15,,10516,13,,,0,15,,10517,13,,,0,15,,10518,13,,,0,55,,10519,13,,,0,15,,10520,13,,,0,15,,10521,13,,,0,15,,10522,13,,,0,55,,10523,13,,,0,15,,10524,13,,,0,15,,10525,13,,,0,15,,10526,13,,,0,55,,10527,13,,,0,15,,10528,13,,,0,15,,10529,13,,,0,15,,10530,13,,,0,55,,10531,13,,,0,15,,10532,13,,,0,15,,10533,13,,,0,15,,10534,13,,,0,55,,10535,13,,,0,15,,10536,13,,,0,15,,10537,13,,,0,15,,10538,13,,,0,55,,10539,13,,,0,15,,10540,13,,,0,14,,10541,13,,,0,13,,10542,13,,,0,60,,10543,13,,,0,20,,10544,13,,,0,20,,10545,13,,,0,60,,10546,13,,,0,20,,10547,13,,,0,20,,10548,13,,,0,60,,10549,13,,,0,20,,10550,13,,,0,20,,10551,13,,,0,60,,10552,13,,,0,30,,10553,13,,,0,70,,10554,13,,,0,30,,10555,13,,,0,70,,10556,13,,,0,30,,10557,13,,,0
1000600,'244.0.3',531,,15344,14,,,0,70,,15345,14,,,0,30,,15346,14,,,0,70,,15347,14,,,0,31,,15348,14,,,0,70,,15349,14,,,0,30,,15350,14,,,0,70,,15351,14,,,0,30,,15352,14,,,0,17,,15353,14,,,0,70,,15354,14,,,0,30,,15355,14,,,0,70,,15356,14,,,0,30,,15357,14,,,0,70,,15358,14,,,0,30,,15359,14,,,0,70,,15360,14,,,0,30,,15361,14,,,0,70,,15362,14,,,0,30,,15363,14,,,0,70,,15364,14,,,0,15,,15365,14,,,0,70,,15366,14,,,0,30,,15367,14,,,0,69,,15368,14,,,0,30,,15369,14,,,0,70,,15370,14,,,0,30,,15371,14,,,0
2000600,'244.0.1',551,,16298,42,,,0,100,,16299,42,,,0,100,,16300,42,,,0,100,,16301,42,,,0,100,,16302,42,,,0,103,,16303,42,,,0,100,,16304,42,,,0,102,,16305,42,,,0,100,,16306,42,,,0,100,,16307,42,,,0,100,,16308,42,,,0,98,,16309,42,,,0,100,,16310,42,,,0,99,,16311,42,,,0,98,,16312,42,,,0,100,,16313,42,,,0,100,,16314,42,,,0,98,,16315,42,,,0,100,,16316,42,,,0,100,,16317,42,,,0
2000600,'244.0.2',547,,16318,42,,,0,103,,16319,42,,,0,100,,16320,42,,,0,100,,16321,42,,,0,100,,16322,42,,,0,102,,16323,42,,,0,100,,16324,42,,,0,100,,16325,42,,,0,101,,16326,42,,,0,100,,16327,42,,,0,100,,16328,42,,,0,100,,16329,42,,,0,100,,16330,42,,,0,100,,16331,42,,,0,100,,16332,42,,,0,98,,16333,42,,,0,100,,16334,42,,,0,96,,16335,42,,,0,100,,16336,42,,,0,100,,16337,42,,,0
2000600,'244.0.3',559,,16338,42,,,0,51,,16339,42,,,0,26,,16340,44,,,0,71,,16341,44,,,0,32,,16342,44,,,0,72,,16343,44,,,0,29,,16344,44,,,0,70,,16345,44,,,0,30,,16346,44,,,0,65,,16347,44,,,0,100,,16348,44,,,0,100,,16349,44,,,0,101,,16350,44,,,0,100,,16351,44,,,0,100,,16352,44,,,0,105,,16353,44,,,0,30,,16354,44,,,0,68,,16355,44,,,0,30,,16356,44,,,0,70,,16357,44,,,0,29,,16358,44,,,0,69,,16359,44,,,0,96,,16360,44,,,0,100,,16361,44,,,0,98,,16362,42,,,0,57,,16363,42,,,0,100,,16364,42,,,0,100,,16365,42,,,0
3000600,'244.0.1',622,,17313,42,,,0,103,,17314,42,,,0,100,,17315,42,,,0,102,,17316,42,,,0,101,,17317,42,,,0,101,,17318,42,,,0,100,,17319,42,,,0,102,,17320,42,,,0,100,,17321,42,,,0,100,,17322,42,,,0,98,,17323,42,,,0,100,,17324,42,,,0,99,,17325,42,,,0,100,,17326,42,,,0,98,,17327,42,,,0,99,,17328,42,,,0,99,,17329,42,,,0,100,,17330,42,,,0,100,,17331,42,,,0,100,,17332,42,,,0
3000600,'244.0.2',622,,17333,42,,,0,103,,17334,42,,,0,100,,17335,42,,,0,100,,17336,42,,,0,100,,17337,42,,,0,102,,17338,42,,,0,101,,17339,42,,,0,101,,17340,42,,,0,100,,17341,42,,,0,100,,17342,42,,,0,99,,17343,42,,,0,100,,17344,42,,,0,100,,17345,42,,,0,100,,17346,42,,,0,100,,17347,42,,,0,98,,17348,42,,,0,97,,17349,42,,,0,100,,17350,42,,,0,100,,17351,42,,,0,100,,17352,42,,,0
3000600,'244.0.3',625,,17353,44,,,0,30,,17354,44,,,0,70,,17355,44,,,0,30,,17356,44,,,0,70,,17357,44,,,0,30,,17358,44,,,0,73,,17359,44,,,0,30,,17360,44,,,0,81,,17361,44,,,0,100,,17362,44,,,0,100,,17363,44,,,0,101,,17364,44,,,0,100,,17365,44,,,0,100,,17366,44,,,0,90,,17367,44,,,0,28,,17368,44,,,0,70,,17369,44,,,0,30,,17370,44,,,0,69,,17371,44,,,0,27,,17372,44,,,0,69,,17373,44,,,0,116,,17374,44,,,0,100,,17375,44,,,0,100,,17376,44,,,0,95,,17377,42,,,0,100,,17378,42,,,0,100,,17379,42,,,0
