9000,'244.0.1',610,,14558,7,,,0,25,,14559,7,,,0,70,,14560,7,,,0,30,,14561,7,,,0,70,,14562,7,,,0,25,,14563,7,,,0,70,,14564,7,,,0,30,,14565,7,,,0,25,,14566,7,,,0,71,,14567,7,,,0,30,,14568,7,,,0,70,,14569,7,,,0,30,,14570,7,,,0,67,,14571,7,,,0,30,,14572,7,,,0,70,,14573,7,,,0,30,,14574,7,,,0,70,,14575,7,,,0,30,,14576,7,,,0,70,,14577,7,,,0,30,,14578,7,,,0,73,,14579,7,,,0,30,,14580,7,,,0,70,,14581,7,,,0,30,,14582,7,,,0,70,,14583,7,,,0,30,,14584,7,,,0,70,,14585,7,,,0,30,,14586,7,,,0,145,,14587,7,,,0,100,,14588,7,,,0,100,,14589,7,,,0,100,,14590,7,,,0
9000,'244.0.2',559,,14591,7,,,0,100,,14592,7,,,0,100,,14593,7,,,0,95,,14594,7,,,0,97,,14595,7,,,0,99,,14596,7,,,0,101,,14597,7,,,0,100,,14598,7,,,0,98,,14599,7,,,0,100,,14600,7,,,0,100,,14601,7,,,0,100,,14602,7,,,0,103,,14603,7,,,0,105,,14604,7,,,0,102,,14605,7,,,0,100,,14606,7,,,0,100,,14607,7,,,0,100,,14608,7,,,0
9000,'244.0.3',554,,14642,7,,,0,55,,14641,7,,,0,15,,14609,7,,,0,15,,14643,7,,,0,15,,14610,7,,,0,55,,14644,7,,,0,15,,14611,7,,,0,15,,14645,7,,,0,20,,14612,7,,,0,70,,14613,7,,,0,25,,14614,7,,,0,71,,14615,7,,,0,29,,14616,7,,,0,70,,14617,7,,,0,30,,14618,7,,,0,67,,14619,7,,,0,31,,14620,7,,,0,70,,14621,7,,,0,30,,14622,7,,,0,70,,14623,7,,,0,30,,14624,7,,,0,70,,14625,7,,,0,16,,14646,7,,,0,15,,14626,7,,,0,55,,14647,7,,,0,15,,14627,7,,,0,15,,14648,7,,,0,15,,14628,7,,,0,55,,14649,7,,,0,15,,14653,7,,,0,15,,14650,7,,,0,15,,14629,7,,,0,55,,14651,7,,,0,15,,14630,7,,,0,15,,14652,7,,,0,13,,14631,7,,,0,75,,14632,7,,,0,30,,14633,7,,,0,70,,14634,7,,,0,30,,14635,7,,,0,70,,14636,7,,,0,100,,14637,7,,,0,99,,14638,7,,,0,100,,14639,7,,,0,100,,14640,7,,,0
13500,'244.0.3',705,,14913,34,,,0,30,,14914,34,,,0,70,,14915,34,,,0,15,,14916,34,,,0,16,,14917,34,,,0,15,,14918,34,,,0
13500,'244.1141.3',750,,14919,34,,,0
13500,'244.1143.3',750,,14920,34,,,0
13600,'244.0.3',652,,14928,38,,,0,72,,14929,38,,,0,16,,14930,38,,,0,15,,14931,38,,,0,55,,14932,38,,,0,16,,14933,38,,,0,11,,14934,38,,,0,21,,14935,38,,,0
13700,'244.0.3',659,,14948,32,,,0,70,,14944,32,,,0,21,,14949,32,,,0,50,,14945,32,,,0,30,,14946,32,,,0,70,,14947,32,,,0
13800,'244.0.3',642,,14956,41,,,0,72,,14957,41,,,0,15,,14958,41,,,0,16,,14959,41,,,0,70,,14960,41,,,0,5,,14961,41,,,0,28,,14962,41,,,0
15801,'244.0.3',742,,14974,32,,,0,72,,14977,32,,,0,29,,14975,32,,,0,69,,14976,32,,,0
15901,'244.0.3',628,,14987,32,,,0,25,,14995,32,,,0,55,,14988,32,,,0,24,,14989,32,,,0,23,,14990,32,,,0,62,,14991,32,,,0,20,,14992,32,,,0,21,,14993,32,,,0,57,,14994,32,,,0
16100,'244.0.3',632,,14996,45,,,0,70,,14997,45,,,0,35,,14998,45,,,0,73,,14999,45,,,0,31,,15000,45,,,0,69,,15001,45,,,0
16501,'244.0.3',649,,15014,34,,,0,71,,15015,34,,,0,36,,15016,34,,,0,74,,15017,34,,,0,70,,15018,34,,,0,30,,15019,34,,,0
1016801,'244.0.3',654,,16292,35,,,0,72,,16293,35,,,0,76,,16294,35,,,0,31,,16295,35,,,0,69,,16296,35,,,0,26,,16297,35,,,0
2016801,'244.0.3',641,,17307,40,,,0,70,,17308,40,,,0,36,,17309,40,,,0,74,,17310,40,,,0,30,,17311,40,,,0,70,,17312,40,,,0
