800,'259.0.1',604,,19385,19,,,0,31,,19386,80,,,0,70,,19387,80,,,0,30,,19388,80,,,0,70,,19389,80,,,0,35,,19390,80,,,0,63,,19391,80,,,0,22,,19392,80,,,0,30,,19393,80,,,0,70,,19394,80,,,0,33,,19395,80,,,0,72,,19396,80,,,0,29,,19397,80,,,0,70,,19398,80,,,0,30,,19399,80,,,0,70,,19400,80,,,0,30,,19401,80,,,0,70,,19402,80,,,0,29,,19403,80,,,0,72,,19404,80,,,0,70,,19405,80,,,0,30,,19406,80,,,0,70,,19407,80,,,0,30,,19408,80,,,0,70,,19409,80,,,0,30,,19410,80,,,0,25,,19411,80,,,0,70,,19412,80,,,0,30,,19413,80,,,0,70,,19414,80,,,0,30,,19415,80,,,0,70,,19416,80,,,0,30,,19417,80,,,0,70,,19418,80,,,0,30,,19419,80,,,0,63,,19420,80,,,0,29,,19421,80,,,0,70,,19422,80,,,0,100,,19423,80,,,0
800,'259.0.2',654,,19424,80,,,0,70,,19425,80,,,0,30,,19426,80,,,0,70,,19427,80,,,0,30,,19428,80,,,0,70,,19429,80,,,0,30,,19430,80,,,0,70,,19431,80,,,0,33,,19432,80,,,0,74,,19433,80,,,0,70,,19434,80,,,0,26,,19435,80,,,0,31,,19436,80,,,0,72,,19437,80,,,0,70,,19438,80,,,0,30,,19439,80,,,0,70,,19440,80,,,0,30,,19441,80,,,0,70,,19442,80,,,0,30,,19443,80,,,0,29,,19444,80,,,0,75,,19445,80,,,0,69,,19446,80,,,0,30,,19447,80,,,0,68,,19448,80,,,0,29,,19449,80,,,0,28,,19450,80,,,0,69,,19451,80,,,0,26,,19452,80,,,0,69,,19453,80,,,0,30,,19454,80,,,0,70,,19455,80,,,0,30,,19456,80,,,0,70,,19457,80,,,0,100,,19458,80,,,0,100,,19459,80,,,0
800,'259.0.3',524,,19460,19,,,0,30,,19461,19,,,0,72,,19462,80,,,0,30,,19463,80,,,0,73,,19464,80,,,0,80,,19465,80,,,0,32,,19466,80,,,0,71,,19467,80,,,0,30,,19468,80,,,0,70,,19469,80,,,0,30,,19470,80,,,0,60,,19471,80,,,0,20,,19472,80,,,0,20,,19473,80,,,0,60,,19474,80,,,0,20,,19475,80,,,0,20,,19476,80,,,0,60,,19477,80,,,0,20,,19478,80,,,0,20,,19479,80,,,0,60,,19480,80,,,0,20,,19481,80,,,0,20,,19482,80,,,0,60,,19483,80,,,0,20,,19484,80,,,0,24,,19485,80,,,0,69,,19486,80,,,0,24,,19487,80,,,0,20,,19488,80,,,0,60,,19489,80,,,0,20,,19490,80,,,0,20,,19491,80,,,0,58,,19492,80,,,0,18,,19493,80,,,0,14,,19494,80,,,0,66,,19495,80,,,0,10,,19510,80,,,0,10,,19496,80,,,0,70,,19497,80,,,0,30,,19498,80,,,0,70,,19499,80,,,0,27,,19500,80,,,0,68,,19501,80,,,0,29,,19502,80,,,0,30,,19503,80,,,0,70,,19504,80,,,0,30,,19505,80,,,0,70,,19506,80,,,0,30,,19507,80,,,0,70,,19508,80,,,0,30,,19509,80,,,0
8200,'259.0.1',630,,22580,37,,,0,100,,22581,37,,,0,100,,22582,37,,,0,100,,22583,37,,,0,100,,22584,37,,,0,100,,22585,37,,,0,100,,22586,37,,,0,100,,22587,37,,,0,100,,22588,37,,,0,100,,22589,37,,,0,100,,22590,37,,,0,100,,22591,37,,,0,100,,22592,37,,,0,100,,22593,37,,,0,100,,22594,37,,,0,100,,22595,37,,,0,100,,22596,37,,,0
8200,'259.0.2',632,,22597,37,,,0,100,,22598,37,,,0,100,,22599,37,,,0,100,,22600,37,,,0,100,,22601,37,,,0,100,,22602,37,,,0,100,,22603,37,,,0,100,,22604,37,,,0,100,,22605,37,,,0,100,,22606,37,,,0,100,,22607,37,,,0,100,,22608,37,,,0,100,,22609,37,,,0,100,,22610,37,,,0,100,,22611,37,,,0,100,,22612,37,,,0
8200,'259.0.3',618,,22613,37,,,0,27,,22614,37,,,0,69,,22615,37,,,0,30,,22616,37,,,0,70,,22617,37,,,0,92,,22618,37,,,0,28,,22619,37,,,0,100,,22620,37,,,0,100,,22621,37,,,0,100,,22622,37,,,0,100,,22623,37,,,0,100,,22624,37,,,0,104,,22625,37,,,0,465,,22626,37,,,0,100,,22627,37,,,0,100,,22628,37,,,0,100,,22629,37,,,0
8400,'259.0.1',712,,22782,35,,,0,100,,22783,35,,,0,100,,22784,35,,,0,100,,22785,35,,,0,102,,22786,35,,,0,97,,22787,35,,,0,100,,22788,35,,,0,100,,22789,35,,,0,100,,22790,35,,,0,100,,22791,35,,,0,100,,22792,35,,,0,100,,22793,35,,,0,96,,22794,35,,,0,105,,22795,35,,,0,100,,22796,35,,,0,100,,22797,35,,,0,100,,22798,35,,,0
8400,'259.0.2',717,,22799,35,,,0,100,,22800,35,,,0,100,,22801,35,,,0,100,,22802,35,,,0,101,,22803,35,,,0,96,,22804,35,,,0,100,,22805,35,,,0,100,,22806,35,,,0,100,,22807,35,,,0,100,,22808,35,,,0,103,,22809,35,,,0,100,,22810,35,,,0,100,,22811,35,,,0,100,,22812,35,,,0,99,,22813,35,,,0,100,,22814,35,,,0,100,,22815,35,,,0
8400,'259.0.3',624,,22846,35,,,0,30,,22816,35,,,0,70,,22817,35,,,0,31,,22818,35,,,0,71,,22819,35,,,0,30,,22820,35,,,0,70,,22821,35,,,0,102,,22822,35,,,0,100,,22823,35,,,0,100,,22824,35,,,0,100,,22825,35,,,0,100,,22826,35,,,0,109,,22827,35,,,0,70,,22828,35,,,0,15,,22829,35,,,0,15,,22830,35,,,0,15,,22831,35,,,0,55,,22832,35,,,0,15,,22833,35,,,0,15,,22834,35,,,0,10,,22835,35,,,0,54,,22836,35,,,0,15,,22837,35,,,0,12,,22838,35,,,0,15,,22847,35,,,0,13,,22839,35,,,0,98,,22840,35,,,0,100,,22841,35,,,0,100,,22842,35,,,0,100,,22843,35,,,0,103,,22844,35,,,0,143,,22845,35,,,0
8501,'259.0.1',638,,22972,25,,,0,100,,22973,25,,,0,101,,22974,25,,,0,101,,22975,25,,,0,100,,22976,25,,,0,102,,22977,25,,,0,100,,22978,25,,,0,100,,22979,25,,,0,100,,22980,25,,,0,98,,22981,25,,,0,100,,22982,25,,,0,100,,22983,25,,,0,99,,22984,25,,,0,100,,22985,25,,,0,99,,22986,25,,,0,100,,22987,25,,,0,100,,22988,25,,,0
8501,'259.0.2',642,,22989,25,,,0,100,,22990,25,,,0,101,,22991,25,,,0,100,,22992,25,,,0,100,,22993,25,,,0,102,,22994,25,,,0,100,,22995,25,,,0,100,,22996,25,,,0,100,,22997,25,,,0,101,,22998,25,,,0,98,,22999,25,,,0,100,,23000,25,,,0,100,,23001,25,,,0,98,,23002,25,,,0,100,,23003,25,,,0,100,,23004,25,,,0
8501,'259.0.3',856,,23005,25,,,0,101,,23006,25,,,0,100,,23007,25,,,0,101,,23008,25,,,0,100,,23009,25,,,0,100,,23010,25,,,0,100,,23011,25,,,0,100,,23012,25,,,0,53,,23013,25,,,0,16,,23014,25,,,0,15,,23015,25,,,0,61,,23016,25,,,0,15,,23017,25,,,0,20,,23018,25,,,0,15,,23019,25,,,0,55,,23020,25,,,0,7,,23021,25,,,0,13,,23028,25,,,0,9,,23022,25,,,0,15,,23029,25,,,0,55,,23023,25,,,0,14,,23030,25,,,0,92,,23024,25,,,0,100,,23025,25,,,0,100,,23026,25,,,0,100,,23027,25,,,0
8601,'259.0.1',647,,23082,24,,,0,100,,23083,24,,,0,100,,23084,24,,,0,102,,23085,24,,,0,100,,23086,24,,,0,100,,23087,24,,,0,100,,23088,24,,,0,101,,23089,24,,,0,100,,23090,24,,,0,100,,23091,24,,,0,98,,23092,24,,,0,100,,23093,24,,,0,100,,23094,24,,,0,100,,23095,24,,,0,100,,23096,24,,,0,100,,23097,24,,,0,100,,23098,24,,,0
8601,'259.0.2',653,,23099,24,,,0,100,,23100,24,,,0,100,,23101,24,,,0,101,,23102,24,,,0,100,,23103,24,,,0,100,,23104,24,,,0,100,,23105,24,,,0,100,,23106,24,,,0,99,,23107,24,,,0,100,,23108,24,,,0,100,,23109,24,,,0,100,,23110,24,,,0,100,,23111,24,,,0,100,,23112,24,,,0,100,,23113,24,,,0,100,,23114,24,,,0
8601,'259.0.3',857,,23115,24,,,0,100,,23116,24,,,0,100,,23117,24,,,0,100,,23118,24,,,0,100,,23119,24,,,0,100,,23120,24,,,0,100,,23121,24,,,0,145,,23122,24,,,0,31,,23123,24,,,0,75,,23124,24,,,0,34,,23125,24,,,0,67,,23126,24,,,0,22,,23127,24,,,0,25,,23128,24,,,0,160,,23129,24,,,0,100,,23130,24,,,0,100,,23131,24,,,0,100,,23132,24,,,0
8700,'259.0.1',709,,23133,36,,,0,30,,23134,36,,,0,70,,23135,36,,,0,30,,23136,36,,,0,70,,23137,36,,,0,30,,23138,36,,,0,67,,23139,36,,,0,30,,23140,36,,,0,70,,23141,36,,,0,32,,23142,36,,,0,70,,23143,36,,,0,30,,23144,36,,,0,70,,23145,36,,,0,30,,23146,36,,,0,70,,23147,36,,,0,30,,23148,36,,,0,70,,23149,36,,,0,30,,23150,36,,,0,70,,23151,36,,,0,30,,23152,36,,,0,69,,23153,36,,,0,30,,23154,36,,,0,70,,23155,36,,,0,30,,23156,36,,,0,69,,23157,36,,,0,102,,23158,36,,,0,100,,23159,36,,,0,100,,23160,36,,,0,100,,23161,36,,,0,100,,23162,36,,,0
8700,'259.0.2',710,,23163,36,,,0,100,,23164,36,,,0,102,,23165,36,,,0,100,,23166,36,,,0,101,,23167,36,,,0,101,,23168,36,,,0,99,,23169,36,,,0,100,,23170,36,,,0,100,,23171,36,,,0,100,,23172,36,,,0,100,,23173,36,,,0,100,,23174,36,,,0,99,,23175,36,,,0,100,,23176,36,,,0,100,,23177,36,,,0,100,,23178,36,,,0,100,,23179,36,,,0
8700,'259.0.3',715,,23180,36,,,0,30,,23181,36,,,0,70,,23182,36,,,0,30,,23183,36,,,0,70,,23184,36,,,0,30,,23185,36,,,0,70,,23186,36,,,0,30,,23187,36,,,0,70,,23188,36,,,0,30,,23189,36,,,0,71,,23190,36,,,0,30,,23191,36,,,0,70,,23192,36,,,0,30,,23193,36,,,0,70,,23194,36,,,0,30,,23195,36,,,0,70,,23196,36,,,0,31,,23197,36,,,0,76,,23198,36,,,0,33,,23199,36,,,0,70,,23200,36,,,0,27,,23201,36,,,0,68,,23202,36,,,0,25,,23203,36,,,0,86,,23204,36,,,0,100,,23205,36,,,0,100,,23206,36,,,0,100,,23207,36,,,0,100,,23208,36,,,0,100,,23209,36,,,0
18200,'259.0.3',1558,,23847,57,,,0,55,,23848,57,,,0,17,,23849,57,,,0,18,,23850,57,,,0,54,,23851,57,,,0,17,,23852,57,,,0,14,,23853,57,,,0,10,,23854,57,,,0,12,,23855,57,,,0,55,,23856,57,,,0,11,,23857,57,,,0,15,,23858,57,,,0,15,,23860,57,,,0,54,,23859,57,,,0,16,,23861,57,,,0
18501,'259.0.3',558,,23902,25,,,0,55,,23912,25,,,0,15,,23903,25,,,0,15,,23904,25,,,0,15,,23905,25,,,0,55,,23911,25,,,0,15,,23906,25,,,0,15,,23907,25,,,0,15,,23908,25,,,0,55,,23909,25,,,0,15,,23910,25,,,0,15,,23913,25,,,0
18601,'259.0.3',606,,23920,24,,,0,30,,23921,24,,,0,70,,23922,24,,,0,30,,23923,24,,,0,70,,23924,24,,,0,30,,23925,24,,,0
