5401,'244.0.1',642,,12313,19,,,0,100,,12314,19,,,0,100,,12315,19,,,0,100,,12316,19,,,0,105,,12317,19,,,0,100,,12318,19,,,0,100,,12319,19,,,0,100,,12320,19,,,0,100,,12321,19,,,0,99,,12322,19,,,0,100,,12323,19,,,0,100,,12324,19,,,0,97,,12325,19,,,0,100,,12326,19,,,0,100,,12327,19,,,0,100,,12328,19,,,0,100,,12329,19,,,0
5401,'244.0.2',842,,12330,19,,,0,100,,12331,19,,,0,105,,12332,19,,,0,100,,12333,19,,,0,99,,12334,19,,,0,100,,12335,19,,,0,100,,12336,19,,,0,99,,12337,19,,,0,100,,12338,19,,,0,100,,12339,19,,,0,97,,12340,19,,,0,100,,12341,19,,,0,100,,12342,19,,,0,100,,12343,19,,,0
5401,'244.0.3',645,,12344,19,,,0,73,,12345,19,,,0,27,,12346,19,,,0,70,,12347,19,,,0,30,,12348,19,,,0,69,,12349,19,,,0,35,,12350,19,,,0,100,,12351,19,,,0,100,,12352,19,,,0,104,,12353,19,,,0,100,,12354,19,,,0,102,,12355,19,,,0,100,,12356,19,,,0,70,,12357,19,,,0,75,,12358,19,,,0,27,,12359,19,,,0,30,,12360,19,,,0,64,,12361,19,,,0,30,,12362,19,,,0,70,,12363,19,,,0,30,,12364,19,,,0,70,,12365,19,,,0,30,,12366,19,,,0,100,,12367,19,,,0
5501,'244.0.1',803,,12418,18,,,0,100,,12419,18,,,0,101,,12420,18,,,0,103,,12421,18,,,0,100,,12422,18,,,0,100,,12423,18,,,0,100,,12424,18,,,0,100,,12425,18,,,0,100,,12426,18,,,0,100,,12427,18,,,0,99,,12428,18,,,0,100,,12429,18,,,0,97,,12430,18,,,0,100,,12431,18,,,0,100,,12432,18,,,0
5501,'244.0.2',803,,12433,18,,,0,100,,12434,18,,,0,101,,12435,18,,,0,103,,12436,18,,,0,100,,12437,18,,,0,100,,12438,18,,,0,100,,12439,18,,,0,100,,12440,18,,,0,100,,12441,18,,,0,100,,12442,18,,,0,99,,12443,18,,,0,97,,12444,18,,,0,100,,12445,18,,,0,100,,12446,18,,,0,100,,12447,18,,,0
5501,'244.0.3',653,,12448,18,,,0,70,,12466,18,,,0,31,,12449,18,,,0,73,,12450,18,,,0,100,,12451,18,,,0,85,,12452,18,,,0,100,,12453,18,,,0,100,,12454,18,,,0,103,,12455,18,,,0,100,,12456,18,,,0,100,,12457,18,,,0,85,,12458,18,,,0,101,,12459,18,,,0,33,,12467,18,,,0,68,,12460,18,,,0,23,,12461,18,,,0,75,,12462,18,,,0,59,,12463,18,,,0,150,,12464,18,,,0,100,,12465,18,,,0
6701,'244.0.1',749,,13436,28,,,0,100,,13437,28,,,0,104,,13438,28,,,0,100,,13439,28,,,0,100,,13440,28,,,0,100,,13441,28,,,0,100,,13442,28,,,0,100,,13443,28,,,0,100,,13444,28,,,0,100,,13445,28,,,0,100,,13446,28,,,0,96,,13447,28,,,0,100,,13448,28,,,0,100,,13449,28,,,0,100,,13450,28,,,0,100,,13451,28,,,0
6701,'244.0.2',748,,13452,28,,,0,100,,13453,28,,,0,100,,13454,28,,,0,105,,13455,28,,,0,100,,13456,28,,,0,100,,13457,28,,,0,100,,13458,28,,,0,100,,13459,28,,,0,100,,13460,28,,,0,100,,13461,28,,,0,97,,13462,28,,,0,100,,13463,28,,,0,100,,13464,28,,,0,100,,13465,28,,,0,97,,13466,28,,,0,100,,13467,28,,,0
6701,'244.0.3',636,,13468,28,,,0,70,,13469,28,,,0,30,,13470,28,,,0,70,,13471,28,,,0,30,,13472,28,,,0,70,,13473,28,,,0,102,,13474,28,,,0,100,,13475,28,,,0,100,,13476,28,,,0,100,,13477,28,,,0,100,,13478,28,,,0,102,,13479,28,,,0,30,,13480,28,,,0,70,,13481,28,,,0,30,,13482,28,,,0,70,,13483,28,,,0,30,,13484,28,,,0,69,,13485,28,,,0,27,,13486,28,,,0,70,,13487,28,,,0,30,,13488,28,,,0,98,,13489,28,,,0,100,,13490,28,,,0,100,,13491,28,,,0
7200,'244.0.1',619,,13598,17,,,0,30,,13599,17,,,0,70,,13600,17,,,0,30,,13601,17,,,0,70,,13602,17,,,0,30,,13603,17,,,0,70,,13604,17,,,0,30,,13605,17,,,0,70,,13606,17,,,0,32,,13607,17,,,0,70,,13608,17,,,0,30,,13609,17,,,0,70,,13610,17,,,0,30,,13611,17,,,0,70,,13612,17,,,0,30,,13613,17,,,0,70,,13614,17,,,0,30,,13615,17,,,0,70,,13616,17,,,0,30,,13617,17,,,0,70,,13618,17,,,0,30,,13619,17,,,0,70,,13620,17,,,0,28,,13621,17,,,0,70,,13622,17,,,0,100,,13623,17,,,0,100,,13624,17,,,0,100,,13625,17,,,0,100,,13626,17,,,0,100,,13627,17,,,0
7200,'244.0.2',719,,13628,17,,,0,100,,13629,17,,,0,100,,13630,17,,,0,100,,13631,17,,,0,102,,13632,17,,,0,100,,13633,17,,,0,100,,13634,17,,,0,100,,13635,17,,,0,100,,13636,17,,,0,100,,13637,17,,,0,100,,13638,17,,,0,100,,13639,17,,,0,97,,13640,17,,,0,100,,13641,17,,,0,100,,13642,17,,,0,100,,13643,17,,,0
7200,'244.0.3',619,,13644,17,,,0,30,,13645,17,,,0,70,,13646,17,,,0,31,,13647,17,,,0,70,,13648,17,,,0,30,,13649,17,,,0,69,,13650,17,,,0,30,,13651,17,,,0,70,,13652,17,,,0,30,,13653,17,,,0,70,,13654,17,,,0,30,,13655,17,,,0,70,,13656,17,,,0,30,,13657,17,,,0,70,,13658,17,,,0,30,,13659,17,,,0,70,,13660,17,,,0,30,,13661,17,,,0,70,,13662,17,,,0,30,,13663,17,,,0,70,,13664,17,,,0,30,,13665,17,,,0,70,,13666,17,,,0,30,,13667,17,,,0,69,,13668,17,,,0,30,,13669,17,,,0,70,,13670,17,,,0,100,,13671,17,,,0,100,,13672,17,,,0,100,,13673,17,,,0,100,,13674,17,,,0
3001001,'244.0.1',607,,17558,8,,,0,94,,17559,8,,,0,100,,17560,8,,,0,31,,17561,8,,,0,70,,17562,8,,,0,30,,17563,8,,,0,70,,17564,8,,,0,34,,17565,8,,,0,70,,17566,8,,,0,31,,17567,8,,,0,72,,17568,8,,,0,34,,17569,8,,,0,70,,17570,8,,,0,30,,17571,8,,,0,70,,17572,8,,,0,30,,17573,8,,,0,70,,17574,8,,,0,30,,17575,8,,,0,70,,17576,8,,,0,30,,17577,8,,,0,70,,17578,8,,,0,30,,17579,8,,,0,70,,17580,8,,,0,30,,17581,8,,,0,66,,17582,8,,,0,28,,17583,8,,,0,70,,17584,8,,,0,100,,17585,8,,,0,96,,17586,8,,,0,97,,17587,8,,,0,100,,17588,8,,,0,55,,17589,8,0,8 7,0
3001001,'244.0.2',607,,17590,8,,,0,50,,17591,8,,,0,100,,17592,8,,,0,70,,17593,8,,,0,30,,17594,8,,,0,70,,17595,8,,,0,30,,17596,8,,,0,72,,17597,8,,,0,74,,17598,8,,,0,30,,17599,8,,,0,70,,17600,8,,,0,30,,17601,8,,,0,71,,17602,8,,,0,30,,17603,8,,,0,70,,17604,8,,,0,30,,17605,8,,,0,73,,17606,8,,,0,30,,17607,8,,,0,70,,17608,8,,,0,30,,17609,8,,,0,70,,17610,8,,,0,30,,17611,8,,,0,70,,17612,8,,,0,30,,17613,8,,,0,69,,17614,8,,,0,100,,17615,8,,,0,94,,17616,8,,,0,100,,17617,8,,,0,100,,17618,8,,,0,55,,17619,8,0,8 7,0
3001001,'244.0.3',530,,17620,8,,,0,70,,17621,8,,,0,30,,17622,8,,,0,20,,17623,8,,,0,62,,17624,8,,,0,20,,17625,8,,,0,18,,17626,8,,,0,59,,17627,8,,,0,20,,17628,8,,,0,20,,17629,8,,,0,73,,17630,8,,,0,20,,17631,8,,,0,60,,17632,8,,,0,28,,17633,8,,,0,70,,17634,8,,,0,30,,17635,8,,,0,70,,17636,8,,,0,30,,17637,8,,,0,70,,17638,8,,,0,30,,17639,8,,,0,70,,17640,8,,,0,30,,17641,8,,,0,70,,17642,8,,,0,21,,17643,8,,,0,20,,17644,8,,,0,60,,17645,8,,,0,21,,17646,8,,,0,27,,17647,8,,,0,63,,17648,8,,,0,20,,17649,8,,,0,20,,17650,8,,,0,58,,17651,8,,,0,16,,17652,8,,,0,17,,17653,8,,,0,14,,17654,8,,,0,55,,17655,8,,,0,19,,17656,8,,,0,79,,17657,8,,,0,30,,17658,8,,,0,70,,17659,8,,,0,30,,17660,8,,,0,70,,17661,8,,,0,27,,17662,8,,,0,66,,17663,8,,,0,30,,17664,8,0,8 7,0,25,,17665,8,0,8 7,0,70,,17666,8,0,8 7,0,30,,17667,8,0,8 7,0
