2200,'244.0.1',616,,10968,5,,,0,30,,10969,5,,,0,70,,10970,5,,,0,30,,10971,5,,,0,70,,10972,5,,,0,30,,10973,5,,,0,70,,10974,5,,,0,31,,10975,5,,,0,70,,10976,5,,,0,30,,10977,5,,,0,70,,10978,5,,,0,35,,10979,5,,,0,70,,10980,5,,,0,30,,10981,5,,,0,70,,10982,5,,,0,30,,10983,5,,,0,70,,10984,5,,,0,30,,10985,5,,,0,70,,10986,5,,,0,30,,10987,5,,,0,70,,10988,5,,,0,30,,10989,5,,,0,70,,10990,5,,,0,30,,10991,5,,,0,70,,10992,5,,,0,25,,10993,5,,,0,70,,10994,5,,,0,30,,10995,5,,,0,69,,10996,5,,,0,30,,10997,5,,,0,70,,10998,5,,,0,30,,10999,5,,,0,70,,11000,5,,,0,30,,11001,5,,,0,70,,11002,5,,,0,30,,11003,5,,,0
2200,'244.0.2',636,,11004,5,,,0,70,,11005,5,,,0,30,,11006,5,,,0,70,,11007,5,,,0,30,,11008,5,,,0,70,,11009,5,,,0,30,,11010,5,,,0,70,,11011,5,,,0,30,,11012,5,,,0,70,,11013,5,,,0,31,,11014,5,,,0,70,,11015,5,,,0,30,,11016,5,,,0,70,,11017,5,,,0,30,,11018,5,,,0,70,,11019,5,,,0,30,,11020,5,,,0,70,,11021,5,,,0,30,,11022,5,,,0,70,,11023,5,,,0,30,,11024,5,,,0,70,,11025,5,,,0,30,,11026,5,,,0,70,,11027,5,,,0,30,,11028,5,,,0,70,,11029,5,,,0,30,,11030,5,,,0,70,,11031,5,,,0,29,,11032,5,,,0,70,,11033,5,,,0,30,,11034,5,,,0,70,,11035,5,,,0,30,,11036,5,,,0,70,,11037,5,,,0,30,,11038,5,,,0
2200,'244.0.3',626,,11039,5,,,0,30,,11040,5,,,0,70,,11041,5,,,0,30,,11042,5,,,0,70,,11043,5,,,0,30,,11044,5,,,0,70,,11045,5,,,0,27,,11046,5,,,0,70,,11047,5,,,0,30,,11048,5,,,0,75,,11049,5,,,0,26,,11050,5,,,0,70,,11051,5,,,0,30,,11052,5,,,0,70,,11053,5,,,0,30,,11054,5,,,0,70,,11055,5,,,0,33,,11056,5,,,0,70,,11057,5,,,0,32,,11058,5,,,0,70,,11059,5,,,0,30,,11060,5,,,0,70,,11061,5,,,0,30,,11062,5,,,0,68,,11063,5,,,0,27,,11064,5,,,0,70,,11065,5,,,0,30,,11066,5,,,0,70,,11067,5,,,0,30,,11068,5,,,0,70,,11069,5,,,0,30,,11070,5,,,0,70,,11071,5,,,0,30,,11072,5,,,0,70,,11073,5,,,0,30,,11074,5,,,0
2500,'244.0.1',735,,11401,5,,,0,100,,11402,5,,,0,100,,11403,5,,,0,100,,11404,5,,,0,100,,11405,5,,,0,100,,11406,5,,,0,100,,11407,5,,,0,100,,11408,5,,,0,100,,11409,5,,,0,100,,11410,5,,,0,100,,11411,5,,,0,100,,11412,5,,,0,100,,11413,5,,,0,100,,11414,5,,,0,100,,11415,5,,,0,100,,11416,5,,,0
2500,'244.0.2',835,,11418,5,,,0,100,,11419,5,,,0,100,,11420,5,,,0,100,,11421,5,,,0,100,,11422,5,,,0,100,,11423,5,,,0,100,,11424,5,,,0,100,,11425,5,,,0,100,,11426,5,,,0,100,,11427,5,,,0,100,,11428,5,,,0,100,,11429,5,,,0,100,,11430,5,,,0,100,,11431,5,,,0
2500,'244.0.3',538,,11432,5,,,0,70,,11433,5,,,0,30,,11434,5,,,0,70,,11435,5,,,0,30,,11436,5,,,0,70,,11437,5,,,0,30,,11438,5,,,0,70,,11439,5,,,0,100,,11440,5,,,0,100,,11441,5,,,0,100,,11442,5,,,0,100,,11443,5,,,0,100,,11444,5,,,0,100,,11445,5,,,0,31,,11446,5,,,0,70,,11447,5,,,0,30,,11448,5,,,0,69,,11449,5,,,0,30,,11450,5,,,0,70,,11451,5,,,0,30,,11452,5,,,0,70,,11453,5,,,0,100,,11454,5,,,0,100,,11455,5,,,0,100,,11456,5,,,0,100,,11457,5,,,0
41500,'244.0.3',613,,15320,5,,,0,100,,15321,5,,,0,100,,15322,5,,,0,100,,15323,5,,,0,533,,15327,5,,,0,101,,15324,5,,,0,99,,15325,5,,,0,100,,15326,5,,,0
1000900,'244.0.1',706,,15724,23,,,0,100,,15725,23,,,0,100,,15726,23,,,0,100,,15727,23,,,0,100,,15728,23,,,0,96,,15729,23,,,0,102,,15730,23,,,0,100,,15731,23,,,0,100,,15732,23,,,0,100,,15733,23,,,0,100,,15734,23,,,0,100,,15735,23,,,0,100,,15736,23,,,0,101,,15737,23,,,0,100,,15738,23,,,0,100,,15739,23,,,0,100,,15740,23,,,0,100,,15741,23,,,0
1000900,'244.0.2',705,,15742,23,,,0,96,,15743,23,,,0,100,,15744,23,,,0,100,,15745,23,,,0,105,,15746,23,,,0,100,,15747,23,,,0,100,,15748,23,,,0,100,,15749,23,,,0,100,,15750,23,,,0,100,,15751,23,,,0,100,,15752,23,,,0,100,,15753,23,,,0,100,,15754,23,,,0,100,,15755,23,,,0,99,,15756,23,,,0,100,,15757,23,,,0,100,,15758,23,,,0,100,,15759,23,,,0
1000900,'244.0.3',620,,15760,23,,,0,30,,15761,23,,,0,70,,15762,23,,,0,31,,15763,23,,,0,72,,15764,23,,,0,29,,15765,23,,,0,52,,15766,23,,,0,15,,15767,23,,,0,30,,15768,23,,,0,55,,15769,23,,,0,15,,15770,23,,,0,30,,15771,23,,,0,57,,15772,23,,,0,13,,15773,23,,,0,27,,15774,23,,,0,55,,15775,23,,,0,15,,15776,23,,,0,30,,15777,23,,,0,55,,15778,23,,,0,15,,15779,23,,,0,30,,15780,23,,,0,55,,15781,23,,,0,15,,15782,23,,,0,30,,15783,23,,,0,67,,15784,23,,,0,25,,15785,23,,,0,9,,15786,23,,,0,59,,15787,23,,,0,10,,15788,23,,,0,20,,15789,23,,,0,10,,15790,23,,,0,60,,15791,23,,,0,10,,15792,23,,,0,10,,15793,23,,,0,20,,15794,23,,,0,5,,15795,23,,,0,6,,15796,23,,,0,56,,15797,23,,,0,10,,15798,23,,,0,20,,15799,23,,,0,10,,15800,23,,,0,70,,15801,23,,,0,30,,15802,23,,,0,70,,15803,23,,,0,30,,15804,23,,,0,68,,15805,23,,,0,27,,15806,23,,,0,55,,15807,23,,,0,15,,15808,23,,,0,35,,15809,23,,,0,60,,15810,23,,,0,40,,15811,23,,,0,60,,15812,23,,,0,40,,15813,23,,,0
2000900,'244.0.1',636,,16760,23,,,0,100,,16761,23,,,0,100,,16762,23,,,0,100,,16763,23,,,0,100,,16764,23,,,0,100,,16765,23,,,0,98,,16766,23,,,0,100,,16767,23,,,0,100,,16768,23,,,0,100,,16769,23,,,0,100,,16770,23,,,0,100,,16771,23,,,0,100,,16772,23,,,0,101,,16773,23,,,0,100,,16774,23,,,0,100,,16775,23,,,0,100,,16776,23,,,0,100,,16777,23,,,0,100,,16778,23,,,0
2000900,'244.0.2',636,,16779,23,,,0,97,,16780,23,,,0,98,,16781,23,,,0,100,,16782,23,,,0,105,,16783,23,,,0,100,,16784,23,,,0,100,,16785,23,,,0,100,,16786,23,,,0,100,,16787,23,,,0,100,,16788,23,,,0,100,,16789,23,,,0,100,,16790,23,,,0,100,,16791,23,,,0,100,,16792,23,,,0,99,,16793,23,,,0,100,,16794,23,,,0,100,,16795,23,,,0,100,,16796,23,,,0,100,,16797,23,,,0
2000900,'244.0.3',534,,16798,5,,,0,70,,16799,5,,,0,31,,16800,23,,,0,70,,16801,23,,,0,30,,16802,23,,,0,69,,16803,23,,,0,30,,16804,23,,,0,100,,16805,23,,,0,100,,16806,23,,,0,98,,16807,23,,,0,96,,16808,23,,,0,100,,16809,23,,,0,100,,16810,23,,,0,28,,16811,23,,,0,71,,16812,23,,,0,29,,16813,23,,,0,70,,16814,23,,,0,30,,16815,23,,,0,79,,16816,23,,,0,67,,16817,23,,,0,30,,16818,23,,,0,70,,16819,23,,,0,30,,16820,23,,,0,70,,16821,23,,,0,30,,16822,23,,,0,69,,16823,23,,,0,27,,16824,23,,,0,100,,16825,23,,,0,100,,16826,23,,,0,100,,16827,23,,,0,100,,16828,23,,,0
