13500,'244.0.3',659,,14913,31,,,0,70,,14914,31,,,0,30,,14915,31,,,0,55,,14916,31,,,0,15,,14917,31,,,0,15,,14918,31,,,0
13500,'244.1141.3',744,,14919,31,,,0
13500,'244.1143.3',744,,14920,31,,,0
13600,'244.0.3',648,,14928,35,,,0,70,,14929,35,,,0,16,,14930,35,,,0,15,,14931,35,,,0,55,,14932,35,,,0,16,,14933,35,,,0,10,,14934,35,,,0,20,,14935,35,,,0
13700,'244.0.3',653,,14948,29,,,0,70,,14944,29,,,0,21,,14949,29,,,0,10,,14945,29,,,0,70,,14946,29,,,0,30,,14947,29,,,0
13800,'244.0.3',638,,14956,38,,,0,70,,14957,38,,,0,15,,14958,38,,,0,16,,14959,38,,,0,70,,14960,38,,,0,5,,14961,38,,,0,26,,14962,38,,,0
15801,'244.0.3',737,,14974,29,,,0,71,,14977,29,,,0,29,,14975,29,,,0,69,,14976,29,,,0
15901,'244.0.3',624,,14987,29,,,0,24,,14995,29,,,0,56,,14988,29,,,0,23,,14989,29,,,0,23,,14990,29,,,0,62,,14991,29,,,0,19,,14992,29,,,0,21,,14993,29,,,0,57,,14994,29,,,0
16100,'244.0.3',628,,14996,42,,,0,30,,14997,42,,,0,74,,14998,42,,,0,73,,14999,42,,,0,30,,15000,42,,,0,69,,15001,42,,,0
16500,'244.0.3',1525,,15008,6,,,0,31,,15009,6,,,0,70,,15010,6,,,0,31,,15011,6,,,0,70,,15012,6,,,0,30,,15013,6,,,0
16501,'244.0.3',645,,15014,31,,,0,70,,15015,31,,,0,36,,15016,31,,,0,73,,15017,31,,,0,30,,15018,31,,,0,70,,15019,31,,,0
1000701,'244.0.1',622,,15562,3,,,0,20,,15563,3,,,0,60,,15564,3,,,0,20,,15565,3,,,0,20,,15566,3,,,0,60,,15567,3,,,0,20,,15568,3,,,0,20,,15569,3,,,0,60,,15570,3,,,0,20,,15571,3,,,0,20,,15572,3,,,0,60,,15573,3,,,0,20,,15574,3,,,0,20,,15575,3,,,0,60,,15576,3,,,0,20,,15577,3,,,0,20,,15578,3,,,0,60,,15579,3,,,0,20,,15580,3,,,0,20,,15581,3,,,0,60,,15582,3,,,0,20,,15583,3,,,0,20,,15584,3,,,0,60,,15585,3,,,0,20,,15586,3,,,0,20,,15587,3,,,0,60,,15588,3,,,0,20,,15589,3,,,0,20,,15590,3,,,0,60,,15591,3,,,0,20,,15592,3,,,0,20,,15593,3,,,0,60,,15594,3,,,0,20,,15595,3,,,0,20,,15596,3,,,0,60,,15597,3,,,0,20,,15598,3,,,0,20,,15599,3,,,0,60,,15600,3,,,0,20,,15601,3,,,0,20,,15602,3,,,0,60,,15603,3,,,0,20,,15604,3,,,0,20,,15605,3,,,0,60,,15606,3,,,0,20,,15607,3,,,0,20,,15608,3,,,0,60,,15609,3,,,0,20,,15610,3,,,0,20,,15611,3,,,0,60,,15612,3,,,0,20,,15613,3,,,0,20,,15614,3,,,0,60,,15615,3,,,0
1000701,'244.0.2',622,,15616,3,,,0,30,,15617,3,,,0,70,,15618,3,,,0,30,,15619,3,,,0,70,,15620,3,,,0,30,,15621,3,,,0,70,,15622,3,,,0,30,,15623,3,,,0,70,,15624,3,,,0,30,,15625,3,,,0,70,,15626,3,,,0,30,,15627,3,,,0,70,,15628,3,,,0,30,,15629,3,,,0,70,,15630,3,,,0,30,,15631,3,,,0,70,,15632,3,,,0,30,,15633,3,,,0,70,,15634,3,,,0,30,,15635,3,,,0,70,,15636,3,,,0,30,,15637,3,,,0,70,,15638,3,,,0,30,,15639,3,,,0,70,,15640,3,,,0,30,,15641,3,,,0,70,,15642,3,,,0,30,,15643,3,,,0,70,,15644,3,,,0,30,,15645,3,,,0,70,,15646,3,,,0,30,,15647,3,,,0,70,,15648,3,,,0,30,,15649,3,,,0,70,,15650,3,,,0,30,,15651,3,,,0
1000701,'244.0.3',606,,15652,3,,,0,15,,15653,3,,,0,15,,15654,3,,,0,15,,15655,3,,,0,55,,15656,3,,,0,17,,15657,3,,,0,19,,15658,3,,,0,15,,15659,3,,,0,55,,15660,3,,,0,15,,15661,3,,,0,15,,15662,3,,,0,15,,15663,3,,,0,55,,15664,3,,,0,15,,15665,3,,,0,15,,15666,3,,,0,12,,15667,3,,,0,54,,15668,3,,,0,15,,15669,3,,,0,15,,15670,3,,,0,15,,15671,3,,,0,55,,15672,3,,,0,15,,15673,3,,,0,15,,15674,3,,,0,15,,15675,3,,,0,55,,15676,3,,,0,15,,15677,3,,,0,15,,15678,3,,,0,15,,15679,3,,,0,55,,15680,3,,,0,15,,15681,3,,,0,15,,15682,3,,,0,15,,15683,3,,,0,55,,15684,3,,,0,15,,15685,3,,,0,15,,15686,3,,,0,16,,15687,3,,,0,56,,15688,3,,,0,15,,15689,3,,,0,15,,15690,3,,,0,15,,15691,3,,,0,55,,15692,3,,,0,15,,15693,3,,,0,15,,15694,3,,,0,15,,15695,3,,,0,55,,15696,3,,,0,15,,15697,3,,,0,14,,15698,3,,,0,15,,15699,3,,,0,53,,15700,3,,,0,15,,15701,3,,,0,15,,15702,3,,,0,15,,15703,3,,,0,55,,15704,3,,,0,15,,15705,3,,,0,15,,15706,3,,,0,13,,15707,3,,,0,55,,15708,3,,,0,15,,15709,3,,,0,15,,15710,3,,,0,15,,15711,3,,,0,55,,15712,3,,,0,15,,15713,3,,,0,15,,15714,3,,,0,15,,15715,3,,,0,55,,15716,3,,,0,15,,15717,3,,,0,15,,15718,3,,,0,15,,15719,3,,,0,55,,15720,3,,,0,30,,15721,3,,,0,70,,15722,3,,,0,30,,15723,3,,,0
1016801,'244.0.3',650,,16292,32,,,0,71,,16293,32,,,0,36,,16294,32,,,0,70,,16295,32,,,0,29,,16296,32,,,0,66,,16297,32,,,0
2016801,'244.0.3',637,,17307,37,,,0,70,,17308,37,,,0,35,,17309,37,,,0,73,,17310,37,,,0,30,,17311,37,,,0,70,,17312,37,,,0
