400,'259.0.1',608,,18780,22,,,0,100,,18781,22,,,0,100,,18782,22,,,0,30,,18783,22,,,0,70,,18784,22,,,0,32,,18785,22,,,0,72,,18786,22,,,0,30,,18787,22,,,0,70,,18788,22,,,0,30,,18789,22,,,0,70,,18790,22,,,0,30,,18791,22,,,0,70,,18792,22,,,0,30,,18793,22,,,0,70,,18794,22,,,0,30,,18795,22,,,0,70,,18796,22,,,0,30,,18797,22,,,0,70,,18798,22,,,0,30,,18799,22,,,0,70,,18800,22,,,0,30,,18801,22,,,0,70,,18802,22,,,0,30,,18803,22,,,0,70,,18804,22,,,0,30,,18805,22,,,0,70,,18806,22,,,0,30,,18807,22,,,0,68,,18808,22,,,0,28,,18809,22,,,0,70,,18810,22,,,0,100,,18811,22,,,0,100,,18812,22,,,0
400,'259.0.2',703,,18813,22,,,0,30,,18814,22,,,0,70,,18815,22,,,0,30,,18816,22,,,0,70,,18817,22,,,0,30,,18818,22,,,0,70,,18819,22,,,0,30,,18820,22,,,0,70,,18821,22,,,0,31,,18822,22,,,0,72,,18823,22,,,0,30,,18824,22,,,0,70,,18825,22,,,0,30,,18826,22,,,0,70,,18827,22,,,0,30,,18828,22,,,0,70,,18829,22,,,0,30,,18830,22,,,0,70,,18831,22,,,0,30,,18832,22,,,0,70,,18833,22,,,0,30,,18834,22,,,0,69,,18835,22,,,0,28,,18836,22,,,0,70,,18837,22,,,0,30,,18838,22,,,0,70,,18839,22,,,0,100,,18840,22,,,0,100,,18841,22,,,0,100,,18842,22,,,0,100,,18843,22,,,0
400,'259.0.3',618,,18844,22,,,0,20,,18845,22,,,0,20,,18846,22,,,0,60,,18847,22,,,0,16,,18848,22,,,0,18,,18849,22,,,0,55,,18850,22,,,0,15,,18851,22,,,0,15,,18852,22,,,0,15,,18853,22,,,0,55,,18854,22,,,0,15,,18855,22,,,0,15,,18856,22,,,0,15,,18857,22,,,0,55,,18858,22,,,0,15,,18859,22,,,0,15,,18860,22,,,0,15,,18861,22,,,0,55,,18862,22,,,0,15,,18863,22,,,0,15,,18864,22,,,0,17,,18865,22,,,0,55,,18866,22,,,0,15,,18867,22,,,0,15,,18868,22,,,0,15,,18869,22,,,0,55,,18870,22,,,0,15,,18871,22,,,0,10,,18872,22,,,0,10,,18873,22,,,0,10,,18874,22,,,0,50,,18875,22,,,0,10,,18876,22,,,0,10,,18877,22,,,0,8,,18878,22,,,0,8,,18879,22,,,0,8,,18880,22,,,0,8,,18881,22,,,0,48,,18882,22,,,0,8,,18883,22,,,0,9,,18884,22,,,0,8,,18885,22,,,0,8,,18886,22,,,0,8,,18887,22,,,0,8,,18888,22,,,0,48,,18889,22,,,0,8,,18890,22,,,0,8,,18891,22,,,0,8,,18892,22,,,0,8,,18893,22,,,0,8,,18894,22,,,0,8,,18895,22,,,0,8,,18896,22,,,0,48,,18897,22,,,0,16,,18898,22,,,0,8,,18899,22,,,0,8,,18900,22,,,0,8,,18901,22,,,0,8,,18902,22,,,0,48,,18903,22,,,0,8,,18904,22,,,0,13,,18905,22,,,0,15,,18906,22,,,0,15,,18907,22,,,0,60,,18908,22,,,0,20,,18909,22,,,0,20,,18910,22,,,0,60,,18911,22,,,0,20,,18912,22,,,0,20,,18913,22,,,0,58,,18914,22,,,0,18,,18915,22,,,0,20,,18916,22,,,0,60,,18917,22,,,0,30,,18918,22,,,0,70,,18919,22,,,0,30,,18920,22,,,0,70,,18921,22,,,0,30,,18922,22,,,0,70,,18923,22,,,0
400,'259.1141.3',1713,,18924,22,,,0
400,'259.1143.3',1713,,18925,22,,,0
801,'259.0.1',606,,19511,62,,,0,30,,19512,62,,,0,70,,19513,62,,,0,30,,19514,62,,,0,72,,19515,62,,,0,33,,19516,62,,,0,70,,19517,62,,,0,30,,19518,62,,,0,73,,19519,62,,,0,34,,19520,62,,,0,70,,19521,62,,,0,30,,19522,62,,,0,70,,19523,62,,,0,30,,19524,62,,,0,71,,19525,62,,,0,31,,19526,62,,,0,70,,19527,62,,,0,30,,19528,62,,,0,70,,19529,62,,,0,30,,19530,62,,,0,70,,19531,62,,,0,30,,19532,62,,,0,70,,19533,62,,,0,29,,19534,62,,,0,68,,19535,62,,,0,29,,19536,62,,,0,70,,19537,62,,,0,27,,19538,62,,,0,65,,19539,62,,,0,29,,19540,62,,,0,70,,19541,62,,,0,30,,19542,62,,,0,70,,19543,62,,,0,30,,19544,62,,,0,70,,19545,62,,,0,30,,19546,62,,,0,70,,19547,62,,,0,100,,19548,62,,,0
801,'259.0.2',611,,19549,62,,,0,30,,19550,62,,,0,70,,19551,62,,,0,30,,19552,62,,,0,70,,19553,62,,,0,30,,19554,62,,,0,72,,19555,62,,,0,35,,19556,62,,,0,70,,19557,62,,,0,30,,19558,62,,,0,72,,19559,62,,,0,30,,19560,62,,,0,70,,19561,62,,,0,30,,19562,62,,,0,70,,19563,62,,,0,30,,19564,62,,,0,70,,19565,62,,,0,30,,19566,62,,,0,70,,19567,62,,,0,30,,19568,62,,,0,70,,19569,62,,,0,30,,19570,62,,,0,70,,19571,62,,,0,30,,19572,62,,,0,68,,19573,62,,,0,28,,19574,62,,,0,70,,19575,62,,,0,30,,19576,62,,,0,70,,19577,62,,,0,30,,19578,62,,,0,67,,19579,62,,,0,27,,19580,62,,,0,70,,19581,62,,,0,30,,19582,62,,,0,100,,19583,62,,,0,100,,19584,62,,,0
801,'259.0.3',559,,19585,62,,,0,70,,19586,62,,,0,30,,19587,62,,,0,62,,19588,62,,,0,30,,19589,62,,,0,60,,19590,62,,,0,20,,19591,62,,,0,20,,19592,62,,,0,58,,19593,62,,,0,16,,19594,62,,,0,17,,19595,62,,,0,60,,19596,62,,,0,20,,19597,62,,,0,20,,19598,62,,,0,60,,19599,62,,,0,20,,19600,62,,,0,20,,19601,62,,,0,60,,19602,62,,,0,20,,19603,62,,,0,20,,19604,62,,,0,60,,19605,62,,,0,20,,19606,62,,,0,20,,19607,62,,,0,60,,19608,62,,,0,20,,19609,62,,,0,20,,19610,62,,,0,60,,19611,62,,,0,20,,19612,62,,,0,23,,19613,62,,,0,73,,19614,62,,,0,30,,19615,62,,,0,70,,19616,62,,,0,30,,19617,62,,,0,66,,19618,62,,,0,25,,19619,62,,,0,68,,19620,62,,,0,30,,19621,62,,,0,70,,19622,62,,,0,30,,19623,62,,,0,70,,19624,62,,,0,26,,19625,62,,,0,69,,19626,62,,,0,30,,19627,62,,,0,70,,19628,62,,,0,30,,19629,62,,,0,70,,19630,62,,,0,30,,19631,62,,,0,70,,19632,62,,,0
9000,'259.0.1',623,,23385,17,,,0,25,,23386,17,,,0,70,,23387,17,,,0,30,,23388,17,,,0,70,,23389,17,,,0,25,,23390,17,,,0,70,,23391,17,,,0,30,,23392,17,,,0,65,,23393,17,,,0,33,,23394,17,,,0,70,,23395,17,,,0,30,,23396,17,,,0,70,,23397,17,,,0,27,,23398,17,,,0,70,,23399,17,,,0,30,,23400,17,,,0,70,,23401,17,,,0,30,,23402,17,,,0,70,,23403,17,,,0,30,,23404,17,,,0,70,,23405,17,,,0,33,,23406,17,,,0,70,,23407,17,,,0,30,,23408,17,,,0,70,,23409,17,,,0,30,,23410,17,,,0,70,,23411,17,,,0,30,,23412,17,,,0,70,,23413,17,,,0,104,,23414,17,,,0,100,,23415,17,,,0,100,,23416,17,,,0,100,,23417,17,,,0
9000,'259.0.2',611,,23418,17,,,0,100,,23419,17,,,0,100,,23420,17,,,0,95,,23421,17,,,0,97,,23422,17,,,0,99,,23423,17,,,0,102,,23424,17,,,0,100,,23425,17,,,0,98,,23426,17,,,0,100,,23427,17,,,0,100,,23428,17,,,0,100,,23429,17,,,0,103,,23430,17,,,0,104,,23431,17,,,0,101,,23432,17,,,0,100,,23433,17,,,0,100,,23434,17,,,0,100,,23435,17,,,0
9000,'259.0.3',607,,23469,17,,,0,15,,23468,17,,,0,15,,23436,17,,,0,15,,23470,17,,,0,55,,23437,17,,,0,15,,23471,17,,,0,15,,23438,17,,,0,15,,23472,17,,,0,60,,23439,17,,,0,30,,23440,17,,,0,65,,23441,17,,,0,31,,23442,17,,,0,69,,23443,17,,,0,30,,23444,17,,,0,70,,23445,17,,,0,27,,23446,17,,,0,71,,23447,17,,,0,30,,23448,17,,,0,70,,23449,17,,,0,30,,23450,17,,,0,70,,23451,17,,,0,33,,23452,17,,,0,17,,23473,17,,,0,55,,23453,17,,,0,15,,23474,17,,,0,15,,23454,17,,,0,15,,23475,17,,,0,55,,23455,17,,,0,15,,23476,17,,,0,15,,23480,17,,,0,15,,23477,17,,,0,55,,23456,17,,,0,15,,23478,17,,,0,15,,23457,17,,,0,12,,23479,17,,,0,52,,23458,17,,,0,35,,23459,17,,,0,70,,23460,17,,,0,30,,23461,17,,,0,70,,23462,17,,,0,30,,23463,17,,,0,100,,23464,17,,,0,98,,23465,17,,,0,100,,23466,17,,,0,100,,23467,17,,,0
