2401,'259.0.1',631,,20119,30,,,0,70,,20120,30,,,0,30,,20121,30,,,0,70,,20122,30,,,0,30,,20123,30,,,0,70,,20124,30,,,0,30,,20125,30,,,0,70,,20126,30,,,0,37,,20127,30,,,0,71,,20128,30,,,0,30,,20129,30,,,0,71,,20130,30,,,0,32,,20131,30,,,0,70,,20132,30,,,0,30,,20133,30,,,0,70,,20134,30,,,0,30,,20135,30,,,0,70,,20136,30,,,0,28,,20137,30,,,0,70,,20138,30,,,0,30,,20139,30,,,0,70,,20140,30,,,0,30,,20141,30,,,0,70,,20142,30,,,0,30,,20143,30,,,0,67,,20144,30,,,0,27,,20145,30,,,0,70,,20146,30,,,0,30,,20147,30,,,0,69,,20148,30,,,0,28,,20149,30,,,0,70,,20150,30,,,0,30,,20151,30,,,0,70,,20152,30,,,0,30,,20153,30,,,0,70,,20154,30,,,0
2401,'259.0.2',629,,20155,30,,,0,30,,20156,30,,,0,70,,20157,30,,,0,30,,20158,30,,,0,70,,20159,30,,,0,30,,20160,30,,,0,70,,20161,30,,,0,72,,20162,30,,,0,36,,20163,30,,,0,70,,20164,30,,,0,30,,20165,30,,,0,70,,20166,30,,,0,30,,20167,30,,,0,70,,20168,30,,,0,30,,20169,30,,,0,70,,20170,30,,,0,30,,20171,30,,,0,70,,20172,30,,,0,30,,20173,30,,,0,70,,20174,30,,,0,30,,20175,30,,,0,70,,20176,30,,,0,30,,20177,30,,,0,70,,20178,30,,,0,30,,20179,30,,,0,68,,20180,30,,,0,28,,20181,30,,,0,70,,20182,30,,,0,28,,20183,30,,,0,70,,20184,30,,,0,30,,20185,30,,,0,70,,20186,30,,,0,30,,20187,30,,,0,70,,20188,30,,,0,30,,20189,30,,,0,70,,20190,30,,,0
2401,'259.0.3',707,,20191,30,,,0,30,,20192,30,,,0,74,,20193,30,,,0,31,,20194,30,,,0,70,,20195,30,,,0,30,,20196,30,,,0,65,,20197,30,,,0,30,,20198,30,,,0,70,,20199,30,,,0,31,,20200,30,,,0,71,,20201,30,,,0,30,,20202,30,,,0,70,,20203,30,,,0,30,,20204,30,,,0,70,,20205,30,,,0,33,,20206,30,,,0,70,,20207,30,,,0,38,,20208,30,,,0,70,,20209,30,,,0,30,,20210,30,,,0,70,,20211,30,,,0,23,,20212,30,,,0,68,,20213,30,,,0,30,,20214,30,,,0,66,,20215,30,,,0,28,,20216,30,,,0,66,,20217,30,,,0,30,,20218,30,,,0,70,,20219,30,,,0,30,,20220,30,,,0,70,,20221,30,,,0,30,,20222,30,,,0,70,,20223,30,,,0,30,,20224,30,,,0,70,,20225,30,,,0,30,,20226,30,,,0
12701,'259.0.3',1602,,23729,9,,,0,16,,23730,9,,,0,15,,23731,9,,,0,83,,23732,9,,,0,15,,23733,9,,,0,14,,23734,9,,,0,55,,23735,9,,,0
12701,'259.1141.3',1643,,23736,9,,,0,59,,23737,9,,,0
12701,'259.1143.3',1643,,23738,9,,,0,59,,23739,9,,,0
1000900,'259.0.1',707,,24530,26,,,0,100,,24531,26,,,0,100,,24532,26,,,0,101,,24533,26,,,0,100,,24534,26,,,0,96,,24535,26,,,0,102,,24536,26,,,0,100,,24537,26,,,0,100,,24538,26,,,0,100,,24539,26,,,0,100,,24540,26,,,0,100,,24541,26,,,0,100,,24542,26,,,0,101,,24543,26,,,0,100,,24544,26,,,0,100,,24545,26,,,0,100,,24546,26,,,0,100,,24547,26,,,0
1000900,'259.0.2',706,,24548,26,,,0,96,,24549,26,,,0,100,,24550,26,,,0,100,,24551,26,,,0,106,,24552,26,,,0,100,,24553,26,,,0,100,,24554,26,,,0,100,,24555,26,,,0,100,,24556,26,,,0,100,,24557,26,,,0,100,,24558,26,,,0,100,,24559,26,,,0,100,,24560,26,,,0,100,,24561,26,,,0,98,,24562,26,,,0,100,,24563,26,,,0,100,,24564,26,,,0,100,,24565,26,,,0
1000900,'259.0.3',621,,24566,26,,,0,30,,24567,26,,,0,70,,24568,26,,,0,32,,24569,26,,,0,72,,24570,26,,,0,29,,24571,26,,,0,52,,24572,26,,,0,15,,24573,26,,,0,30,,24574,26,,,0,55,,24575,26,,,0,15,,24576,26,,,0,30,,24577,26,,,0,57,,24578,26,,,0,13,,24579,26,,,0,27,,24580,26,,,0,55,,24581,26,,,0,15,,24582,26,,,0,30,,24583,26,,,0,55,,24584,26,,,0,15,,24585,26,,,0,30,,24586,26,,,0,55,,24587,26,,,0,15,,24588,26,,,0,30,,24589,26,,,0,68,,24590,26,,,0,25,,24591,26,,,0,9,,24592,26,,,0,59,,24593,26,,,0,10,,24594,26,,,0,20,,24595,26,,,0,10,,24596,26,,,0,60,,24597,26,,,0,10,,24598,26,,,0,10,,24599,26,,,0,19,,24600,26,,,0,5,,24601,26,,,0,6,,24602,26,,,0,56,,24603,26,,,0,10,,24604,26,,,0,20,,24605,26,,,0,10,,24606,26,,,0,70,,24607,26,,,0,30,,24608,26,,,0,70,,24609,26,,,0,30,,24610,26,,,0,68,,24611,26,,,0,27,,24612,26,,,0,55,,24613,26,,,0,15,,24614,26,,,0,35,,24615,26,,,0,60,,24616,26,,,0,40,,24617,26,,,0,60,,24618,26,,,0,40,,24619,26,,,0
2000900,'259.0.1',637,,25574,26,,,0,100,,25575,26,,,0,100,,25576,26,,,0,101,,25577,26,,,0,100,,25578,26,,,0,100,,25579,26,,,0,98,,25580,26,,,0,100,,25581,26,,,0,100,,25582,26,,,0,100,,25583,26,,,0,100,,25584,26,,,0,100,,25585,26,,,0,100,,25586,26,,,0,101,,25587,26,,,0,100,,25588,26,,,0,100,,25589,26,,,0,100,,25590,26,,,0,100,,25591,26,,,0,100,,25592,26,,,0
2000900,'259.0.2',637,,25593,26,,,0,97,,25594,26,,,0,98,,25595,26,,,0,100,,25596,26,,,0,106,,25597,26,,,0,100,,25598,26,,,0,100,,25599,26,,,0,100,,25600,26,,,0,100,,25601,26,,,0,100,,25602,26,,,0,100,,25603,26,,,0,100,,25604,26,,,0,100,,25605,26,,,0,100,,25606,26,,,0,98,,25607,26,,,0,100,,25608,26,,,0,100,,25609,26,,,0,100,,25610,26,,,0,100,,25611,26,,,0
2000900,'259.0.3',536,,25612,7,,,0,70,,25613,7,,,0,30,,25614,26,,,0,70,,25615,26,,,0,30,,25616,26,,,0,70,,25617,26,,,0,30,,25618,26,,,0,100,,25619,26,,,0,100,,25620,26,,,0,98,,25621,26,,,0,96,,25622,26,,,0,100,,25623,26,,,0,100,,25624,26,,,0,28,,25625,26,,,0,72,,25626,26,,,0,29,,25627,26,,,0,70,,25628,26,,,0,30,,25629,26,,,0,78,,25630,26,,,0,67,,25631,26,,,0,30,,25632,26,,,0,70,,25633,26,,,0,30,,25634,26,,,0,70,,25635,26,,,0,30,,25636,26,,,0,69,,25637,26,,,0,27,,25638,26,,,0,100,,25639,26,,,0,100,,25640,26,,,0,100,,25641,26,,,0,100,,25642,26,,,0
