13500,'259.0.3',649,,23740,29,,,0,70,,23741,29,,,0,29,,23742,29,,,0,55,,23743,29,,,0,15,,23744,29,,,0,15,,23745,29,,,0
13500,'259.1141.3',734,,23746,29,,,0
13500,'259.1143.3',734,,23747,29,,,0
13800,'259.0.3',630,,23783,36,,,0,29,,23784,36,,,0,55,,23785,36,,,0,15,,23786,36,,,0,29,,23787,36,,,0,45,,23788,36,,,0,25,,23789,36,,,0
19201,'259.0.3',639,,23937,17,,,0,70,,23932,17,,,0,30,,23933,17,,,0,70,,23934,17,,,0,30,,23935,17,,,0,70,,23936,17,,,0
19400,'259.0.3',708,,23938,13,,,0,30,,23939,13,,,0,69,,23940,13,,,0,30,,23941,13,,,0
19601,'259.0.3',711,,23950,28,,,0,29,,23951,28,,,0,65,,23952,28,,,0,34,,23953,28,,,0
1000700,'259.0.1',612,,24206,15,,,0,20,,24207,15,,,0,20,,24208,15,,,0,60,,24209,15,,,0,20,,24210,15,,,0,21,,24211,15,,,0,58,,24212,15,,,0,20,,24213,15,,,0,20,,24214,15,,,0,60,,24215,15,,,0,20,,24216,15,,,0,20,,24217,15,,,0,60,,24218,15,,,0,20,,24219,15,,,0,20,,24220,15,,,0,59,,24221,15,,,0,20,,24222,15,,,0,20,,24223,15,,,0,60,,24224,15,,,0,20,,24225,15,,,0,20,,24226,15,,,0,60,,24227,15,,,0,20,,24228,15,,,0,20,,24229,15,,,0,60,,24230,15,,,0,21,,24231,15,,,0,20,,24232,15,,,0,60,,24233,15,,,0,20,,24234,15,,,0,20,,24235,15,,,0,60,,24236,15,,,0,20,,24237,15,,,0,20,,24238,15,,,0,60,,24239,15,,,0,20,,24240,15,,,0,20,,24241,15,,,0,59,,24242,15,,,0,21,,24243,15,,,0,20,,24244,15,,,0,58,,24245,15,,,0,22,,24246,15,,,0,20,,24247,15,,,0,60,,24248,15,,,0,20,,24249,15,,,0,20,,24250,15,,,0,60,,24251,15,,,0,20,,24252,15,,,0,20,,24253,15,,,0,60,,24254,15,,,0,20,,24255,15,,,0,20,,24256,15,,,0,60,,24257,15,,,0,20,,24258,15,,,0,20,,24259,15,,,0
1000700,'259.0.2',612,,24260,15,,,0,30,,24261,15,,,0,70,,24262,15,,,0,30,,24263,15,,,0,70,,24264,15,,,0,31,,24265,15,,,0,67,,24266,15,,,0,30,,24267,15,,,0,70,,24268,15,,,0,30,,24269,15,,,0,70,,24270,15,,,0,30,,24271,15,,,0,70,,24272,15,,,0,30,,24273,15,,,0,70,,24274,15,,,0,30,,24275,15,,,0,70,,24276,15,,,0,30,,24277,15,,,0,70,,24278,15,,,0,30,,24279,15,,,0,70,,24280,15,,,0,30,,24281,15,,,0,70,,24282,15,,,0,30,,24283,15,,,0,70,,24284,15,,,0,30,,24285,15,,,0,71,,24286,15,,,0,30,,24287,15,,,0,70,,24288,15,,,0,30,,24289,15,,,0,70,,24290,15,,,0,30,,24291,15,,,0,70,,24292,15,,,0,30,,24293,15,,,0,70,,24294,15,,,0,30,,24295,15,,,0
1000700,'259.0.3',555,,24296,15,,,0,55,,24297,15,,,0,15,,24298,15,,,0,15,,24299,15,,,0,15,,24300,15,,,0,55,,24301,15,,,0,18,,24302,15,,,0,15,,24303,15,,,0,15,,24304,15,,,0,55,,24305,15,,,0,15,,24306,15,,,0,15,,24307,15,,,0,15,,24308,15,,,0,55,,24309,15,,,0,15,,24310,15,,,0,12,,24311,15,,,0,15,,24312,15,,,0,55,,24313,15,,,0,15,,24314,15,,,0,15,,24315,15,,,0,15,,24316,15,,,0,55,,24317,15,,,0,15,,24318,15,,,0,15,,24319,15,,,0,15,,24320,15,,,0,55,,24321,15,,,0,15,,24322,15,,,0,15,,24323,15,,,0,15,,24324,15,,,0,55,,24325,15,,,0,15,,24326,15,,,0,15,,24327,15,,,0,15,,24328,15,,,0,55,,24329,15,,,0,15,,24330,15,,,0,16,,24331,15,,,0,15,,24332,15,,,0,55,,24333,15,,,0,15,,24334,15,,,0,15,,24335,15,,,0,15,,24336,15,,,0,55,,24337,15,,,0,15,,24338,15,,,0,15,,24339,15,,,0,15,,24340,15,,,0,55,,24341,15,,,0,15,,24342,15,,,0,14,,24343,15,,,0,15,,24344,15,,,0,55,,24345,15,,,0,15,,24346,15,,,0,15,,24347,15,,,0,15,,24348,15,,,0,55,,24349,15,,,0,15,,24350,15,,,0,14,,24351,15,,,0,15,,24352,15,,,0,55,,24353,15,,,0,15,,24354,15,,,0,15,,24355,15,,,0,15,,24356,15,,,0,55,,24357,15,,,0,15,,24358,15,,,0,15,,24359,15,,,0,15,,24360,15,,,0,55,,24361,15,,,0,15,,24362,15,,,0,15,,24363,15,,,0,15,,24364,15,,,0,70,,24365,15,,,0,30,,24366,15,,,0,70,,24367,15,,,0
