200,'244.0.1',621,,9338,22,,,0,100,,9339,22,,,0,100,,9340,22,,,0,15,,9341,22,,,0,15,,9342,22,,,0,55,,9343,22,,,0,15,,9344,22,,,0,15,,9345,22,,,0,15,,9346,22,,,0,55,,9347,22,,,0,15,,9348,22,,,0,15,,9349,22,,,0,16,,9350,22,,,0,56,,9351,22,,,0,15,,9352,22,,,0,15,,9353,22,,,0,15,,9354,22,,,0,55,,9355,22,,,0,15,,9356,22,,,0,15,,9357,22,,,0,15,,9358,22,,,0,55,,9359,22,,,0,15,,9360,22,,,0,15,,9361,22,,,0,15,,9362,22,,,0,55,,9363,22,,,0,15,,9364,22,,,0,15,,9365,22,,,0,15,,9366,22,,,0,55,,9367,22,,,0,15,,9368,22,,,0,15,,9369,22,,,0,15,,9370,22,,,0,55,,9371,22,,,0,15,,9372,22,,,0,15,,9373,22,,,0,15,,9374,22,,,0,55,,9375,22,,,0,15,,9376,22,,,0,15,,9377,22,,,0,15,,9378,22,,,0,55,,9379,22,,,0,15,,9380,22,,,0,15,,9381,22,,,0,15,,9382,22,,,0,55,,9383,22,,,0,15,,9384,22,,,0,15,,9385,22,,,0,70,,9386,22,,,0,30,,9387,22,,,0,69,,9388,22,,,0,29,,9389,22,,,0,70,,9390,22,,,0,30,,9391,22,,,0,70,,9392,22,,,0,30,,9393,22,,,0,70,,9394,22,,,0,30,,9395,22,,,0
200,'244.0.2',609,,9396,22,,,0,100,,9397,22,,,0,100,,9398,22,,,0,30,,9399,22,,,0,20,,9400,22,,,0,60,,9401,22,,,0,20,,9402,22,,,0,20,,9403,22,,,0,60,,9404,22,,,0,20,,9405,22,,,0,63,,9406,22,,,0,20,,9407,22,,,0,20,,9408,22,,,0,60,,9409,22,,,0,20,,9410,22,,,0,20,,9411,22,,,0,60,,9412,22,,,0,20,,9413,22,,,0,20,,9414,22,,,0,60,,9415,22,,,0,20,,9416,22,,,0,20,,9417,22,,,0,60,,9418,22,,,0,20,,9419,22,,,0,20,,9420,22,,,0,60,,9421,22,,,0,20,,9422,22,,,0,20,,9423,22,,,0,60,,9424,22,,,0,20,,9425,22,,,0,20,,9426,22,,,0,60,,9427,22,,,0,20,,9428,22,,,0,28,,9429,22,,,0,68,,9430,22,,,0,30,,9431,22,,,0,70,,9432,22,,,0,30,,9433,22,,,0,70,,9434,22,,,0,30,,9435,22,,,0,70,,9436,22,,,0,30,,9437,22,,,0,70,,9438,22,,,0,30,,9439,22,,,0,70,,9440,22,,,0
200,'244.0.3',551,,9441,22,,,0,70,,9442,22,,,0,30,,9443,22,,,0,55,,9444,22,,,0,15,,9445,22,,,0,15,,9446,22,,,0,17,,9447,22,,,0,55,,9448,22,,,0,15,,9449,22,,,0,15,,9450,22,,,0,15,,9451,22,,,0,55,,9452,22,,,0,15,,9453,22,,,0,15,,9454,22,,,0,15,,9455,22,,,0,55,,9456,22,,,0,15,,9457,22,,,0,15,,9458,22,,,0,15,,9459,22,,,0,55,,9460,22,,,0,15,,9461,22,,,0,15,,9462,22,,,0,15,,9463,22,,,0,55,,9464,22,,,0,17,,9465,22,,,0,15,,9466,22,,,0,15,,9467,22,,,0,55,,9468,22,,,0,15,,9469,22,,,0,15,,9470,22,,,0,15,,9471,22,,,0,55,,9472,22,,,0,15,,9473,22,,,0,15,,9474,22,,,0,15,,9475,22,,,0,55,,9476,22,,,0,17,,9477,22,,,0,17,,9478,22,,,0,15,,9479,22,,,0,55,,9480,22,,,0,15,,9481,22,,,0,15,,9482,22,,,0,15,,9483,22,,,0,55,,9484,22,,,0,15,,9485,22,,,0,15,,9486,22,,,0,12,,9487,22,,,0,51,,9488,22,,,0,15,,9489,22,,,0,15,,9490,22,,,0,15,,9491,22,,,0,55,,9492,22,,,0,30,,9493,22,,,0,70,,9494,22,,,0,30,,9495,22,,,0,70,,9496,22,,,0,30,,9497,22,,,0,70,,9498,22,,,0,30,,9499,22,,,0,70,,9500,22,,,0,30,,9501,22,,,0,70,,9502,22,,,0,30,,9503,22,,,0
300,'244.0.1',657,,9670,44,,,0,100,,9671,44,,,0,100,,9672,44,,,0,70,,9673,44,,,0,30,,9674,44,,,0,70,,9675,44,,,0,30,,9676,44,,,0,70,,9677,44,,,0,30,,9678,44,,,0,71,,9679,44,,,0,30,,9680,44,,,0,70,,9681,44,,,0,30,,9682,44,,,0,70,,9683,44,,,0,30,,9684,44,,,0,70,,9685,44,,,0,30,,9686,44,,,0,70,,9687,44,,,0,30,,9688,44,,,0,70,,9689,44,,,0,30,,9690,44,,,0,70,,9691,44,,,0,30,,9692,44,,,0,67,,9693,44,,,0,29,,9694,44,,,0,70,,9695,44,,,0,30,,9696,44,,,0,70,,9697,44,,,0,30,,9698,44,,,0,70,,9699,44,,,0,30,,9700,44,,,0,70,,9701,44,,,0,30,,9702,44,,,0,70,,9703,44,,,0,30,,9704,44,,,0,60,,9705,44,,,0
300,'244.0.2',637,,9706,44,,,0,100,,9707,44,,,0,100,,9708,44,,,0,70,,9709,44,,,0,30,,9710,44,,,0,67,,9711,44,,,0,20,,9712,44,,,0,20,,9713,44,,,0,61,,9714,44,,,0,24,,9715,44,,,0,20,,9716,44,,,0,60,,9717,44,,,0,20,,9718,44,,,0,20,,9719,44,,,0,60,,9720,44,,,0,20,,9721,44,,,0,20,,9722,44,,,0,60,,9723,44,,,0,20,,9724,44,,,0,20,,9725,44,,,0,60,,9726,44,,,0,20,,9727,44,,,0,20,,9728,44,,,0,60,,9729,44,,,0,20,,9730,44,,,0,20,,9731,44,,,0,60,,9732,44,,,0,20,,9733,44,,,0,20,,9734,44,,,0,58,,9735,44,,,0,17,,9736,44,,,0,19,,9737,44,,,0,70,,9738,44,,,0,30,,9739,44,,,0,70,,9740,44,,,0,30,,9741,44,,,0,70,,9742,44,,,0,30,,9743,44,,,0,70,,9744,44,,,0,23,,9745,44,,,0,70,,9746,44,,,0,30,,9747,44,,,0,70,,9748,44,,,0,30,,9749,44,,,0
300,'244.0.3',611,,9750,44,,,0,30,,9751,44,,,0,15,,9752,44,,,0,55,,9753,44,,,0,15,,9754,44,,,0,18,,9755,44,,,0,57,,9756,44,,,0,19,,9757,44,,,0,15,,9758,44,,,0,15,,9759,44,,,0,54,,9760,44,,,0,15,,9761,44,,,0,15,,9762,44,,,0,15,,9763,44,,,0,60,,9764,44,,,0,20,,9765,44,,,0,20,,9766,44,,,0,60,,9767,44,,,0,20,,9768,44,,,0,20,,9769,44,,,0,60,,9770,44,,,0,20,,9771,44,,,0,20,,9772,44,,,0,60,,9773,44,,,0,20,,9774,44,,,0,20,,9775,44,,,0,60,,9776,44,,,0,20,,9777,44,,,0,20,,9778,44,,,0,60,,9779,44,,,0,20,,9780,44,,,0,10,,9781,44,,,0,11,,9782,44,,,0,61,,9783,44,,,0,15,,9784,44,,,0,15,,9785,44,,,0,15,,9786,44,,,0,55,,9787,44,,,0,15,,9788,44,,,0,15,,9789,44,,,0,14,,9790,44,,,0,53,,9791,44,,,0,13,,9792,44,,,0,13,,9793,44,,,0,15,,9794,44,,,0,54,,9795,44,,,0,7,,9796,44,,,0,17,,9797,44,,,0,20,,9798,44,,,0,60,,9799,44,,,0,20,,9800,44,,,0,20,,9801,44,,,0,60,,9802,44,,,0,20,,9803,44,,,0,10,,9804,44,,,0,70,,9805,44,,,0,30,,9806,44,,,0,70,,9807,44,,,0,30,,9808,44,,,0,70,,9809,44,,,0,30,,9810,44,,,0,70,,9811,44,,,0
2401,'244.0.1',628,,11292,25,,,0,30,,11293,25,,,0,70,,11294,25,,,0,30,,11295,25,,,0,70,,11296,25,,,0,30,,11297,25,,,0,70,,11298,25,,,0,30,,11299,25,,,0,76,,11300,25,,,0,71,,11301,25,,,0,30,,11302,25,,,0,71,,11303,25,,,0,32,,11304,25,,,0,70,,11305,25,,,0,30,,11306,25,,,0,70,,11307,25,,,0,30,,11308,25,,,0,70,,11309,25,,,0,28,,11310,25,,,0,70,,11311,25,,,0,30,,11312,25,,,0,70,,11313,25,,,0,30,,11314,25,,,0,70,,11315,25,,,0,30,,11316,25,,,0,67,,11317,25,,,0,27,,11318,25,,,0,70,,11319,25,,,0,30,,11320,25,,,0,70,,11321,25,,,0,28,,11322,25,,,0,30,,11323,25,,,0,70,,11324,25,,,0,30,,11325,25,,,0,70,,11326,25,,,0,30,,11327,25,,,0
2401,'244.0.2',626,,11328,25,,,0,30,,11329,25,,,0,70,,11330,25,,,0,30,,11331,25,,,0,70,,11332,25,,,0,30,,11333,25,,,0,70,,11334,25,,,0,32,,11335,25,,,0,76,,11336,25,,,0,70,,11337,25,,,0,30,,11338,25,,,0,70,,11339,25,,,0,30,,11340,25,,,0,70,,11341,25,,,0,30,,11342,25,,,0,70,,11343,25,,,0,30,,11344,25,,,0,70,,11345,25,,,0,30,,11346,25,,,0,70,,11347,25,,,0,30,,11348,25,,,0,70,,11349,25,,,0,30,,11350,25,,,0,70,,11351,25,,,0,30,,11352,25,,,0,68,,11353,25,,,0,28,,11354,25,,,0,70,,11355,25,,,0,28,,11356,25,,,0,30,,11357,25,,,0,70,,11358,25,,,0,30,,11359,25,,,0,70,,11360,25,,,0,30,,11361,25,,,0,70,,11362,25,,,0,30,,11363,25,,,0
2401,'244.0.3',704,,11364,25,,,0,30,,11365,25,,,0,74,,11366,25,,,0,31,,11367,25,,,0,70,,11368,25,,,0,30,,11369,25,,,0,65,,11370,25,,,0,30,,11371,25,,,0,70,,11372,25,,,0,31,,11373,25,,,0,71,,11374,25,,,0,30,,11375,25,,,0,70,,11376,25,,,0,30,,11377,25,,,0,70,,11378,25,,,0,32,,11379,25,,,0,70,,11380,25,,,0,37,,11381,25,,,0,70,,11382,25,,,0,30,,11383,25,,,0,70,,11384,25,,,0,24,,11385,25,,,0,68,,11386,25,,,0,30,,11387,25,,,0,67,,11388,25,,,0,28,,11389,25,,,0,26,,11390,25,,,0,70,,11391,25,,,0,30,,11392,25,,,0,70,,11393,25,,,0,30,,11394,25,,,0,70,,11395,25,,,0,30,,11396,25,,,0,70,,11397,25,,,0,30,,11398,25,,,0,70,,11399,25,,,0
2601,'244.0.3',712,,11521,3,,,0,30,,11522,3,,,0,69,,11523,3,,,0,700,,11526,3,,,0,45,,11524,3,,,0,70,,11525,3,,,0,100,,11527,3,,,0
2901,'244.0.1',702,,11809,40,,,0,30,,11810,40,,,0,70,,11811,40,,,0,30,,11812,40,,,0,70,,11813,40,,,0,30,,11814,40,,,0,70,,11815,40,,,0,31,,11816,40,,,0,73,,11817,40,,,0,28,,11818,40,,,0,70,,11819,40,,,0,30,,11820,40,,,0,70,,11821,40,,,0,30,,11822,40,,,0,70,,11823,40,,,0,30,,11824,40,,,0,67,,11825,40,,,0,33,,11826,40,,,0,70,,11827,40,,,0,30,,11828,40,,,0,70,,11829,40,,,0,30,,11830,40,,,0,70,,11831,40,,,0,30,,11832,40,,,0,67,,11833,40,,,0,31,,11834,40,,,0,68,,11835,40,,,0,100,,11836,40,,,0,100,,11837,40,,,0,100,,11838,40,,,0,100,,11839,40,,,0,41,,11840,40,,,0
2901,'244.0.2',659,,11841,40,,,0,70,,11842,40,,,0,30,,11843,40,,,0,70,,11844,40,,,0,30,,11845,40,,,0,70,,11846,40,,,0,71,,11847,40,,,0,32,,11848,40,,,0,69,,11849,40,,,0,30,,11850,40,,,0,70,,11851,40,,,0,30,,11852,40,,,0,70,,11853,40,,,0,30,,11854,40,,,0,70,,11855,40,,,0,30,,11856,40,,,0,70,,11857,40,,,0,30,,11858,40,,,0,70,,11859,40,,,0,30,,11860,40,,,0,70,,11861,40,,,0,30,,11862,40,,,0,70,,11863,40,,,0,30,,11864,40,,,0,70,,11865,40,,,0,58,,11866,40,,,0,100,,11867,40,,,0,100,,11868,40,,,0,100,,11869,40,,,0,100,,11870,40,,,0,83,,11871,40,,,0
2901,'244.0.3',647,,11872,40,,,0,55,,11873,40,,,0,15,,11874,40,,,0,17,,11875,40,,,0,15,,11876,40,,,0,55,,11877,40,,,0,15,,11878,40,,,0,15,,11879,40,,,0,15,,11880,40,,,0,54,,11881,40,,,0,15,,11882,40,,,0,28,,11883,40,,,0,70,,11884,40,,,0,30,,11885,40,,,0,70,,11886,40,,,0,30,,11887,40,,,0,70,,11888,40,,,0,30,,11889,40,,,0,70,,11890,40,,,0,30,,11891,40,,,0,71,,11892,40,,,0,33,,11893,40,,,0,72,,11894,40,,,0,30,,11895,40,,,0,55,,11896,40,,,0,15,,11897,40,,,0,15,,11898,40,,,0,15,,11899,40,,,0,54,,11900,40,,,0,15,,11901,40,,,0,15,,11902,40,,,0,11,,11903,40,,,0,53,,11904,40,,,0,15,,11905,40,,,0,15,,11906,40,,,0,15,,11907,40,,,0,55,,11908,40,,,0,15,,11909,40,,,0,30,,11910,40,,,0,70,,11911,40,,,0,30,,11912,40,,,0,70,,11913,40,,,0,30,,11914,40,,,0,70,,11915,40,,,0,30,,11916,40,,,0,100,,11917,40,,,0,94,,11918,40,,,0
9100,'244.0.1',711,,14751,3,,,0,100,,14752,3,,,0,100,,14753,3,,,0,100,,14754,3,,,0,100,,14755,3,,,0,100,,14756,3,,,0,100,,14757,3,,,0,100,,14758,3,,,0,100,,14759,3,,,0,100,,14760,3,,,0,100,,14761,3,,,0,100,,14762,3,,,0,100,,14763,3,,,0,100,,14764,3,,,0,100,,14765,3,,,0,100,,14766,3,,,0
9100,'244.0.2',741,,14767,3,,,0,100,,14768,3,,,0,100,,14769,3,,,0,100,,14770,3,,,0,100,,14771,3,,,0,100,,14772,3,,,0,100,,14773,3,,,0,100,,14774,3,,,0,100,,14775,3,,,0,100,,14776,3,,,0,100,,14777,3,,,0,100,,14778,3,,,0,100,,14779,3,,,0,100,,14780,3,,,0,100,,14781,3,,,0
9100,'244.0.3',622,,14782,3,,,0,24,,14783,3,,,0,66,,14784,3,,,0,36,,14785,3,,,0,69,,14786,3,,,0,31,,14787,3,,,0,100,,14788,3,,,0,103,,14789,3,,,0,100,,14790,3,,,0,99,,14791,3,,,0,100,,14792,3,,,0,100,,14793,3,,,0,70,,14794,3,,,0,30,,14795,3,,,0,70,,14796,3,,,0,30,,14797,3,,,0,70,,14798,3,,,0,31,,14799,3,,,0,70,,14800,3,,,0,100,,14801,3,,,0,100,,14802,3,,,0,100,,14803,3,,,0,100,,14804,3,,,0
