801,'244.0.1',550,,10684,42,,,0,70,,10685,42,,,0,30,,10686,42,,,0,70,,10687,42,,,0,30,,10688,42,,,0,72,,10689,42,,,0,30,,10690,42,,,0,70,,10691,42,,,0,30,,10692,42,,,0,74,,10693,42,,,0,30,,10694,42,,,0,70,,10695,42,,,0,30,,10696,42,,,0,70,,10697,42,,,0,30,,10698,42,,,0,71,,10699,42,,,0,30,,10700,42,,,0,70,,10701,42,,,0,30,,10702,42,,,0,70,,10703,42,,,0,30,,10704,42,,,0,70,,10705,42,,,0,30,,10706,42,,,0,70,,10707,42,,,0,29,,10708,42,,,0,69,,10709,42,,,0,30,,10710,42,,,0,70,,10711,42,,,0,26,,10712,42,,,0,69,,10713,42,,,0,30,,10714,42,,,0,70,,10715,42,,,0,30,,10716,42,,,0,70,,10717,42,,,0,30,,10718,42,,,0,70,,10719,42,,,0,30,,10720,42,,,0,100,,10721,42,,,0
801,'244.0.2',554,,10722,42,,,0,70,,10723,42,,,0,30,,10724,42,,,0,70,,10725,42,,,0,30,,10726,42,,,0,70,,10727,42,,,0,30,,10728,42,,,0,74,,10729,42,,,0,30,,10730,42,,,0,70,,10731,42,,,0,30,,10732,42,,,0,70,,10733,42,,,0,30,,10734,42,,,0,70,,10735,42,,,0,30,,10736,42,,,0,70,,10737,42,,,0,30,,10738,42,,,0,70,,10739,42,,,0,30,,10740,42,,,0,70,,10741,42,,,0,30,,10742,42,,,0,70,,10743,42,,,0,30,,10744,42,,,0,70,,10745,42,,,0,30,,10746,42,,,0,68,,10747,42,,,0,30,,10748,42,,,0,70,,10749,42,,,0,30,,10750,42,,,0,70,,10751,42,,,0,30,,10752,42,,,0,68,,10753,42,,,0,30,,10754,42,,,0,70,,10755,42,,,0,100,,10756,42,,,0,100,,10757,42,,,0
801,'244.0.3',539,,10758,42,,,0,70,,10759,42,,,0,30,,10760,42,,,0,20,,10761,42,,,0,62,,10762,42,,,0,20,,10763,42,,,0,60,,10764,42,,,0,20,,10765,42,,,0,20,,10766,42,,,0,60,,10767,42,,,0,18,,10768,42,,,0,20,,10769,42,,,0,20,,10770,42,,,0,60,,10771,42,,,0,20,,10772,42,,,0,20,,10773,42,,,0,60,,10774,42,,,0,20,,10775,42,,,0,20,,10776,42,,,0,60,,10777,42,,,0,20,,10778,42,,,0,20,,10779,42,,,0,60,,10780,42,,,0,20,,10781,42,,,0,20,,10782,42,,,0,60,,10783,42,,,0,20,,10784,42,,,0,20,,10785,42,,,0,62,,10786,42,,,0,33,,10787,42,,,0,70,,10788,42,,,0,30,,10789,42,,,0,70,,10790,42,,,0,30,,10791,42,,,0,66,,10792,42,,,0,28,,10793,42,,,0,70,,10794,42,,,0,30,,10795,42,,,0,70,,10796,42,,,0,30,,10797,42,,,0,68,,10798,42,,,0,29,,10799,42,,,0,70,,10800,42,,,0,30,,10801,42,,,0,70,,10802,42,,,0,30,,10803,42,,,0,70,,10804,42,,,0,30,,10805,42,,,0
9001,'244.0.1',613,,14654,27,,,0,30,,14655,27,,,0,70,,14656,27,,,0,25,,14657,27,,,0,70,,14658,27,,,0,30,,14659,27,,,0,70,,14660,27,,,0,25,,14661,27,,,0,71,,14662,27,,,0,31,,14663,27,,,0,70,,14664,27,,,0,30,,14665,27,,,0,70,,14666,27,,,0,30,,14667,27,,,0,70,,14668,27,,,0,30,,14669,27,,,0,70,,14670,27,,,0,30,,14671,27,,,0,70,,14672,27,,,0,30,,14673,27,,,0,70,,14674,27,,,0,30,,14675,27,,,0,70,,14676,27,,,0,35,,14677,27,,,0,69,,14678,27,,,0,29,,14679,27,,,0,70,,14680,27,,,0,30,,14681,27,,,0,70,,14682,27,,,0,100,,14683,27,,,0,100,,14684,27,,,0,100,,14685,27,,,0,100,,14686,27,,,0
9001,'244.0.2',601,,14687,27,,,0,100,,14688,27,,,0,100,,14689,27,,,0,100,,14690,27,,,0,55,,14691,27,,,0,102,,14692,27,,,0,100,,14693,27,,,0,142,,14694,27,,,0,100,,14695,27,,,0,58,,14696,27,,,0,100,,14697,27,,,0,100,,14698,27,,,0,99,,14699,27,,,0,143,,14700,27,,,0,105,,14701,27,,,0,98,,14702,27,,,0,100,,14703,27,,,0,99,,14704,27,,,0
9001,'244.0.3',544,,14705,27,,,0,70,,14706,27,,,0,30,,14707,27,,,0,58,,14739,27,,,0,13,,14708,27,,,0,15,,14740,27,,,0,10,,14709,27,,,0,15,,14741,27,,,0,55,,14710,27,,,0,17,,14742,27,,,0,15,,14711,27,,,0,15,,14743,27,,,0,55,,14712,27,,,0,30,,14713,27,,,0,65,,14714,27,,,0,30,,14715,27,,,0,70,,14716,27,,,0,30,,14717,27,,,0,70,,14718,27,,,0,30,,14719,27,,,0,70,,14720,27,,,0,30,,14721,27,,,0,70,,14722,27,,,0,30,,14723,27,,,0,70,,14724,27,,,0,32,,14725,27,,,0,61,,14744,27,,,0,22,,14726,27,,,0,8,,14745,27,,,0,25,,14727,27,,,0,55,,14746,27,,,0,15,,14728,27,,,0,15,,14747,27,,,0,13,,14729,27,,,0,53,,14748,27,,,0,13,,14730,27,,,0,12,,14749,27,,,0,13,,14731,27,,,0,12,,14750,27,,,0,53,,14732,27,,,0,30,,14733,27,,,0,70,,14734,27,,,0,30,,14735,27,,,0,100,,14736,27,,,0,100,,14737,27,,,0,100,,14738,27,,,0
9101,'244.0.1',807,,14805,31,,,0,100,,14806,31,,,0,100,,14807,31,,,0,100,,14808,31,,,0,100,,14809,31,,,0,100,,14810,31,,,0,100,,14811,31,,,0,100,,14812,31,,,0,100,,14813,31,,,0,100,,14814,31,,,0,100,,14815,31,,,0,100,,14816,31,,,0,100,,14817,31,,,0,100,,14818,31,,,0,100,,14819,31,,,0,100,,14820,31,,,0
9101,'244.0.2',836,,14821,31,,,0,100,,14822,31,,,0,100,,14823,31,,,0,100,,14824,31,,,0,100,,14825,31,,,0,100,,14826,31,,,0,100,,14827,31,,,0,100,,14828,31,,,0,100,,14829,31,,,0,100,,14830,31,,,0,100,,14831,31,,,0,100,,14832,31,,,0,100,,14833,31,,,0,100,,14834,31,,,0,100,,14835,31,,,0
9101,'244.0.3',611,,14836,31,,,0,30,,14837,31,,,0,75,,14838,31,,,0,24,,14839,31,,,0,70,,14840,31,,,0,37,,14841,31,,,0,68,,14842,31,,,0,29,,14843,31,,,0,100,,14844,31,,,0,103,,14845,31,,,0,100,,14846,31,,,0,99,,14847,31,,,0,108,,14848,31,,,0,101,,14849,31,,,0,71,,14850,31,,,0,30,,14851,31,,,0,72,,14852,31,,,0,30,,14853,31,,,0,65,,14854,31,,,0,94,,14855,31,,,0,100,,14856,31,,,0,100,,14857,31,,,0,100,,14858,31,,,0,100,,14859,31,,,0
9301,'244.0.3',616,,14867,28,,,0,30,,14868,28,,,0,70,,14869,28,,,0,29,,14870,28,,,0,71,,14871,28,,,0,31,,14872,28,,,0
