800,'259.0.1',607,,19386,37,,,0,30,,19387,37,,,0,70,,19388,37,,,0,30,,19389,37,,,0,71,,19390,37,,,0,23,,19391,37,,,0,22,,19392,37,,,0,70,,19393,37,,,0,30,,19394,37,,,0,70,,19395,37,,,0,31,,19396,37,,,0,69,,19397,37,,,0,30,,19398,37,,,0,70,,19399,37,,,0,30,,19400,37,,,0,70,,19401,37,,,0,30,,19402,37,,,0,70,,19403,37,,,0,32,,19404,37,,,0,70,,19405,37,,,0,30,,19406,37,,,0,70,,19407,37,,,0,30,,19408,37,,,0,70,,19409,37,,,0,30,,19410,37,,,0,69,,19411,37,,,0,30,,19412,37,,,0,70,,19413,37,,,0,30,,19414,37,,,0,70,,19415,37,,,0,30,,19416,37,,,0,70,,19417,37,,,0,30,,19418,37,,,0,70,,19419,37,,,0,26,,19420,37,,,0,69,,19421,37,,,0,30,,19422,37,,,0,100,,19423,37,,,0
800,'259.0.2',625,,19424,37,,,0,30,,19425,37,,,0,70,,19426,37,,,0,30,,19427,37,,,0,70,,19428,37,,,0,30,,19429,37,,,0,70,,19430,37,,,0,30,,19431,37,,,0,70,,19432,37,,,0,34,,19433,37,,,0,70,,19434,37,,,0,25,,19435,37,,,0,71,,19436,37,,,0,32,,19437,37,,,0,70,,19438,37,,,0,30,,19439,37,,,0,70,,19440,37,,,0,30,,19441,37,,,0,70,,19442,37,,,0,30,,19443,37,,,0,70,,19444,37,,,0,75,,19445,37,,,0,29,,19446,37,,,0,70,,19447,37,,,0,30,,19448,37,,,0,69,,19449,37,,,0,28,,19450,37,,,0,30,,19451,37,,,0,68,,19452,37,,,0,29,,19453,37,,,0,70,,19454,37,,,0,30,,19455,37,,,0,70,,19456,37,,,0,30,,19457,37,,,0,100,,19458,37,,,0,100,,19459,37,,,0
800,'259.0.3',556,,19462,37,,,0,70,,19463,37,,,0,30,,19464,37,,,0,77,,19465,37,,,0,72,,19466,37,,,0,31,,19467,37,,,0,70,,19468,37,,,0,30,,19469,37,,,0,70,,19470,37,,,0,20,,19471,37,,,0,20,,19472,37,,,0,60,,19473,37,,,0,20,,19474,37,,,0,20,,19475,37,,,0,60,,19476,37,,,0,20,,19477,37,,,0,20,,19478,37,,,0,60,,19479,37,,,0,20,,19480,37,,,0,20,,19481,37,,,0,60,,19482,37,,,0,20,,19483,37,,,0,20,,19484,37,,,0,61,,19485,37,,,0,29,,19486,37,,,0,64,,19487,37,,,0,20,,19488,37,,,0,20,,19489,37,,,0,60,,19490,37,,,0,20,,19491,37,,,0,20,,19492,37,,,0,60,,19493,37,,,0,17,,19494,37,,,0,26,,19495,37,,,0,10,,19510,37,,,0,50,,19496,37,,,0,30,,19497,37,,,0,70,,19498,37,,,0,30,,19499,37,,,0,69,,19500,37,,,0,28,,19501,37,,,0,29,,19502,37,,,0,70,,19503,37,,,0,30,,19504,37,,,0,70,,19505,37,,,0,30,,19506,37,,,0,70,,19507,37,,,0,30,,19508,37,,,0,70,,19509,37,,,0
9000,'259.0.1',631,,23385,29,,,0,25,,23386,29,,,0,70,,23387,29,,,0,30,,23388,29,,,0,70,,23389,29,,,0,25,,23390,29,,,0,70,,23391,29,,,0,30,,23392,29,,,0,66,,23393,29,,,0,33,,23394,29,,,0,70,,23395,29,,,0,30,,23396,29,,,0,70,,23397,29,,,0,27,,23398,29,,,0,70,,23399,29,,,0,30,,23400,29,,,0,70,,23401,29,,,0,30,,23402,29,,,0,70,,23403,29,,,0,30,,23404,29,,,0,70,,23405,29,,,0,33,,23406,29,,,0,70,,23407,29,,,0,30,,23408,29,,,0,70,,23409,29,,,0,30,,23410,29,,,0,70,,23411,29,,,0,30,,23412,29,,,0,70,,23413,29,,,0,104,,23414,29,,,0,100,,23415,29,,,0,100,,23416,29,,,0,100,,23417,29,,,0
9000,'259.0.2',619,,23418,29,,,0,100,,23419,29,,,0,100,,23420,29,,,0,95,,23421,29,,,0,97,,23422,29,,,0,101,,23423,29,,,0,102,,23424,29,,,0,100,,23425,29,,,0,98,,23426,29,,,0,100,,23427,29,,,0,100,,23428,29,,,0,100,,23429,29,,,0,103,,23430,29,,,0,103,,23431,29,,,0,101,,23432,29,,,0,100,,23433,29,,,0,100,,23434,29,,,0,100,,23435,29,,,0
9000,'259.0.3',617,,23469,29,,,0,15,,23468,29,,,0,15,,23436,29,,,0,55,,23470,29,,,0,15,,23437,29,,,0,15,,23471,29,,,0,15,,23438,29,,,0,55,,23472,29,,,0,20,,23439,29,,,0,30,,23440,29,,,0,65,,23441,29,,,0,31,,23442,29,,,0,69,,23443,29,,,0,30,,23444,29,,,0,70,,23445,29,,,0,28,,23446,29,,,0,71,,23447,29,,,0,30,,23448,29,,,0,70,,23449,29,,,0,30,,23450,29,,,0,70,,23451,29,,,0,36,,23452,29,,,0,57,,23473,29,,,0,15,,23453,29,,,0,15,,23474,29,,,0,15,,23454,29,,,0,55,,23475,29,,,0,15,,23455,29,,,0,15,,23476,29,,,0,15,,23480,29,,,0,55,,23477,29,,,0,15,,23456,29,,,0,15,,23478,29,,,0,13,,23457,29,,,0,50,,23479,29,,,0,12,,23458,29,,,0,35,,23459,29,,,0,70,,23460,29,,,0,30,,23461,29,,,0,70,,23462,29,,,0,30,,23463,29,,,0,100,,23464,29,,,0,97,,23465,29,,,0,100,,23466,29,,,0,100,,23467,29,,,0
9100,'259.0.1',723,,23578,16,,,0,100,,23579,16,,,0,100,,23580,16,,,0,100,,23581,16,,,0,100,,23582,16,,,0,100,,23583,16,,,0,100,,23584,16,,,0,100,,23585,16,,,0,100,,23586,16,,,0,100,,23587,16,,,0,100,,23588,16,,,0,100,,23589,16,,,0,100,,23590,16,,,0,100,,23591,16,,,0,100,,23592,16,,,0,100,,23593,16,,,0
9100,'259.0.2',752,,23594,16,,,0,100,,23595,16,,,0,100,,23596,16,,,0,100,,23597,16,,,0,100,,23598,16,,,0,100,,23599,16,,,0,100,,23600,16,,,0,100,,23601,16,,,0,100,,23602,16,,,0,100,,23603,16,,,0,100,,23604,16,,,0,100,,23605,16,,,0,100,,23606,16,,,0,100,,23607,16,,,0,100,,23608,16,,,0
9100,'259.0.3',633,,23609,16,,,0,24,,23610,16,,,0,68,,23611,16,,,0,76,,23612,16,,,0,29,,23613,16,,,0,70,,23614,16,,,0,100,,23615,16,,,0,103,,23616,16,,,0,100,,23617,16,,,0,99,,23618,16,,,0,101,,23619,16,,,0,101,,23620,16,,,0,30,,23621,16,,,0,70,,23622,16,,,0,30,,23623,16,,,0,70,,23624,16,,,0,30,,23625,16,,,0,71,,23626,16,,,0,29,,23627,16,,,0,97,,23628,16,,,0,100,,23629,16,,,0,100,,23630,16,,,0,100,,23631,16,,,0
9300,'259.0.3',1541,,23687,23,,,0,66,,23688,23,,,0,42,,23689,23,,,0,62,,23690,23,,,0,35,,23691,23,,,0,60,,23692,23,,,0,30,,23693,23,,,0
