2400,'244.0.1',606,,11184,13,,,0,30,,11185,13,,,0,70,,11186,13,,,0,30,,11187,13,,,0,70,,11188,13,,,0,30,,11189,13,,,0,70,,11190,13,,,0,30,,11191,13,,,0,71,,11192,13,,,0,30,,11193,13,,,0,70,,11194,13,,,0,30,,11195,13,,,0,70,,11196,13,,,0,30,,11197,13,,,0,70,,11198,13,,,0,30,,11199,13,,,0,70,,11200,13,,,0,30,,11201,13,,,0,70,,11202,13,,,0,30,,11203,13,,,0,70,,11204,13,,,0,30,,11205,13,,,0,70,,11206,13,,,0,30,,11207,13,,,0,70,,11208,13,,,0,29,,11209,13,,,0,70,,11210,13,,,0,30,,11211,13,,,0,70,,11212,13,,,0,30,,11213,13,,,0,70,,11214,13,,,0,30,,11215,13,,,0,70,,11216,13,,,0,30,,11217,13,,,0,70,,11218,13,,,0,30,,11219,13,,,0
2400,'244.0.2',606,,11220,13,,,0,30,,11221,13,,,0,70,,11222,13,,,0,30,,11223,13,,,0,70,,11224,13,,,0,30,,11225,13,,,0,70,,11226,13,,,0,31,,11227,13,,,0,70,,11228,13,,,0,30,,11229,13,,,0,70,,11230,13,,,0,30,,11231,13,,,0,70,,11232,13,,,0,30,,11233,13,,,0,70,,11234,13,,,0,30,,11235,13,,,0,70,,11236,13,,,0,30,,11237,13,,,0,70,,11238,13,,,0,30,,11239,13,,,0,70,,11240,13,,,0,30,,11241,13,,,0,70,,11242,13,,,0,30,,11243,13,,,0,70,,11244,13,,,0,29,,11245,13,,,0,70,,11246,13,,,0,30,,11247,13,,,0,70,,11248,13,,,0,30,,11249,13,,,0,70,,11250,13,,,0,30,,11251,13,,,0,70,,11252,13,,,0,30,,11253,13,,,0,70,,11254,13,,,0,30,,11255,13,,,0
2400,'244.0.3',607,,11256,13,,,0,30,,11257,13,,,0,66,,11258,13,,,0,29,,11259,13,,,0,70,,11260,13,,,0,34,,11261,13,,,0,71,,11262,13,,,0,30,,11263,13,,,0,70,,11264,13,,,0,30,,11265,13,,,0,70,,11266,13,,,0,30,,11267,13,,,0,70,,11268,13,,,0,30,,11269,13,,,0,70,,11270,13,,,0,30,,11271,13,,,0,70,,11272,13,,,0,30,,11273,13,,,0,70,,11274,13,,,0,30,,11275,13,,,0,70,,11276,13,,,0,30,,11277,13,,,0,70,,11278,13,,,0,30,,11279,13,,,0,70,,11280,13,,,0,30,,11281,13,,,0,69,,11282,13,,,0,30,,11283,13,,,0,70,,11284,13,,,0,30,,11285,13,,,0,70,,11286,13,,,0,30,,11287,13,,,0,70,,11288,13,,,0,30,,11289,13,,,0,70,,11290,13,,,0,30,,11291,13,,,0
2501,'244.0.1',700,,11458,9,,,0,100,,11459,9,,,0,100,,11460,9,,,0,100,,11461,9,,,0,100,,11462,9,,,0,100,,11463,9,,,0,100,,11464,9,,,0,100,,11465,9,,,0,100,,11466,9,,,0,100,,11467,9,,,0,100,,11468,9,,,0,100,,11469,9,,,0,100,,11470,9,,,0,100,,11471,9,,,0,100,,11472,9,,,0,100,,11473,9,,,0
2501,'244.0.2',800,,11474,9,,,0,100,,11475,9,,,0,100,,11476,9,,,0,100,,11477,9,,,0,100,,11478,9,,,0,100,,11479,9,,,0,100,,11480,9,,,0,100,,11481,9,,,0,100,,11482,9,,,0,100,,11483,9,,,0,100,,11484,9,,,0,100,,11485,9,,,0,100,,11486,9,,,0,100,,11487,9,,,0
2501,'244.0.3',602,,11488,9,,,0,30,,11489,9,,,0,70,,11490,9,,,0,30,,11491,9,,,0,70,,11492,9,,,0,30,,11493,9,,,0,70,,11494,9,,,0,30,,11495,9,,,0,100,,11496,9,,,0,100,,11497,9,,,0,100,,11498,9,,,0,100,,11499,9,,,0,100,,11500,9,,,0,100,,11501,9,,,0,74,,11502,9,,,0,32,,11503,9,,,0,72,,11504,9,,,0,26,,11505,9,,,0,70,,11506,9,,,0,26,,11507,9,,,0,70,,11508,9,,,0,30,,11509,9,,,0,100,,11510,9,,,0,100,,11511,9,,,0,100,,11512,9,,,0,100,,11513,9,,,0
12700,'244.0.3',619,,14893,7,,,0,18,,14894,7,,,0,19,,14895,7,,,0,48,,14896,7,,,0,8,,14897,7,,,0,17,,14898,7,,,0,13,,14899,7,,,0,15,,14900,7,,,0,45,,14901,7,,,0
1000901,'244.0.1',649,,15814,18,,,0,100,,15815,18,,,0,100,,15816,18,,,0,100,,15817,18,,,0,100,,15818,18,,,0,100,,15819,18,,,0,100,,15820,18,,,0,100,,15821,18,,,0,100,,15822,18,,,0,100,,15823,18,,,0,100,,15824,18,,,0,99,,15825,18,,,0,100,,15826,18,,,0,100,,15827,18,,,0,100,,15828,18,,,0,100,,15829,18,,,0,100,,15830,18,,,0,100,,15831,18,,,0
1000901,'244.0.2',649,,15832,18,,,0,98,,15833,18,,,0,101,,15834,18,,,0,100,,15835,18,,,0,100,,15836,18,,,0,100,,15837,18,,,0,100,,15838,18,,,0,100,,15839,18,,,0,100,,15840,18,,,0,100,,15841,18,,,0,100,,15842,18,,,0,100,,15843,18,,,0,100,,15844,18,,,0,100,,15845,18,,,0,99,,15846,18,,,0,100,,15847,18,,,0,100,,15848,18,,,0,101,,15849,18,,,0
1000901,'244.0.3',534,,15850,18,,,0,67,,15851,18,,,0,25,,15852,18,,,0,10,,15853,18,,,0,5,,15854,18,,,0,15,,15855,18,,,0,50,,15856,18,,,0,5,,15857,18,,,0,15,,15858,18,,,0,10,,15859,18,,,0,20,,15860,18,,,0,50,,15861,18,,,0,20,,15862,18,,,0,9,,15863,18,,,0,20,,15864,18,,,0,50,,15865,18,,,0,25,,15866,18,,,0,15,,15867,18,,,0,55,,15868,18,,,0,30,,15869,18,,,0,15,,15870,18,,,0,55,,15871,18,,,0,30,,15872,18,,,0,15,,15873,18,,,0,55,,15874,18,,,0,30,,15875,18,,,0,15,,15876,18,,,0,55,,15877,18,,,0,30,,15878,18,,,0,15,,15879,18,,,0,55,,15880,18,,,0,30,,15881,18,,,0,15,,15882,18,,,0,55,,15883,18,,,0,30,,15884,18,,,0,25,,15885,18,,,0,45,,15886,18,,,0,25,,15887,18,,,0,10,,15888,18,,,0,20,,15889,18,,,0,50,,15890,18,,,0,20,,15891,18,,,0,10,,15892,18,,,0,20,,15893,18,,,0,50,,15894,18,,,0,19,,15895,18,,,0,10,,15896,18,,,0,25,,15897,18,,,0,70,,15898,18,,,0,71,,15899,18,,,0,29,,15900,18,,,0,30,,15901,18,,,0,70,,15902,18,,,0,30,,15903,18,,,0,75,,15904,18,,,0,20,,15905,18,,,0,80,,15906,18,,,0,20,,15907,18,,,0,80,,15908,18,,,0,20,,15909,18,,,0
2000901,'244.0.1',619,,16829,34,,,0,100,,16830,34,,,0,99,,16831,34,,,0,101,,16832,34,,,0,100,,16833,34,,,0,100,,16834,34,,,0,100,,16835,34,,,0,100,,16836,34,,,0,100,,16837,34,,,0,100,,16838,34,,,0,100,,16839,34,,,0,100,,16840,34,,,0,99,,16841,34,,,0,100,,16842,34,,,0,100,,16843,34,,,0,100,,16844,34,,,0,100,,16845,34,,,0,100,,16846,34,,,0,100,,16847,34,,,0
2000901,'244.0.2',619,,16848,34,,,0,100,,16849,34,,,0,98,,16850,34,,,0,101,,16851,34,,,0,100,,16852,34,,,0,100,,16853,34,,,0,100,,16854,34,,,0,100,,16855,34,,,0,100,,16856,34,,,0,100,,16857,34,,,0,100,,16858,34,,,0,100,,16859,34,,,0,100,,16860,34,,,0,100,,16861,34,,,0,99,,16862,34,,,0,100,,16863,34,,,0,100,,16864,34,,,0,100,,16865,34,,,0,100,,16866,34,,,0
2000901,'244.0.3',546,,16867,34,,,0,70,,16868,34,,,0,30,,16869,34,,,0,70,,16870,34,,,0,30,,16871,34,,,0,70,,16872,34,,,0,30,,16873,34,,,0,69,,16874,34,,,0,100,,16875,34,,,0,100,,16876,34,,,0,100,,16877,34,,,0,100,,16878,34,,,0,100,,16879,34,,,0,100,,16880,34,,,0,30,,16881,34,,,0,70,,16882,34,,,0,30,,16883,34,,,0,70,,16884,34,,,0,30,,16885,34,,,0,70,,16886,34,,,0,29,,16887,34,,,0,70,,16888,34,,,0,30,,16889,34,,,0,70,,16890,34,,,0,30,,16891,34,,,0,70,,16892,34,,,0,24,,16893,34,,,0,70,,16894,34,,,0,100,,16895,34,,,0,100,,16896,34,,,0
