5400,'244.0.1',614,,12258,21,,,0,100,,12259,21,,,0,100,,12260,21,,,0,100,,12261,21,,,0,102,,12262,21,,,0,100,,12263,21,,,0,100,,12264,21,,,0,100,,12265,21,,,0,100,,12266,21,,,0,100,,12267,21,,,0,100,,12268,21,,,0,100,,12269,21,,,0,98,,12270,21,,,0,100,,12271,21,,,0,100,,12272,21,,,0,100,,12273,21,,,0,100,,12274,21,,,0
5400,'244.0.2',814,,12275,21,,,0,100,,12276,21,,,0,102,,12277,21,,,0,100,,12278,21,,,0,100,,12279,21,,,0,100,,12280,21,,,0,100,,12281,21,,,0,100,,12282,21,,,0,100,,12283,21,,,0,100,,12284,21,,,0,98,,12285,21,,,0,100,,12286,21,,,0,100,,12287,21,,,0,100,,12288,21,,,0
5400,'244.0.3',615,,12289,21,,,0,28,,12290,21,,,0,70,,12291,21,,,0,30,,12292,21,,,0,70,,12293,21,,,0,31,,12294,21,,,0,75,,12295,21,,,0,100,,12296,21,,,0,100,,12297,21,,,0,103,,12298,21,,,0,100,,12299,21,,,0,100,,12300,21,,,0,100,,12301,21,,,0,30,,12302,21,,,0,70,,12303,21,,,0,29,,12304,21,,,0,70,,12305,21,,,0,27,,12306,21,,,0,71,,12307,21,,,0,30,,12308,21,,,0,70,,12309,21,,,0,30,,12310,21,,,0,70,,12311,21,,,0,100,,12312,21,,,0
6700,'244.0.1',800,,13380,7,,,0,100,,13381,7,,,0,104,,13382,7,,,0,101,,13383,7,,,0,100,,13384,7,,,0,100,,13385,7,,,0,100,,13386,7,,,0,100,,13387,7,,,0,100,,13388,7,,,0,100,,13389,7,,,0,100,,13390,7,,,0,96,,13391,7,,,0,99,,13392,7,,,0,100,,13393,7,,,0,100,,13394,7,,,0,100,,13395,7,,,0
6700,'244.0.2',758,,13396,7,,,0,100,,13397,7,,,0,100,,13398,7,,,0,146,,13399,7,,,0,100,,13400,7,,,0,100,,13401,7,,,0,100,,13402,7,,,0,100,,13403,7,,,0,100,,13404,7,,,0,100,,13405,7,,,0,97,,13406,7,,,0,100,,13407,7,,,0,100,,13408,7,,,0,100,,13409,7,,,0,57,,13410,7,,,0,100,,13411,7,,,0
6700,'244.0.3',611,,13412,7,,,0,30,,13413,7,,,0,70,,13414,7,,,0,30,,13415,7,,,0,70,,13416,7,,,0,30,,13417,7,,,0,70,,13418,7,,,0,100,,13419,7,,,0,98,,13420,7,,,0,100,,13421,7,,,0,100,,13422,7,,,0,100,,13423,7,,,0,99,,13424,7,,,0,30,,13425,7,,,0,70,,13426,7,,,0,30,,13427,7,,,0,70,,13428,7,,,0,31,,13429,7,,,0,73,,13430,7,,,0,30,,13431,7,,,0,100,,13432,7,,,0,100,,13433,7,,,0,100,,13434,7,,,0,100,,13435,7,,,0
7201,'244.0.1',648,,13675,17,,,0,77,,13676,37,,,0,30,,13677,37,,,0,70,,13678,37,,,0,30,,13679,37,,,0,70,,13680,37,,,0,30,,13681,37,,,0,77,,13682,37,,,0,70,,13683,37,,,0,30,,13684,37,,,0,76,,13685,37,,,0,30,,13686,37,,,0,70,,13687,37,,,0,30,,13688,37,,,0,70,,13689,37,,,0,30,,13690,37,,,0,70,,13691,37,,,0,30,,13692,37,,,0,70,,13693,37,,,0,30,,13694,37,,,0,70,,13695,37,,,0,30,,13696,37,,,0,70,,13697,37,,,0,25,,13698,37,,,0,25,,13699,37,,,0,70,,13700,37,,,0,100,,13701,37,,,0,100,,13702,37,,,0,100,,13703,37,,,0,100,,13704,37,,,0,100,,13705,37,,,0
7201,'244.0.2',724,,13706,17,,,0,100,,13707,37,,,0,100,,13708,37,,,0,100,,13709,37,,,0,105,,13710,37,,,0,106,,13711,37,,,0,100,,13712,37,,,0,100,,13713,37,,,0,100,,13714,37,,,0,100,,13715,37,,,0,100,,13716,37,,,0,95,,13717,37,,,0,100,,13718,37,,,0,92,,13719,37,,,0,100,,13720,37,,,0,100,,13721,37,,,0,100,,13722,37,,,0
7201,'244.0.3',700,,13723,37,,,0,30,,13724,37,,,0,70,,13725,37,,,0,33,,13726,37,,,0,72,,13727,37,,,0,32,,13728,37,,,0,70,,13729,37,,,0,28,,13730,37,,,0,70,,13731,37,,,0,30,,13732,37,,,0,70,,13733,37,,,0,30,,13734,37,,,0,70,,13735,37,,,0,30,,13736,37,,,0,70,,13737,37,,,0,30,,13738,37,,,0,74,,13739,37,,,0,30,,13740,37,,,0,71,,13741,37,,,0,31,,13742,37,,,0,70,,13743,37,,,0,30,,13744,37,,,0,70,,13745,37,,,0,28,,13746,37,,,0,64,,13747,37,,,0,24,,13748,37,,,0,100,,13749,37,,,0,100,,13750,37,,,0,100,,13751,37,,,0,100,,13752,37,,,0
3001000,'244.0.1',548,,17447,2,0,5,0,89,,17448,41,,,0,100,,17449,41,,,0,70,,17450,41,,,0,30,,17451,41,,,0,70,,17452,41,,,0,31,,17453,41,,,0,73,,17454,41,,,0,30,,17455,41,,,0,70,,17456,41,,,0,31,,17457,41,,,0,73,,17458,41,,,0,30,,17459,41,,,0,70,,17460,41,,,0,30,,17461,41,,,0,70,,17462,41,,,0,30,,17463,41,,,0,70,,17464,41,,,0,30,,17465,41,,,0,70,,17466,41,,,0,30,,17467,41,,,0,70,,17468,41,,,0,30,,17469,41,,,0,70,,17470,41,,,0,29,,17471,41,,,0,68,,17472,41,,,0,30,,17473,41,,,0,100,,17474,41,,,0,99,,17475,41,,,0,96,,17476,41,,,0,100,,17477,41,,,0,100,,17478,41,,,0
3001000,'244.0.2',549,,17479,2,0,5,0,85,,17480,41,,,0,100,,17481,41,,,0,70,,17482,41,,,0,30,,17483,41,,,0,70,,17484,41,,,0,30,,17485,41,,,0,71,,17486,41,,,0,34,,17487,41,,,0,70,,17488,41,,,0,30,,17489,41,,,0,70,,17490,41,,,0,30,,17491,41,,,0,70,,17492,41,,,0,30,,17493,41,,,0,70,,17494,41,,,0,33,,17495,41,,,0,70,,17496,41,,,0,30,,17497,41,,,0,70,,17498,41,,,0,30,,17499,41,,,0,70,,17500,41,,,0,30,,17501,41,,,0,70,,17502,41,,,0,30,,17503,41,,,0,100,,17504,41,,,0,95,,17505,41,,,0,100,,17506,41,,,0,100,,17507,41,,,0,100,,17508,41,,,0
3001000,'244.0.3',512,,17509,2,0,5,0,30,,17510,2,0,5,0,70,,17511,2,0,5,0,15,,17512,41,,,0,19,,17513,41,,,0,60,,17514,41,,,0,19,,17515,41,,,0,18,,17516,41,,,0,57,,17517,41,,,0,20,,17518,41,,,0,33,,17519,41,,,0,60,,17520,41,,,0,20,,17521,41,,,0,68,,17522,41,,,0,30,,17523,41,,,0,70,,17524,41,,,0,30,,17525,41,,,0,70,,17526,41,,,0,30,,17527,41,,,0,70,,17528,41,,,0,30,,17529,41,,,0,70,,17530,41,,,0,30,,17531,41,,,0,20,,17532,41,,,0,60,,17533,41,,,0,20,,17534,41,,,0,21,,17535,41,,,0,67,,17536,41,,,0,23,,17537,41,,,0,60,,17538,41,,,0,20,,17539,41,,,0,18,,17540,41,,,0,19,,17541,41,,,0,58,,17542,41,,,0,13,,17543,41,,,0,16,,17544,41,,,0,60,,17545,41,,,0,20,,17546,41,,,0,19,,17547,41,,,0,70,,17548,41,,,0,30,,17549,41,,,0,70,,17550,41,,,0,30,,17551,41,,,0,68,,17552,41,,,0,27,,17553,41,,,0,70,,17554,41,,,0,30,,17555,41,,,0,70,,17556,41,,,0,30,,17557,41,,,0
