200,'259.0.1',617,,18165,19,,,0,100,,18166,19,,,0,100,,18167,19,,,0,15,,18168,19,,,0,15,,18169,19,,,0,55,,18170,19,,,0,15,,18171,19,,,0,15,,18172,19,,,0,15,,18173,19,,,0,55,,18174,19,,,0,15,,18175,19,,,0,15,,18176,19,,,0,16,,18177,19,,,0,55,,18178,19,,,0,15,,18179,19,,,0,15,,18180,19,,,0,15,,18181,19,,,0,55,,18182,19,,,0,15,,18183,19,,,0,15,,18184,19,,,0,15,,18185,19,,,0,55,,18186,19,,,0,15,,18187,19,,,0,15,,18188,19,,,0,15,,18189,19,,,0,55,,18190,19,,,0,15,,18191,19,,,0,15,,18192,19,,,0,15,,18193,19,,,0,55,,18194,19,,,0,15,,18195,19,,,0,15,,18196,19,,,0,15,,18197,19,,,0,55,,18198,19,,,0,15,,18199,19,,,0,15,,18200,19,,,0,15,,18201,19,,,0,55,,18202,19,,,0,15,,18203,19,,,0,15,,18204,19,,,0,15,,18205,19,,,0,55,,18206,19,,,0,15,,18207,19,,,0,15,,18208,19,,,0,15,,18209,19,,,0,55,,18210,19,,,0,15,,18211,19,,,0,15,,18212,19,,,0,70,,18213,19,,,0,30,,18214,19,,,0,70,,18215,19,,,0,29,,18216,19,,,0,70,,18217,19,,,0,30,,18218,19,,,0,70,,18219,19,,,0,30,,18220,19,,,0,70,,18221,19,,,0,30,,18222,19,,,0
200,'259.0.2',606,,18223,19,,,0,100,,18224,19,,,0,100,,18225,19,,,0,30,,18226,19,,,0,20,,18227,19,,,0,60,,18228,19,,,0,20,,18229,19,,,0,20,,18230,19,,,0,60,,18231,19,,,0,20,,18232,19,,,0,21,,18233,19,,,0,60,,18234,19,,,0,20,,18235,19,,,0,20,,18236,19,,,0,60,,18237,19,,,0,20,,18238,19,,,0,20,,18239,19,,,0,60,,18240,19,,,0,20,,18241,19,,,0,20,,18242,19,,,0,60,,18243,19,,,0,20,,18244,19,,,0,20,,18245,19,,,0,60,,18246,19,,,0,20,,18247,19,,,0,20,,18248,19,,,0,60,,18249,19,,,0,20,,18250,19,,,0,20,,18251,19,,,0,60,,18252,19,,,0,20,,18253,19,,,0,20,,18254,19,,,0,60,,18255,19,,,0,30,,18256,19,,,0,68,,18257,19,,,0,30,,18258,19,,,0,70,,18259,19,,,0,30,,18260,19,,,0,70,,18261,19,,,0,30,,18262,19,,,0,70,,18263,19,,,0,30,,18264,19,,,0,70,,18265,19,,,0,30,,18266,19,,,0,70,,18267,19,,,0
200,'259.0.3',547,,18268,19,,,0,70,,18269,19,,,0,30,,18270,19,,,0,55,,18271,19,,,0,15,,18272,19,,,0,15,,18273,19,,,0,16,,18274,19,,,0,55,,18275,19,,,0,15,,18276,19,,,0,15,,18277,19,,,0,15,,18278,19,,,0,55,,18279,19,,,0,15,,18280,19,,,0,15,,18281,19,,,0,15,,18282,19,,,0,55,,18283,19,,,0,15,,18284,19,,,0,15,,18285,19,,,0,15,,18286,19,,,0,55,,18287,19,,,0,15,,18288,19,,,0,15,,18289,19,,,0,15,,18290,19,,,0,55,,18291,19,,,0,17,,18292,19,,,0,15,,18293,19,,,0,15,,18294,19,,,0,55,,18295,19,,,0,15,,18296,19,,,0,15,,18297,19,,,0,15,,18298,19,,,0,55,,18299,19,,,0,15,,18300,19,,,0,15,,18301,19,,,0,15,,18302,19,,,0,55,,18303,19,,,0,16,,18304,19,,,0,17,,18305,19,,,0,15,,18306,19,,,0,55,,18307,19,,,0,15,,18308,19,,,0,15,,18309,19,,,0,15,,18310,19,,,0,55,,18311,19,,,0,15,,18312,19,,,0,15,,18313,19,,,0,13,,18314,19,,,0,52,,18315,19,,,0,15,,18316,19,,,0,15,,18317,19,,,0,15,,18318,19,,,0,55,,18319,19,,,0,30,,18320,19,,,0,70,,18321,19,,,0,30,,18322,19,,,0,70,,18323,19,,,0,30,,18324,19,,,0,70,,18325,19,,,0,30,,18326,19,,,0,70,,18327,19,,,0,30,,18328,19,,,0,70,,18329,19,,,0,30,,18330,19,,,0
300,'259.0.1',654,,18497,41,,,0,100,,18498,41,,,0,100,,18499,41,,,0,70,,18500,41,,,0,30,,18501,41,,,0,70,,18502,41,,,0,30,,18503,41,,,0,70,,18504,41,,,0,30,,18505,41,,,0,71,,18506,41,,,0,30,,18507,41,,,0,70,,18508,41,,,0,30,,18509,41,,,0,70,,18510,41,,,0,30,,18511,41,,,0,70,,18512,41,,,0,30,,18513,41,,,0,70,,18514,41,,,0,30,,18515,41,,,0,70,,18516,41,,,0,30,,18517,41,,,0,70,,18518,41,,,0,30,,18519,41,,,0,67,,18520,41,,,0,29,,18521,41,,,0,70,,18522,41,,,0,30,,18523,41,,,0,70,,18524,41,,,0,30,,18525,41,,,0,70,,18526,41,,,0,30,,18527,41,,,0,70,,18528,41,,,0,30,,18529,41,,,0,70,,18530,41,,,0,30,,18531,41,,,0,60,,18532,41,,,0
300,'259.0.2',634,,18533,41,,,0,100,,18534,41,,,0,100,,18535,41,,,0,70,,18536,41,,,0,30,,18537,41,,,0,67,,18538,41,,,0,20,,18539,41,,,0,20,,18540,41,,,0,61,,18541,41,,,0,24,,18542,41,,,0,20,,18543,41,,,0,60,,18544,41,,,0,20,,18545,41,,,0,20,,18546,41,,,0,60,,18547,41,,,0,20,,18548,41,,,0,20,,18549,41,,,0,60,,18550,41,,,0,20,,18551,41,,,0,20,,18552,41,,,0,60,,18553,41,,,0,20,,18554,41,,,0,20,,18555,41,,,0,60,,18556,41,,,0,20,,18557,41,,,0,20,,18558,41,,,0,60,,18559,41,,,0,20,,18560,41,,,0,20,,18561,41,,,0,58,,18562,41,,,0,17,,18563,41,,,0,19,,18564,41,,,0,70,,18565,41,,,0,30,,18566,41,,,0,70,,18567,41,,,0,30,,18568,41,,,0,70,,18569,41,,,0,30,,18570,41,,,0,70,,18571,41,,,0,23,,18572,41,,,0,70,,18573,41,,,0,30,,18574,41,,,0,70,,18575,41,,,0,30,,18576,41,,,0
300,'259.0.3',608,,18577,41,,,0,30,,18578,41,,,0,15,,18579,41,,,0,55,,18580,41,,,0,15,,18581,41,,,0,18,,18582,41,,,0,17,,18583,41,,,0,59,,18584,41,,,0,15,,18585,41,,,0,15,,18586,41,,,0,54,,18587,41,,,0,15,,18588,41,,,0,15,,18589,41,,,0,15,,18590,41,,,0,60,,18591,41,,,0,20,,18592,41,,,0,20,,18593,41,,,0,60,,18594,41,,,0,20,,18595,41,,,0,20,,18596,41,,,0,60,,18597,41,,,0,20,,18598,41,,,0,20,,18599,41,,,0,60,,18600,41,,,0,20,,18601,41,,,0,20,,18602,41,,,0,60,,18603,41,,,0,20,,18604,41,,,0,20,,18605,41,,,0,60,,18606,41,,,0,20,,18607,41,,,0,10,,18608,41,,,0,11,,18609,41,,,0,60,,18610,41,,,0,15,,18611,41,,,0,15,,18612,41,,,0,15,,18613,41,,,0,55,,18614,41,,,0,15,,18615,41,,,0,15,,18616,41,,,0,14,,18617,41,,,0,54,,18618,41,,,0,13,,18619,41,,,0,13,,18620,41,,,0,15,,18621,41,,,0,54,,18622,41,,,0,7,,18623,41,,,0,17,,18624,41,,,0,20,,18625,41,,,0,60,,18626,41,,,0,20,,18627,41,,,0,20,,18628,41,,,0,60,,18629,41,,,0,20,,18630,41,,,0,10,,18631,41,,,0,70,,18632,41,,,0,30,,18633,41,,,0,70,,18634,41,,,0,30,,18635,41,,,0,70,,18636,41,,,0,30,,18637,41,,,0,70,,18638,41,,,0
2201,'259.0.1',558,,19902,19,,,0,70,,19903,19,,,0,30,,19904,19,,,0,70,,19905,19,,,0,30,,19906,19,,,0,70,,19907,19,,,0,30,,19908,19,,,0,70,,19909,19,,,0,30,,19910,19,,,0,70,,19911,19,,,0,30,,19912,19,,,0,70,,19913,19,,,0,30,,19914,19,,,0,70,,19915,19,,,0,30,,19916,19,,,0,70,,19917,19,,,0,30,,19918,19,,,0,70,,19919,19,,,0,30,,19920,19,,,0,70,,19921,19,,,0,30,,19922,19,,,0,70,,19923,19,,,0,30,,19924,19,,,0,70,,19925,19,,,0,30,,19926,19,,,0,70,,19927,19,,,0,30,,19928,19,,,0,70,,19929,19,,,0,30,,19930,19,,,0,70,,19931,19,,,0,30,,19932,19,,,0,70,,19933,19,,,0,30,,19934,19,,,0,70,,19935,19,,,0,30,,19936,19,,,0,70,,19937,19,,,0
2201,'259.0.2',548,,19938,19,,,0,70,,19939,19,,,0,30,,19940,19,,,0,70,,19941,19,,,0,30,,19942,19,,,0,70,,19943,19,,,0,30,,19944,19,,,0,70,,19945,19,,,0,30,,19946,19,,,0,70,,19947,19,,,0,30,,19948,19,,,0,70,,19949,19,,,0,30,,19950,19,,,0,70,,19951,19,,,0,30,,19952,19,,,0,70,,19953,19,,,0,30,,19954,19,,,0,70,,19955,19,,,0,30,,19956,19,,,0,70,,19957,19,,,0,30,,19958,19,,,0,70,,19959,19,,,0,30,,19960,19,,,0,70,,19961,19,,,0,30,,19962,19,,,0,70,,19963,19,,,0,30,,19964,19,,,0,70,,19965,19,,,0,30,,19966,19,,,0,70,,19967,19,,,0,30,,19968,19,,,0,70,,19969,19,,,0,30,,19970,19,,,0,70,,19971,19,,,0,30,,19972,19,,,0,70,,19973,19,,,0,30,,19974,19,,,0
2201,'259.0.3',611,,19975,19,,,0,30,,19976,19,,,0,70,,19977,19,,,0,29,,19978,19,,,0,70,,19979,19,,,0,30,,19980,19,,,0,69,,19981,19,,,0,29,,19982,19,,,0,70,,19983,19,,,0,30,,19984,19,,,0,70,,19985,19,,,0,30,,19986,19,,,0,70,,19987,19,,,0,30,,19988,19,,,0,70,,19989,19,,,0,30,,19990,19,,,0,70,,19991,19,,,0,30,,19992,19,,,0,70,,19993,19,,,0,30,,19994,19,,,0,70,,19995,19,,,0,30,,19996,19,,,0,70,,19997,19,,,0,30,,19998,19,,,0,70,,19999,19,,,0,30,,20000,19,,,0,70,,20001,19,,,0,30,,20002,19,,,0,70,,20003,19,,,0,30,,20004,19,,,0,70,,20005,19,,,0,30,,20006,19,,,0,70,,20007,19,,,0,30,,20008,19,,,0,70,,20009,19,,,0,30,,20010,19,,,0
2401,'259.0.1',625,,20119,22,,,0,30,,20120,22,,,0,70,,20121,22,,,0,30,,20122,22,,,0,70,,20123,22,,,0,30,,20124,22,,,0,70,,20125,22,,,0,30,,20126,22,,,0,76,,20127,22,,,0,71,,20128,22,,,0,30,,20129,22,,,0,71,,20130,22,,,0,32,,20131,22,,,0,70,,20132,22,,,0,30,,20133,22,,,0,70,,20134,22,,,0,30,,20135,22,,,0,70,,20136,22,,,0,28,,20137,22,,,0,70,,20138,22,,,0,30,,20139,22,,,0,70,,20140,22,,,0,30,,20141,22,,,0,70,,20142,22,,,0,30,,20143,22,,,0,67,,20144,22,,,0,27,,20145,22,,,0,30,,20146,22,,,0,70,,20147,22,,,0,30,,20148,22,,,0,68,,20149,22,,,0,30,,20150,22,,,0,70,,20151,22,,,0,30,,20152,22,,,0,70,,20153,22,,,0,30,,20154,22,,,0
2401,'259.0.2',623,,20155,22,,,0,30,,20156,22,,,0,70,,20157,22,,,0,30,,20158,22,,,0,70,,20159,22,,,0,30,,20160,22,,,0,70,,20161,22,,,0,32,,20162,22,,,0,76,,20163,22,,,0,70,,20164,22,,,0,30,,20165,22,,,0,70,,20166,22,,,0,30,,20167,22,,,0,70,,20168,22,,,0,30,,20169,22,,,0,70,,20170,22,,,0,30,,20171,22,,,0,70,,20172,22,,,0,30,,20173,22,,,0,70,,20174,22,,,0,30,,20175,22,,,0,70,,20176,22,,,0,30,,20177,22,,,0,70,,20178,22,,,0,30,,20179,22,,,0,28,,20180,22,,,0,68,,20181,22,,,0,30,,20182,22,,,0,68,,20183,22,,,0,30,,20184,22,,,0,70,,20185,22,,,0,30,,20186,22,,,0,70,,20187,22,,,0,30,,20188,22,,,0,70,,20189,22,,,0,30,,20190,22,,,0
2401,'259.0.3',701,,20191,22,,,0,30,,20192,22,,,0,74,,20193,22,,,0,31,,20194,22,,,0,70,,20195,22,,,0,30,,20196,22,,,0,65,,20197,22,,,0,30,,20198,22,,,0,70,,20199,22,,,0,31,,20200,22,,,0,71,,20201,22,,,0,30,,20202,22,,,0,70,,20203,22,,,0,30,,20204,22,,,0,70,,20205,22,,,0,32,,20206,22,,,0,70,,20207,22,,,0,36,,20208,22,,,0,70,,20209,22,,,0,30,,20210,22,,,0,70,,20211,22,,,0,25,,20212,22,,,0,68,,20213,22,,,0,30,,20214,22,,,0,67,,20215,22,,,0,28,,20216,22,,,0,26,,20217,22,,,0,70,,20218,22,,,0,30,,20219,22,,,0,70,,20220,22,,,0,30,,20221,22,,,0,70,,20222,22,,,0,30,,20223,22,,,0,70,,20224,22,,,0,30,,20225,22,,,0,70,,20226,22,,,0
2501,'259.0.1',711,,20285,26,,,0,100,,20286,26,,,0,100,,20287,26,,,0,100,,20288,26,,,0,100,,20289,26,,,0,100,,20290,26,,,0,100,,20291,26,,,0,100,,20292,26,,,0,100,,20293,26,,,0,100,,20294,26,,,0,100,,20295,26,,,0,100,,20296,26,,,0,100,,20297,26,,,0,100,,20298,26,,,0,100,,20299,26,,,0,100,,20300,26,,,0
2501,'259.0.2',811,,20301,26,,,0,100,,20302,26,,,0,100,,20303,26,,,0,100,,20304,26,,,0,100,,20305,26,,,0,100,,20306,26,,,0,100,,20307,26,,,0,100,,20308,26,,,0,100,,20309,26,,,0,100,,20310,26,,,0,100,,20311,26,,,0,100,,20312,26,,,0,100,,20313,26,,,0,100,,20314,26,,,0
2501,'259.0.3',614,,20315,26,,,0,30,,20316,26,,,0,70,,20317,26,,,0,37,,20318,26,,,0,65,,20319,26,,,0,30,,20320,26,,,0,70,,20321,26,,,0,28,,20322,26,,,0,100,,20323,26,,,0,100,,20324,26,,,0,100,,20325,26,,,0,100,,20326,26,,,0,100,,20327,26,,,0,100,,20328,26,,,0,74,,20329,26,,,0,32,,20330,26,,,0,72,,20331,26,,,0,26,,20332,26,,,0,69,,20333,26,,,0,26,,20334,26,,,0,70,,20335,26,,,0,30,,20336,26,,,0,100,,20337,26,,,0,100,,20338,26,,,0,100,,20339,26,,,0,100,,20340,26,,,0
41501,'259.0.3',656,,24134,27,,,0,147,,24135,27,,,0,54,,24136,27,,,0,98,,24137,27,,,0,563,,24141,27,,,0,105,,24138,27,,,0,101,,24139,27,,,0,98,,24140,27,,,0
1000900,'259.0.1',702,,24530,19,,,0,100,,24531,19,,,0,100,,24532,19,,,0,100,,24533,19,,,0,100,,24534,19,,,0,56,,24535,19,,,0,101,,24536,19,,,0,100,,24537,19,,,0,100,,24538,19,,,0,100,,24539,19,,,0,100,,24540,19,,,0,100,,24541,19,,,0,100,,24542,19,,,0,142,,24543,19,,,0,100,,24544,19,,,0,100,,24545,19,,,0,100,,24546,19,,,0,100,,24547,19,,,0
1000900,'259.0.2',702,,24548,19,,,0,56,,24549,19,,,0,100,,24550,19,,,0,100,,24551,19,,,0,144,,24552,19,,,0,100,,24553,19,,,0,100,,24554,19,,,0,100,,24555,19,,,0,100,,24556,19,,,0,100,,24557,19,,,0,100,,24558,19,,,0,100,,24559,19,,,0,100,,24560,19,,,0,100,,24561,19,,,0,99,,24562,19,,,0,100,,24563,19,,,0,100,,24564,19,,,0,100,,24565,19,,,0
1000900,'259.0.3',616,,24566,19,,,0,30,,24567,19,,,0,70,,24568,19,,,0,31,,24569,19,,,0,72,,24570,19,,,0,29,,24571,19,,,0,52,,24572,19,,,0,15,,24573,19,,,0,30,,24574,19,,,0,55,,24575,19,,,0,15,,24576,19,,,0,30,,24577,19,,,0,56,,24578,19,,,0,13,,24579,19,,,0,27,,24580,19,,,0,15,,24581,19,,,0,55,,24582,19,,,0,30,,24583,19,,,0,15,,24584,19,,,0,55,,24585,19,,,0,30,,24586,19,,,0,15,,24587,19,,,0,55,,24588,19,,,0,30,,24589,19,,,0,66,,24590,19,,,0,25,,24591,19,,,0,9,,24592,19,,,0,59,,24593,19,,,0,10,,24594,19,,,0,20,,24595,19,,,0,10,,24596,19,,,0,60,,24597,19,,,0,10,,24598,19,,,0,10,,24599,19,,,0,21,,24600,19,,,0,5,,24601,19,,,0,6,,24602,19,,,0,56,,24603,19,,,0,10,,24604,19,,,0,20,,24605,19,,,0,10,,24606,19,,,0,70,,24607,19,,,0,30,,24608,19,,,0,70,,24609,19,,,0,30,,24610,19,,,0,70,,24611,19,,,0,27,,24612,19,,,0,55,,24613,19,,,0,15,,24614,19,,,0,35,,24615,19,,,0,60,,24616,19,,,0,40,,24617,19,,,0,60,,24618,19,,,0,40,,24619,19,,,0
1000901,'259.0.1',701,,24620,33,,,0,100,,24621,33,,,0,101,,24622,33,,,0,100,,24623,33,,,0,100,,24624,33,,,0,100,,24625,33,,,0,100,,24626,33,,,0,100,,24627,33,,,0,100,,24628,33,,,0,100,,24629,33,,,0,100,,24630,33,,,0,57,,24631,33,,,0,100,,24632,33,,,0,100,,24633,33,,,0,98,,24634,33,,,0,100,,24635,33,,,0,100,,24636,33,,,0,100,,24637,33,,,0
1000901,'259.0.2',658,,24638,33,,,0,98,,24639,33,,,0,103,,24640,33,,,0,100,,24641,33,,,0,100,,24642,33,,,0,100,,24643,33,,,0,100,,24644,33,,,0,100,,24645,33,,,0,100,,24646,33,,,0,100,,24647,33,,,0,100,,24648,33,,,0,100,,24649,33,,,0,100,,24650,33,,,0,100,,24651,33,,,0,96,,24652,33,,,0,100,,24653,33,,,0,100,,24654,33,,,0,100,,24655,33,,,0
1000901,'259.0.3',545,,24656,33,,,0,67,,24657,33,,,0,25,,24658,33,,,0,10,,24659,33,,,0,5,,24660,33,,,0,55,,24661,33,,,0,21,,24662,33,,,0,5,,24663,33,,,0,15,,24664,33,,,0,10,,24665,33,,,0,60,,24666,33,,,0,10,,24667,33,,,0,20,,24668,33,,,0,9,,24669,33,,,0,50,,24670,33,,,0,10,,24671,33,,,0,25,,24672,33,,,0,15,,24673,33,,,0,55,,24674,33,,,0,30,,24675,33,,,0,15,,24676,33,,,0,55,,24677,33,,,0,30,,24678,33,,,0,15,,24679,33,,,0,55,,24680,33,,,0,30,,24681,33,,,0,15,,24682,33,,,0,55,,24683,33,,,0,30,,24684,33,,,0,15,,24685,33,,,0,55,,24686,33,,,0,30,,24687,33,,,0,15,,24688,33,,,0,55,,24689,33,,,0,29,,24690,33,,,0,65,,24691,33,,,0,5,,24692,33,,,0,25,,24693,33,,,0,10,,24694,33,,,0,60,,24695,33,,,0,10,,24696,33,,,0,20,,24697,33,,,0,10,,24698,33,,,0,60,,24699,33,,,0,10,,24700,33,,,0,17,,24701,33,,,0,10,,24702,33,,,0,65,,24703,33,,,0,30,,24704,33,,,0,71,,24705,33,,,0,29,,24706,33,,,0,70,,24707,33,,,0,28,,24708,33,,,0,70,,24709,33,,,0,35,,24710,33,,,0,60,,24711,33,,,0,40,,24712,33,,,0,60,,24713,33,,,0,40,,24714,33,,,0,60,,24715,33,,,0
2000900,'259.0.1',632,,25574,19,,,0,100,,25575,19,,,0,100,,25576,19,,,0,100,,25577,19,,,0,100,,25578,19,,,0,100,,25579,19,,,0,97,,25580,19,,,0,100,,25581,19,,,0,100,,25582,19,,,0,100,,25583,19,,,0,100,,25584,19,,,0,100,,25585,19,,,0,100,,25586,19,,,0,102,,25587,19,,,0,100,,25588,19,,,0,100,,25589,19,,,0,100,,25590,19,,,0,100,,25591,19,,,0,100,,25592,19,,,0
2000900,'259.0.2',633,,25593,19,,,0,97,,25594,19,,,0,98,,25595,19,,,0,100,,25596,19,,,0,104,,25597,19,,,0,100,,25598,19,,,0,100,,25599,19,,,0,100,,25600,19,,,0,100,,25601,19,,,0,100,,25602,19,,,0,100,,25603,19,,,0,100,,25604,19,,,0,100,,25605,19,,,0,100,,25606,19,,,0,99,,25607,19,,,0,100,,25608,19,,,0,100,,25609,19,,,0,100,,25610,19,,,0,100,,25611,19,,,0
2000900,'259.0.3',631,,25614,19,,,0,70,,25615,19,,,0,30,,25616,19,,,0,69,,25617,19,,,0,30,,25618,19,,,0,100,,25619,19,,,0,100,,25620,19,,,0,97,,25621,19,,,0,96,,25622,19,,,0,100,,25623,19,,,0,100,,25624,19,,,0,28,,25625,19,,,0,69,,25626,19,,,0,29,,25627,19,,,0,70,,25628,19,,,0,30,,25629,19,,,0,80,,25630,19,,,0,28,,25631,19,,,0,70,,25632,19,,,0,30,,25633,19,,,0,70,,25634,19,,,0,30,,25635,19,,,0,70,,25636,19,,,0,30,,25637,19,,,0,68,,25638,19,,,0,100,,25639,19,,,0,100,,25640,19,,,0,100,,25641,19,,,0,100,,25642,19,,,0
2000901,'259.0.1',631,,25643,49,,,0,100,,25644,49,,,0,99,,25645,49,,,0,102,,25646,49,,,0,100,,25647,49,,,0,100,,25648,49,,,0,100,,25649,49,,,0,100,,25650,49,,,0,100,,25651,49,,,0,100,,25652,49,,,0,100,,25653,49,,,0,100,,25654,49,,,0,97,,25655,49,,,0,100,,25656,49,,,0,98,,25657,49,,,0,100,,25658,49,,,0,100,,25659,49,,,0,100,,25660,49,,,0,100,,25661,49,,,0
2000901,'259.0.2',628,,25662,49,,,0,100,,25663,49,,,0,98,,25664,49,,,0,103,,25665,49,,,0,100,,25666,49,,,0,100,,25667,49,,,0,100,,25668,49,,,0,100,,25669,49,,,0,100,,25670,49,,,0,100,,25671,49,,,0,100,,25672,49,,,0,100,,25673,49,,,0,100,,25674,49,,,0,100,,25675,49,,,0,96,,25676,49,,,0,100,,25677,49,,,0,100,,25678,49,,,0,99,,25679,49,,,0,100,,25680,49,,,0
2000901,'259.0.3',557,,25681,49,,,0,70,,25682,49,,,0,30,,25683,49,,,0,81,,25684,49,,,0,70,,25685,49,,,0,30,,25686,49,,,0,20,,25687,49,,,0,69,,25688,49,,,0,100,,25689,49,,,0,100,,25690,49,,,0,100,,25691,49,,,0,100,,25692,49,,,0,100,,25693,49,,,0,99,,25694,49,,,0,30,,25695,49,,,0,70,,25696,49,,,0,30,,25697,49,,,0,70,,25698,49,,,0,30,,25699,49,,,0,68,,25700,49,,,0,29,,25701,49,,,0,70,,25702,49,,,0,30,,25703,49,,,0,70,,25704,49,,,0,30,,25705,49,,,0,70,,25706,49,,,0,22,,25707,49,,,0,70,,25708,49,,,0,100,,25709,49,,,0,100,,25710,49,,,0
