3900,'259.0.1',631,,20746,34,,,0,70,,20747,34,,,0,30,,20748,34,,,0,70,,20749,34,,,0,30,,20750,34,,,0,70,,20751,34,,,0,30,,20752,34,,,0,70,,20753,34,,,0,31,,20754,34,,,0,71,,20755,34,,,0,30,,20756,34,,,0,70,,20757,34,,,0,30,,20758,34,,,0,70,,20759,34,,,0,30,,20760,34,,,0,70,,20761,34,,,0,30,,20762,34,,,0,70,,20763,34,,,0,30,,20764,34,,,0,70,,20765,34,,,0,30,,20766,34,,,0,70,,20767,34,,,0,30,,20768,34,,,0,70,,20769,34,,,0,30,,20770,34,,,0,70,,20771,34,,,0,29,,20772,34,,,0,70,,20773,34,,,0,30,,20774,34,,,0,70,,20775,34,,,0,30,,20776,34,,,0,70,,20777,34,,,0,30,,20778,34,,,0,70,,20779,34,,,0,30,,20780,34,,,0
3900,'259.0.2',632,,20781,34,,,0,100,,20782,34,,,0,100,,20783,34,,,0,100,,20784,34,,,0,100,,20785,34,,,0,101,,20786,34,,,0,101,,20787,34,,,0,100,,20788,34,,,0,100,,20789,34,,,0,100,,20790,34,,,0,100,,20791,34,,,0,100,,20792,34,,,0,99,,20793,34,,,0,100,,20794,34,,,0,100,,20795,34,,,0,100,,20796,34,,,0
3900,'259.0.3',638,,20797,34,,,0,70,,20798,34,,,0,33,,20799,34,,,0,71,,20800,34,,,0,30,,20801,34,,,0,68,,20802,34,,,0,26,,20803,34,,,0,70,,20804,34,,,0,30,,20805,34,,,0,70,,20806,34,,,0,30,,20807,34,,,0,70,,20808,34,,,0,30,,20809,34,,,0,70,,20810,34,,,0,30,,20811,34,,,0,70,,20812,34,,,0,30,,20813,34,,,0,71,,20814,34,,,0,35,,20815,34,,,0,70,,20816,34,,,0,30,,20817,34,,,0,70,,20818,34,,,0,30,,20819,34,,,0,69,,20820,34,,,0,26,,20821,34,,,0,70,,20822,34,,,0,100,,20823,34,,,0,98,,20824,34,,,0,100,,20825,34,,,0,100,,20826,34,,,0
8701,'259.0.1',635,,23210,35,,,0,70,,23211,35,,,0,30,,23212,35,,,0,70,,23213,35,,,0,30,,23214,35,,,0,70,,23215,35,,,0,32,,23216,35,,,0,71,,23217,35,,,0,30,,23218,35,,,0,70,,23219,35,,,0,32,,23220,35,,,0,71,,23221,35,,,0,30,,23222,35,,,0,70,,23223,35,,,0,30,,23224,35,,,0,70,,23225,35,,,0,30,,23226,35,,,0,70,,23227,35,,,0,30,,23228,35,,,0,70,,23229,35,,,0,30,,23230,35,,,0,70,,23231,35,,,0,30,,23232,35,,,0,69,,23233,35,,,0,26,,23234,35,,,0,95,,23235,35,,,0,100,,23236,35,,,0,100,,23237,35,,,0,100,,23238,35,,,0,100,,23239,35,,,0
8701,'259.0.2',634,,23240,35,,,0,100,,23241,35,,,0,100,,23242,35,,,0,102,,23243,35,,,0,100,,23244,35,,,0,100,,23245,35,,,0,102,,23246,35,,,0,103,,23247,35,,,0,100,,23248,35,,,0,100,,23249,35,,,0,100,,23250,35,,,0,97,,23251,35,,,0,97,,23252,35,,,0,100,,23253,35,,,0,100,,23254,35,,,0,100,,23255,35,,,0,100,,23256,35,,,0,97,,23257,35,,,0
8701,'259.0.3',702,,23258,35,,,0,36,,23259,35,,,0,15,,23260,35,,,0,70,,23261,35,,,0,24,,23262,35,,,0,69,,23263,35,,,0,30,,23264,35,,,0,70,,23265,35,,,0,30,,23266,35,,,0,70,,23267,35,,,0,30,,23268,35,,,0,70,,23269,35,,,0,30,,23270,35,,,0,70,,23271,35,,,0,30,,23272,35,,,0,70,,23273,35,,,0,33,,23274,35,,,0,72,,23275,35,,,0,30,,23276,35,,,0,69,,23277,35,,,0,31,,23278,35,,,0,70,,23279,35,,,0,30,,23280,35,,,0,66,,23281,35,,,0,28,,23282,35,,,0,70,,23283,35,,,0,90,,23284,35,,,0,100,,23285,35,,,0,100,,23286,35,,,0,100,,23287,35,,,0,100,,23288,35,,,0
2001001,'259.0.1',642,,25812,8,,,0,94,,25813,8,,,0,87,,25814,8,,,0,31,,25815,8,,,0,70,,25816,8,,,0,31,,25817,8,,,0,73,,25818,8,,,0,30,,25819,8,,,0,70,,25820,8,,,0,72,,25821,8,,,0,33,,25822,8,,,0,72,,25823,8,,,0,30,,25824,8,,,0,70,,25825,8,,,0,30,,25826,8,,,0,70,,25827,8,,,0,30,,25828,8,,,0,70,,25829,8,,,0,30,,25830,8,,,0,70,,25831,8,,,0,30,,25832,8,,,0,70,,25833,8,,,0,30,,25834,8,,,0,68,,25835,8,,,0,27,,25836,8,,,0,70,,25837,8,,,0,30,,25838,8,,,0,100,,25839,8,,,0,100,,25840,8,,,0,99,,25841,8,,,0,100,,25842,8,,,0
2001001,'259.0.2',637,,25843,8,,,0,92,,25844,8,,,0,90,,25845,8,,,0,32,,25846,8,,,0,70,,25847,8,,,0,31,,25848,8,,,0,72,,25849,8,,,0,32,,25850,8,,,0,71,,25851,8,,,0,30,,25852,8,,,0,70,,25853,8,,,0,30,,25854,8,,,0,70,,25855,8,,,0,30,,25856,8,,,0,72,,25857,8,,,0,71,,25858,8,,,0,30,,25859,8,,,0,70,,25860,8,,,0,30,,25861,8,,,0,29,,25862,8,,,0,70,,25863,8,,,0,30,,25864,8,,,0,70,,25865,8,,,0,101,,25866,8,,,0,100,,25867,8,,,0,100,,25868,8,,,0,100,,25869,8,,,0,100,,25870,8,,,0,100,,25871,8,,,0
2001001,'259.0.3',552,,25872,8,,,0,70,,25873,8,,,0,22,,25874,8,,,0,60,,25875,8,,,0,22,,25910,8,,,0,20,,25876,8,,,0,60,,25877,8,,,0,20,,25878,8,,,0,21,,25879,8,,,0,93,,25880,8,,,0,60,,25881,8,,,0,24,,25882,8,,,0,29,,25883,8,,,0,70,,25884,8,,,0,30,,25885,8,,,0,70,,25886,8,,,0,30,,25887,8,,,0,70,,25888,8,,,0,79,,25889,8,,,0,21,,25890,8,,,0,24,,25891,8,,,0,55,,25892,8,,,0,21,,25893,8,,,0,20,,25894,8,,,0,60,,25895,8,,,0,21,,25896,8,,,0,24,,25897,8,,,0,65,,25898,8,,,0,21,,25899,8,,,0,20,,25900,8,,,0,49,,25901,8,,,0,20,,25902,8,,,0,30,,25903,8,,,0,69,,25904,8,,,0,32,,25905,8,,,0,70,,25906,8,,,0,30,,25907,8,,,0,70,,25908,8,,,0,30,,25909,8,,,0
3001001,'259.0.1',612,,26385,16,,,0,94,,26386,16,,,0,100,,26387,16,,,0,33,,26388,16,,,0,70,,26389,16,,,0,30,,26390,16,,,0,70,,26391,16,,,0,34,,26392,16,,,0,70,,26393,16,,,0,31,,26394,16,,,0,72,,26395,16,,,0,34,,26396,16,,,0,70,,26397,16,,,0,30,,26398,16,,,0,70,,26399,16,,,0,30,,26400,16,,,0,70,,26401,16,,,0,30,,26402,16,,,0,70,,26403,16,,,0,30,,26404,16,,,0,70,,26405,16,,,0,30,,26406,16,,,0,70,,26407,16,,,0,30,,26408,16,,,0,66,,26409,16,,,0,28,,26410,16,,,0,70,,26411,16,,,0,100,,26412,16,,,0,96,,26413,16,,,0,95,,26414,16,,,0,100,,26415,16,,,0
3001001,'259.0.2',612,,26417,16,,,0,90,,26418,16,,,0,100,,26419,16,,,0,30,,26420,16,,,0,70,,26421,16,,,0,30,,26422,16,,,0,71,,26423,16,,,0,33,,26424,16,,,0,74,,26425,16,,,0,30,,26426,16,,,0,70,,26427,16,,,0,30,,26428,16,,,0,71,,26429,16,,,0,30,,26430,16,,,0,70,,26431,16,,,0,30,,26432,16,,,0,73,,26433,16,,,0,30,,26434,16,,,0,70,,26435,16,,,0,30,,26436,16,,,0,70,,26437,16,,,0,30,,26438,16,,,0,70,,26439,16,,,0,30,,26440,16,,,0,67,,26441,16,,,0,100,,26442,16,,,0,94,,26443,16,,,0,100,,26444,16,,,0,100,,26445,16,,,0
3001001,'259.0.3',537,,26447,16,,,0,70,,26448,16,,,0,30,,26449,16,,,0,22,,26450,16,,,0,62,,26451,16,,,0,20,,26452,16,,,0,18,,26453,16,,,0,59,,26454,16,,,0,20,,26455,16,,,0,20,,26456,16,,,0,72,,26457,16,,,0,20,,26458,16,,,0,60,,26459,16,,,0,28,,26460,16,,,0,70,,26461,16,,,0,30,,26462,16,,,0,70,,26463,16,,,0,30,,26464,16,,,0,70,,26465,16,,,0,30,,26466,16,,,0,70,,26467,16,,,0,30,,26468,16,,,0,70,,26469,16,,,0,21,,26470,16,,,0,20,,26471,16,,,0,60,,26472,16,,,0,21,,26473,16,,,0,27,,26474,16,,,0,63,,26475,16,,,0,20,,26476,16,,,0,60,,26477,16,,,0,18,,26478,16,,,0,16,,26479,16,,,0,17,,26480,16,,,0,54,,26481,16,,,0,14,,26482,16,,,0,19,,26483,16,,,0,79,,26484,16,,,0,30,,26485,16,,,0,70,,26486,16,,,0,30,,26487,16,,,0,70,,26488,16,,,0,27,,26489,16,,,0,64,,26490,16,,,0
