2400,'259.0.1',608,,20011,16,,,0,30,,20012,16,,,0,70,,20013,16,,,0,30,,20014,16,,,0,70,,20015,16,,,0,30,,20016,16,,,0,70,,20017,16,,,0,30,,20018,16,,,0,71,,20019,16,,,0,30,,20020,16,,,0,70,,20021,16,,,0,30,,20022,16,,,0,70,,20023,16,,,0,30,,20024,16,,,0,70,,20025,16,,,0,30,,20026,16,,,0,70,,20027,16,,,0,30,,20028,16,,,0,70,,20029,16,,,0,30,,20030,16,,,0,70,,20031,16,,,0,30,,20032,16,,,0,70,,20033,16,,,0,30,,20034,16,,,0,70,,20035,16,,,0,29,,20036,16,,,0,70,,20037,16,,,0,30,,20038,16,,,0,70,,20039,16,,,0,30,,20040,16,,,0,70,,20041,16,,,0,30,,20042,16,,,0,70,,20043,16,,,0,30,,20044,16,,,0,70,,20045,16,,,0,30,,20046,16,,,0
2400,'259.0.2',608,,20047,16,,,0,30,,20048,16,,,0,70,,20049,16,,,0,30,,20050,16,,,0,70,,20051,16,,,0,30,,20052,16,,,0,70,,20053,16,,,0,31,,20054,16,,,0,70,,20055,16,,,0,30,,20056,16,,,0,70,,20057,16,,,0,30,,20058,16,,,0,70,,20059,16,,,0,30,,20060,16,,,0,70,,20061,16,,,0,30,,20062,16,,,0,70,,20063,16,,,0,30,,20064,16,,,0,70,,20065,16,,,0,30,,20066,16,,,0,70,,20067,16,,,0,30,,20068,16,,,0,70,,20069,16,,,0,30,,20070,16,,,0,70,,20071,16,,,0,29,,20072,16,,,0,70,,20073,16,,,0,30,,20074,16,,,0,70,,20075,16,,,0,30,,20076,16,,,0,70,,20077,16,,,0,30,,20078,16,,,0,70,,20079,16,,,0,30,,20080,16,,,0,70,,20081,16,,,0,30,,20082,16,,,0
2400,'259.0.3',609,,20083,16,,,0,30,,20084,16,,,0,66,,20085,16,,,0,29,,20086,16,,,0,70,,20087,16,,,0,34,,20088,16,,,0,71,,20089,16,,,0,30,,20090,16,,,0,70,,20091,16,,,0,30,,20092,16,,,0,70,,20093,16,,,0,30,,20094,16,,,0,70,,20095,16,,,0,30,,20096,16,,,0,70,,20097,16,,,0,30,,20098,16,,,0,70,,20099,16,,,0,30,,20100,16,,,0,70,,20101,16,,,0,30,,20102,16,,,0,70,,20103,16,,,0,30,,20104,16,,,0,70,,20105,16,,,0,30,,20106,16,,,0,70,,20107,16,,,0,30,,20108,16,,,0,69,,20109,16,,,0,30,,20110,16,,,0,70,,20111,16,,,0,30,,20112,16,,,0,70,,20113,16,,,0,30,,20114,16,,,0,70,,20115,16,,,0,30,,20116,16,,,0,70,,20117,16,,,0,30,,20118,16,,,0
12700,'259.0.3',622,,23720,10,,,0,18,,23721,10,,,0,19,,23722,10,,,0,48,,23723,10,,,0,8,,23724,10,,,0,17,,23725,10,,,0,13,,23726,10,,,0,55,,23727,10,,,0,5,,23728,10,,,0
1000901,'259.0.1',651,,24620,21,,,0,100,,24621,21,,,0,101,,24622,21,,,0,100,,24623,21,,,0,100,,24624,21,,,0,100,,24625,21,,,0,100,,24626,21,,,0,100,,24627,21,,,0,100,,24628,21,,,0,100,,24629,21,,,0,100,,24630,21,,,0,98,,24631,21,,,0,100,,24632,21,,,0,100,,24633,21,,,0,100,,24634,21,,,0,100,,24635,21,,,0,100,,24636,21,,,0,100,,24637,21,,,0
1000901,'259.0.2',651,,24638,21,,,0,98,,24639,21,,,0,101,,24640,21,,,0,100,,24641,21,,,0,100,,24642,21,,,0,100,,24643,21,,,0,100,,24644,21,,,0,100,,24645,21,,,0,100,,24646,21,,,0,100,,24647,21,,,0,100,,24648,21,,,0,100,,24649,21,,,0,100,,24650,21,,,0,100,,24651,21,,,0,99,,24652,21,,,0,100,,24653,21,,,0,100,,24654,21,,,0,100,,24655,21,,,0
1000901,'259.0.3',536,,24656,21,,,0,67,,24657,21,,,0,25,,24658,21,,,0,10,,24659,21,,,0,5,,24660,21,,,0,15,,24661,21,,,0,53,,24662,21,,,0,5,,24663,21,,,0,15,,24664,21,,,0,10,,24665,21,,,0,60,,24666,21,,,0,10,,24667,21,,,0,20,,24668,21,,,0,9,,24669,21,,,0,17,,24670,21,,,0,50,,24671,21,,,0,25,,24672,21,,,0,15,,24673,21,,,0,55,,24674,21,,,0,30,,24675,21,,,0,15,,24676,21,,,0,55,,24677,21,,,0,30,,24678,21,,,0,15,,24679,21,,,0,55,,24680,21,,,0,30,,24681,21,,,0,15,,24682,21,,,0,55,,24683,21,,,0,30,,24684,21,,,0,15,,24685,21,,,0,55,,24686,21,,,0,30,,24687,21,,,0,15,,24688,21,,,0,55,,24689,21,,,0,30,,24690,21,,,0,25,,24691,21,,,0,45,,24692,21,,,0,25,,24693,21,,,0,10,,24694,21,,,0,20,,24695,21,,,0,50,,24696,21,,,0,20,,24697,21,,,0,10,,24698,21,,,0,20,,24699,21,,,0,50,,24700,21,,,0,19,,24701,21,,,0,10,,24702,21,,,0,65,,24703,21,,,0,30,,24704,21,,,0,71,,24705,21,,,0,29,,24706,21,,,0,70,,24707,21,,,0,29,,24708,21,,,0,70,,24709,21,,,0,35,,24710,21,,,0,20,,24711,21,,,0,80,,24712,21,,,0,20,,24713,21,,,0,80,,24714,21,,,0,20,,24715,21,,,0
2000901,'259.0.1',621,,25643,37,,,0,100,,25644,37,,,0,99,,25645,37,,,0,102,,25646,37,,,0,100,,25647,37,,,0,100,,25648,37,,,0,100,,25649,37,,,0,100,,25650,37,,,0,100,,25651,37,,,0,100,,25652,37,,,0,100,,25653,37,,,0,100,,25654,37,,,0,98,,25655,37,,,0,100,,25656,37,,,0,100,,25657,37,,,0,100,,25658,37,,,0,100,,25659,37,,,0,100,,25660,37,,,0,100,,25661,37,,,0
2000901,'259.0.2',621,,25662,37,,,0,100,,25663,37,,,0,98,,25664,37,,,0,101,,25665,37,,,0,100,,25666,37,,,0,100,,25667,37,,,0,100,,25668,37,,,0,100,,25669,37,,,0,100,,25670,37,,,0,100,,25671,37,,,0,100,,25672,37,,,0,100,,25673,37,,,0,100,,25674,37,,,0,100,,25675,37,,,0,99,,25676,37,,,0,100,,25677,37,,,0,100,,25678,37,,,0,99,,25679,37,,,0,100,,25680,37,,,0
2000901,'259.0.3',548,,25681,37,,,0,70,,25682,37,,,0,30,,25683,37,,,0,73,,25684,37,,,0,30,,25685,37,,,0,70,,25686,37,,,0,27,,25687,37,,,0,69,,25688,37,,,0,100,,25689,37,,,0,100,,25690,37,,,0,100,,25691,37,,,0,100,,25692,37,,,0,100,,25693,37,,,0,100,,25694,37,,,0,30,,25695,37,,,0,70,,25696,37,,,0,30,,25697,37,,,0,70,,25698,37,,,0,30,,25699,37,,,0,70,,25700,37,,,0,29,,25701,37,,,0,70,,25702,37,,,0,30,,25703,37,,,0,70,,25704,37,,,0,30,,25705,37,,,0,70,,25706,37,,,0,23,,25707,37,,,0,70,,25708,37,,,0,100,,25709,37,,,0,100,,25710,37,,,0
