12300,'259.0.3',637,,23700,34,,,0,70,,23702,34,,,0,109,,23703,34,,,0,29,,23704,34,,,0,66,,23701,34,,,0
12300,'259.1141.3',743,,23705,34,,,0
12300,'259.1143.3',743,,23706,34,,,0
12700,'259.0.3',640,,23720,24,,,0,18,,23721,24,,,0,60,,23722,24,,,0,11,,23723,24,,,0,9,,23724,24,,,0,20,,23725,24,,,0,55,,23726,24,,,0,15,,23727,24,,,0,5,,23728,24,,,0
18200,'259.0.3',1448,,23847,1,,,0,55,,23848,1,,,0,15,,23849,1,,,0,15,,23850,1,,,0,13,,23851,1,,,0,55,,23852,1,,,0,14,,23853,1,,,0,15,,23854,1,,,0,15,,23855,1,,,0,59,,23856,1,,,0,15,,23857,1,,,0,16,,23858,1,,,0,15,,23860,1,,,0,54,,23859,1,,,0,16,,23861,1,,,0
18300,'259.0.3',1452,,23875,1,,,0,70,,23876,1,,,0,30,,23877,1,,,0,70,,23878,1,,,0,30,,23879,1,,,0,70,,23880,1,,,0,30,,23881,1,,,0
18500,'259.0.3',1500,,23888,1,,,0,15,,23889,1,,,0,15,,23890,1,,,0,15,,23891,1,,,0,55,,23892,1,,,0,15,,23893,1,,,0,15,,23894,1,,,0,15,,23895,1,,,0,55,,23896,1,,,0,15,,23899,1,,,0,15,,23897,1,,,0,15,,23900,1,,,0,55,,23898,1,,,0,15,,23901,1,,,0
18600,'259.0.3',1507,,23914,1,,,0,30,,23915,1,,,0,70,,23916,1,,,0,30,,23919,1,,,0,70,,23917,1,,,0,30,,23918,1,,,0
19200,'259.0.3',1510,,23926,1,,,0,30,,23927,1,,,0,70,,23928,1,,,0,30,,23929,1,,,0,70,,23930,1,,,0,30,,23931,1,,,0
19401,'259.0.3',1530,,23942,1,,,0,70,,23943,1,,,0,30,,23944,1,,,0,70,,23945,1,,,0
19600,'259.0.3',1534,,23946,1,,,0,70,,23947,1,,,0,30,,23948,1,,,0,71,,23949,1,,,0
1000901,'259.0.1',713,,24620,48,,,0,100,,24621,48,,,0,102,,24622,48,,,0,100,,24623,48,,,0,100,,24624,48,,,0,100,,24625,48,,,0,100,,24626,48,,,0,100,,24627,48,,,0,100,,24628,48,,,0,100,,24629,48,,,0,100,,24630,48,,,0,97,,24631,48,,,0,100,,24632,48,,,0,100,,24633,48,,,0,97,,24634,48,,,0,100,,24635,48,,,0,100,,24636,48,,,0,100,,24637,48,,,0
1000901,'259.0.2',708,,24638,48,,,0,98,,24639,48,,,0,104,,24640,48,,,0,100,,24641,48,,,0,102,,24642,48,,,0,100,,24643,48,,,0,100,,24644,48,,,0,100,,24645,48,,,0,100,,24646,48,,,0,100,,24647,48,,,0,100,,24648,48,,,0,100,,24649,48,,,0,100,,24650,48,,,0,98,,24651,48,,,0,96,,24652,48,,,0,100,,24653,48,,,0,100,,24654,48,,,0,99,,24655,48,,,0
1000901,'259.0.3',557,,24656,48,,,0,67,,24657,48,,,0,25,,24658,48,,,0,10,,24659,48,,,0,45,,24660,48,,,0,17,,24661,48,,,0,23,,24662,48,,,0,5,,24663,48,,,0,55,,24664,48,,,0,10,,24665,48,,,0,20,,24666,48,,,0,10,,24667,48,,,0,60,,24668,48,,,0,9,,24669,48,,,0,8,,24670,48,,,0,10,,24671,48,,,0,25,,24672,48,,,0,55,,24673,48,,,0,15,,24674,48,,,0,30,,24675,48,,,0,55,,24676,48,,,0,15,,24677,48,,,0,30,,24678,48,,,0,55,,24679,48,,,0,15,,24680,48,,,0,30,,24681,48,,,0,55,,24682,48,,,0,15,,24683,48,,,0,30,,24684,48,,,0,55,,24685,48,,,0,15,,24686,48,,,0,30,,24687,48,,,0,55,,24688,48,,,0,15,,24689,48,,,0,29,,24690,48,,,0,65,,24691,48,,,0,5,,24692,48,,,0,25,,24693,48,,,0,50,,24694,48,,,0,20,,24695,48,,,0,10,,24696,48,,,0,20,,24697,48,,,0,50,,24698,48,,,0,20,,24699,48,,,0,9,,24700,48,,,0,17,,24701,48,,,0,10,,24702,48,,,0,65,,24703,48,,,0,30,,24704,48,,,0,71,,24705,48,,,0,29,,24706,48,,,0,69,,24707,48,,,0,25,,24708,48,,,0,70,,24709,48,,,0,35,,24710,48,,,0,60,,24711,48,,,0,40,,24712,48,,,0,60,,24713,48,,,0,40,,24714,48,,,0,60,,24715,48,,,0
2000901,'259.0.1',643,,25643,64,,,0,100,,25644,64,,,0,99,,25645,64,,,0,103,,25646,64,,,0,100,,25647,64,,,0,100,,25648,64,,,0,100,,25649,64,,,0,100,,25650,64,,,0,100,,25651,64,,,0,100,,25652,64,,,0,100,,25653,64,,,0,100,,25654,64,,,0,97,,25655,64,,,0,100,,25656,64,,,0,97,,25657,64,,,0,100,,25658,64,,,0,100,,25659,64,,,0,100,,25660,64,,,0,100,,25661,64,,,0
2000901,'259.0.2',638,,25662,64,,,0,100,,25663,64,,,0,98,,25664,64,,,0,104,,25665,64,,,0,100,,25666,64,,,0,102,,25667,64,,,0,100,,25668,64,,,0,100,,25669,64,,,0,100,,25670,64,,,0,100,,25671,64,,,0,100,,25672,64,,,0,100,,25673,64,,,0,100,,25674,64,,,0,100,,25675,64,,,0,94,,25676,64,,,0,100,,25677,64,,,0,100,,25678,64,,,0,98,,25679,64,,,0,100,,25680,64,,,0
2000901,'259.0.3',609,,25681,64,,,0,30,,25682,64,,,0,70,,25683,64,,,0,45,,25684,64,,,0,70,,25685,64,,,0,30,,25686,64,,,0,58,,25687,64,,,0,29,,25688,64,,,0,100,,25689,64,,,0,100,,25690,64,,,0,100,,25691,64,,,0,100,,25692,64,,,0,100,,25693,64,,,0,99,,25694,64,,,0,70,,25695,64,,,0,30,,25696,64,,,0,70,,25697,64,,,0,30,,25698,64,,,0,70,,25699,64,,,0,27,,25700,64,,,0,69,,25701,64,,,0,30,,25702,64,,,0,70,,25703,64,,,0,30,,25704,64,,,0,70,,25705,64,,,0,27,,25706,64,,,0,22,,25707,64,,,0,70,,25708,64,,,0,100,,25709,64,,,0,100,,25710,64,,,0
