2101,'244.0.1',626,,10889,3,,,0,30,,10890,3,,,0,70,,10891,3,,,0,30,,10892,3,,,0,70,,10893,3,,,0,30,,10894,3,,,0,70,,10895,3,,,0,30,,10896,3,,,0,70,,10897,3,,,0,30,,10898,3,,,0,70,,10899,3,,,0,30,,10900,3,,,0,70,,10901,3,,,0,30,,10902,3,,,0,70,,10903,3,,,0,30,,10904,3,,,0,70,,10905,3,,,0,30,,10906,3,,,0,70,,10907,3,,,0,30,,10908,3,,,0,70,,10909,3,,,0,30,,10910,3,,,0,70,,10911,3,,,0,30,,10912,3,,,0,70,,10913,3,,,0,30,,10914,3,,,0,70,,10915,3,,,0,75,,10916,3,,,0,30,,10917,3,,,0,70,,10918,3,,,0,30,,10919,3,,,0,100,,10920,3,,,0,100,,10921,3,,,0
2101,'244.0.2',631,,10922,3,,,0,100,,10923,3,,,0,100,,10924,3,,,0,98,,10925,3,,,0,100,,10926,3,,,0,100,,10927,3,,,0,100,,10928,3,,,0,100,,10929,3,,,0,100,,10930,3,,,0,100,,10931,3,,,0,100,,10932,3,,,0,100,,10933,3,,,0,100,,10934,3,,,0,105,,10935,3,,,0,100,,10936,3,,,0,100,,10937,3,,,0,100,,10938,3,,,0,100,,10939,3,,,0
2101,'244.0.3',536,,10941,3,,,0,70,,10942,3,,,0,29,,10943,3,,,0,67,,10944,3,,,0,30,,10945,3,,,0,70,,10946,3,,,0,30,,10947,3,,,0,100,,10948,3,,,0,97,,10949,3,,,0,97,,10950,3,,,0,100,,10951,3,,,0,100,,10952,3,,,0,100,,10953,3,,,0,75,,10954,3,,,0,30,,10955,3,,,0,70,,10956,3,,,0,34,,10957,3,,,0,70,,10958,3,,,0,26,,10959,3,,,0,71,,10960,3,,,0,33,,10961,3,,,0,70,,10962,3,,,0,30,,10963,3,,,0,89,,10964,3,,,0,100,,10965,3,,,0,100,,10966,3,,,0,100,,10967,3,,,0
2801,'244.0.1',711,,11611,3,,,0,30,,11612,3,,,0,70,,11613,3,,,0,30,,11614,3,,,0,70,,11615,3,,,0,30,,11616,3,,,0,70,,11617,3,,,0,30,,11618,3,,,0,70,,11619,3,,,0,30,,11620,3,,,0,70,,11621,3,,,0,30,,11622,3,,,0,70,,11623,3,,,0,30,,11624,3,,,0,70,,11625,3,,,0,30,,11626,3,,,0,70,,11627,3,,,0,30,,11628,3,,,0,70,,11629,3,,,0,30,,11630,3,,,0,70,,11631,3,,,0,30,,11632,3,,,0,70,,11633,3,,,0,30,,11634,3,,,0,70,,11635,3,,,0,30,,11636,3,,,0,70,,11637,3,,,0,30,,11638,3,,,0,70,,11639,3,,,0,30,,11640,3,,,0,70,,11641,3,,,0,30,,11642,3,,,0,70,,11643,3,,,0,30,,11644,3,,,0,70,,11645,3,,,0
2801,'244.0.2',701,,11646,3,,,0,100,,11647,3,,,0,100,,11648,3,,,0,100,,11649,3,,,0,100,,11650,3,,,0,100,,11651,3,,,0,100,,11652,3,,,0,100,,11653,3,,,0,100,,11654,3,,,0,100,,11655,3,,,0,100,,11656,3,,,0,103,,11657,3,,,0,100,,11658,3,,,0,100,,11659,3,,,0,100,,11660,3,,,0,100,,11661,3,,,0,100,,11662,3,,,0
2801,'244.0.3',621,,11663,3,,,0,30,,11664,3,,,0,70,,11665,3,,,0,30,,11666,3,,,0,70,,11667,3,,,0,30,,11668,3,,,0,70,,11669,3,,,0,25,,11670,3,,,0,70,,11671,3,,,0,30,,11672,3,,,0,70,,11673,3,,,0,30,,11674,3,,,0,70,,11675,3,,,0,30,,11676,3,,,0,70,,11677,3,,,0,30,,11678,3,,,0,70,,11679,3,,,0,30,,11680,3,,,0,75,,11681,3,,,0,30,,11682,3,,,0,70,,11683,3,,,0,30,,11684,3,,,0,70,,11685,3,,,0,30,,11686,3,,,0,70,,11687,3,,,0,30,,11688,3,,,0,70,,11689,3,,,0,30,,11690,3,,,0,100,,11691,3,,,0,100,,11692,3,,,0,100,,11693,3,,,0,100,,11694,3,,,0
3900,'244.0.1',605,,11919,3,,,0,30,,11920,3,,,0,70,,11921,3,,,0,30,,11922,3,,,0,70,,11923,3,,,0,30,,11924,3,,,0,70,,11925,3,,,0,30,,11926,3,,,0,70,,11927,3,,,0,30,,11928,3,,,0,70,,11929,3,,,0,30,,11930,3,,,0,70,,11931,3,,,0,30,,11932,3,,,0,70,,11933,3,,,0,30,,11934,3,,,0,70,,11935,3,,,0,30,,11936,3,,,0,70,,11937,3,,,0,30,,11938,3,,,0,70,,11939,3,,,0,30,,11940,3,,,0,70,,11941,3,,,0,30,,11942,3,,,0,70,,11943,3,,,0,30,,11944,3,,,0,70,,11945,3,,,0,30,,11946,3,,,0,70,,11947,3,,,0,30,,11948,3,,,0,70,,11949,3,,,0,30,,11950,3,,,0,70,,11951,3,,,0,30,,11952,3,,,0,70,,11953,3,,,0
3900,'244.0.2',606,,11954,3,,,0,100,,11955,3,,,0,100,,11956,3,,,0,100,,11957,3,,,0,100,,11958,3,,,0,100,,11959,3,,,0,100,,11960,3,,,0,100,,11961,3,,,0,100,,11962,3,,,0,100,,11963,3,,,0,100,,11964,3,,,0,100,,11965,3,,,0,100,,11966,3,,,0,100,,11967,3,,,0,100,,11968,3,,,0,100,,11969,3,,,0
3900,'244.0.3',608,,11970,3,,,0,30,,11971,3,,,0,70,,11972,3,,,0,30,,11973,3,,,0,70,,11974,3,,,0,30,,11975,3,,,0,70,,11976,3,,,0,30,,11977,3,,,0,70,,11978,3,,,0,30,,11979,3,,,0,70,,11980,3,,,0,30,,11981,3,,,0,70,,11982,3,,,0,30,,11983,3,,,0,70,,11984,3,,,0,30,,11985,3,,,0,70,,11986,3,,,0,30,,11987,3,,,0,70,,11988,3,,,0,30,,11989,3,,,0,70,,11990,3,,,0,30,,11991,3,,,0,70,,11992,3,,,0,30,,11993,3,,,0,70,,11994,3,,,0,30,,11995,3,,,0,100,,11996,3,,,0,100,,11997,3,,,0,100,,11998,3,,,0,100,,11999,3,,,0
13601,'244.0.3',1549,,14936,29,,,0,70,,14937,29,,,0,35,,14938,29,,,0,55,,14939,29,,,0,15,,14940,29,,,0,23,,14941,29,,,0,66,,14942,29,,,0,30,,14943,29,,,0
13801,'244.0.3',1614,,14963,31,,,0,34,,14964,31,,,0,71,,14965,31,,,0,24,,14966,31,,,0,64,,14967,31,,,0,30,,14968,31,,,0,20,,14969,31,,,0
