5801,'244.0.1',614,,12725,21,,,0,100,,12726,21,,,0,100,,12727,21,,,0,100,,12728,21,,,0,100,,12729,21,,,0,100,,12730,21,,,0,100,,12731,21,,,0,100,,12732,21,,,0,100,,12733,21,,,0,100,,12734,21,,,0,100,,12735,21,,,0,100,,12736,21,,,0,100,,12737,21,,,0,100,,12738,21,,,0,100,,12739,21,,,0,100,,12740,21,,,0,100,,12741,21,,,0
5801,'244.0.2',714,,12742,21,,,0,100,,12743,21,,,0,100,,12744,21,,,0,100,,12745,21,,,0,100,,12746,21,,,0,100,,12747,21,,,0,100,,12748,21,,,0,100,,12749,21,,,0,100,,12750,21,,,0,100,,12751,21,,,0,100,,12752,21,,,0,100,,12753,21,,,0,100,,12754,21,,,0,100,,12755,21,,,0,100,,12756,21,,,0,100,,12757,21,,,0
5801,'244.0.3',609,,12758,21,,,0,30,,12759,21,,,0,280,,12760,21,,,0,100,,12761,21,,,0,100,,12762,21,,,0,100,,12763,21,,,0,100,,12764,21,,,0,100,,12765,21,,,0,100,,12766,21,,,0,30,,12767,21,,,0,70,,12768,21,,,0,30,,12769,21,,,0,70,,12770,21,,,0,100,,12771,21,,,0,100,,12772,21,,,0,100,,12773,21,,,0,100,,12774,21,,,0,100,,12775,21,,,0,100,,12776,21,,,0
6301,'244.0.1',751,,13157,31,,,0,100,,13158,31,,,0,100,,13159,31,,,0,100,,13160,31,,,0,100,,13161,31,,,0,100,,13162,31,,,0,100,,13163,31,,,0,100,,13164,31,,,0,100,,13165,31,,,0,100,,13166,31,,,0,100,,13167,31,,,0,100,,13168,31,,,0,97,,13169,31,,,0,100,,13170,31,,,0,100,,13171,31,,,0,100,,13172,31,,,0
6301,'244.0.2',720,,13173,31,,,0,100,,13174,31,,,0,100,,13175,31,,,0,100,,13176,31,,,0,100,,13177,31,,,0,100,,13178,31,,,0,100,,13179,31,,,0,100,,13180,31,,,0,98,,13181,31,,,0,100,,13182,31,,,0,100,,13183,31,,,0,100,,13184,31,,,0,100,,13185,31,,,0,100,,13186,31,,,0,100,,13187,31,,,0
6301,'244.0.3',641,,13188,31,,,0,70,,13189,31,,,0,30,,13190,31,,,0,70,,13191,31,,,0,30,,13192,31,,,0,70,,13193,31,,,0,30,,13194,31,,,0,16,,13195,31,,,0,100,,13196,31,,,0,100,,13197,31,,,0,100,,13198,31,,,0,100,,13199,31,,,0,100,,13200,31,,,0,155,,13201,31,,,0,30,,13202,31,,,0,69,,13203,31,,,0,30,,13204,31,,,0,70,,13205,31,,,0,30,,13206,31,,,0,70,,13207,31,,,0,100,,13208,31,,,0,100,,13209,31,,,0,100,,13210,31,,,0,100,,13211,31,,,0
6700,'244.0.1',804,,13380,14,,,0,100,,13381,14,,,0,104,,13382,14,,,0,102,,13383,14,,,0,100,,13384,14,,,0,100,,13385,14,,,0,100,,13386,14,,,0,100,,13387,14,,,0,100,,13388,14,,,0,100,,13389,14,,,0,100,,13390,14,,,0,95,,13391,14,,,0,99,,13392,14,,,0,100,,13393,14,,,0,100,,13394,14,,,0,100,,13395,14,,,0
6700,'244.0.2',802,,13396,14,,,0,100,,13397,14,,,0,100,,13398,14,,,0,106,,13399,14,,,0,101,,13400,14,,,0,100,,13401,14,,,0,100,,13402,14,,,0,100,,13403,14,,,0,100,,13404,14,,,0,100,,13405,14,,,0,97,,13406,14,,,0,99,,13407,14,,,0,100,,13408,14,,,0,100,,13409,14,,,0,97,,13410,14,,,0,100,,13411,14,,,0
6700,'244.0.3',616,,13412,14,,,0,30,,13413,14,,,0,70,,13414,14,,,0,30,,13415,14,,,0,70,,13416,14,,,0,30,,13417,14,,,0,70,,13418,14,,,0,100,,13419,14,,,0,99,,13420,14,,,0,100,,13421,14,,,0,100,,13422,14,,,0,100,,13423,14,,,0,99,,13424,14,,,0,30,,13425,14,,,0,70,,13426,14,,,0,30,,13427,14,,,0,70,,13428,14,,,0,31,,13429,14,,,0,72,,13430,14,,,0,30,,13431,14,,,0,100,,13432,14,,,0,100,,13433,14,,,0,100,,13434,14,,,0,100,,13435,14,,,0
15801,'244.0.3',709,,14974,21,,,0,30,,14977,21,,,0,70,,14975,21,,,0,30,,14976,21,,,0
