500,'259.0.1',644,,19069,13,,,0,60,,19070,13,,,0,20,,19071,13,,,0,20,,19072,13,,,0,60,,19073,13,,,0,20,,19074,13,,,0,20,,19075,13,,,0,61,,19076,13,,,0,20,,19077,13,,,0,20,,19078,13,,,0,60,,19079,13,,,0,20,,19080,13,,,0,20,,19081,13,,,0,61,,19082,13,,,0,20,,19083,13,,,0,20,,19084,13,,,0,60,,19085,13,,,0,20,,19086,13,,,0,20,,19087,13,,,0,60,,19088,13,,,0,20,,19089,13,,,0,20,,19090,13,,,0,60,,19091,13,,,0,20,,19092,13,,,0,20,,19093,13,,,0,59,,19094,13,,,0,20,,19095,13,,,0,20,,19096,13,,,0,60,,19097,13,,,0,20,,19098,13,,,0,20,,19099,13,,,0,60,,19100,13,,,0,20,,19101,13,,,0,20,,19102,13,,,0,60,,19103,13,,,0,20,,19104,13,,,0,20,,19105,13,,,0,60,,19106,13,,,0,20,,19107,13,,,0,20,,19108,13,,,0,60,,19109,13,,,0,20,,19110,13,,,0,20,,19111,13,,,0,60,,19112,13,,,0,20,,19113,13,,,0,20,,19114,13,,,0,60,,19115,13,,,0,20,,19116,13,,,0,30,,19117,13,,,0,70,,19118,13,,,0,30,,19119,13,,,0,70,,19120,13,,,0,30,,19121,13,,,0,70,,19122,13,,,0
500,'259.0.2',644,,19123,13,,,0,70,,19124,13,,,0,30,,19125,13,,,0,70,,19126,13,,,0,30,,19127,13,,,0,70,,19128,13,,,0,30,,19129,13,,,0,71,,19130,13,,,0,30,,19131,13,,,0,70,,19132,13,,,0,30,,19133,13,,,0,70,,19134,13,,,0,30,,19135,13,,,0,70,,19136,13,,,0,30,,19137,13,,,0,70,,19138,13,,,0,30,,19139,13,,,0,70,,19140,13,,,0,30,,19141,13,,,0,70,,19142,13,,,0,30,,19143,13,,,0,70,,19144,13,,,0,30,,19145,13,,,0,70,,19146,13,,,0,30,,19147,13,,,0,70,,19148,13,,,0,30,,19149,13,,,0,70,,19150,13,,,0,30,,19151,13,,,0,70,,19152,13,,,0,30,,19153,13,,,0,70,,19154,13,,,0,30,,19155,13,,,0,70,,19156,13,,,0,30,,19157,13,,,0,70,,19158,13,,,0
500,'259.0.3',544,,19159,13,,,0,70,,19160,13,,,0,15,,19161,13,,,0,15,,19162,13,,,0,15,,19163,13,,,0,55,,19164,13,,,0,15,,19165,13,,,0,15,,19166,13,,,0,15,,19167,13,,,0,55,,19168,13,,,0,15,,19169,13,,,0,15,,19170,13,,,0,15,,19171,13,,,0,56,,19172,13,,,0,15,,19173,13,,,0,15,,19174,13,,,0,55,,19175,13,,,0,15,,19176,13,,,0,15,,19177,13,,,0,15,,19178,13,,,0,55,,19179,13,,,0,17,,19180,13,,,0,15,,19181,13,,,0,15,,19182,13,,,0,55,,19183,13,,,0,15,,19184,13,,,0,15,,19185,13,,,0,15,,19186,13,,,0,55,,19187,13,,,0,15,,19188,13,,,0,15,,19189,13,,,0,15,,19190,13,,,0,55,,19191,13,,,0,15,,19192,13,,,0,15,,19193,13,,,0,15,,19194,13,,,0,55,,19195,13,,,0,14,,19196,13,,,0,15,,19197,13,,,0,15,,19198,13,,,0,55,,19199,13,,,0,15,,19200,13,,,0,15,,19201,13,,,0,15,,19202,13,,,0,55,,19203,13,,,0,15,,19204,13,,,0,15,,19205,13,,,0,15,,19206,13,,,0,55,,19207,13,,,0,15,,19208,13,,,0,15,,19209,13,,,0,15,,19210,13,,,0,60,,19211,13,,,0,15,,19212,13,,,0,20,,19213,13,,,0,60,,19214,13,,,0,19,,19215,13,,,0,20,,19216,13,,,0,60,,19217,13,,,0,20,,19218,13,,,0,20,,19219,13,,,0,60,,19220,13,,,0,35,,19221,13,,,0,70,,19222,13,,,0,30,,19223,13,,,0,70,,19224,13,,,0,30,,19225,13,,,0,70,,19226,13,,,0
1000601,'259.0.3',537,,24178,5,,,0,70,,24179,5,,,0,30,,24180,5,,,0,70,,24181,5,,,0,29,,24182,5,,,0,70,,24183,5,,,0,30,,24184,5,,,0,70,,24185,5,,,0,15,,24186,5,,,0,30,,24187,5,,,0,70,,24188,5,,,0,30,,24189,5,,,0,70,,24190,5,,,0,30,,24191,5,,,0,70,,24192,5,,,0,30,,24193,5,,,0,70,,24194,5,,,0,30,,24195,5,,,0,70,,24196,5,,,0,30,,24197,5,,,0,55,,24198,5,,,0,30,,24199,5,,,0,70,,24200,5,,,0,30,,24201,5,,,0,70,,24202,5,,,0,30,,24203,5,,,0,71,,24204,5,,,0,30,,24205,5,,,0
2000601,'259.0.1',604,,25181,5,,,0,100,,25182,5,,,0,100,,25183,5,,,0,100,,25184,5,,,0,100,,25185,5,,,0,100,,25186,5,,,0,100,,25187,5,,,0,100,,25188,5,,,0,100,,25189,5,,,0,100,,25190,5,,,0,100,,25191,5,,,0,100,,25192,5,,,0,100,,25193,5,,,0,100,,25194,5,,,0,100,,25195,5,,,0,100,,25196,5,,,0,100,,25197,5,,,0,100,,25198,5,,,0,100,,25199,5,,,0
2000601,'259.0.2',604,,25201,5,,,0,100,,25202,5,,,0,100,,25203,5,,,0,100,,25204,5,,,0,100,,25205,5,,,0,100,,25206,5,,,0,100,,25207,5,,,0,100,,25208,5,,,0,100,,25209,5,,,0,100,,25210,5,,,0,100,,25211,5,,,0,100,,25212,5,,,0,100,,25213,5,,,0,100,,25214,5,,,0,100,,25215,5,,,0,100,,25216,5,,,0,100,,25217,5,,,0,100,,25218,5,,,0,100,,25219,5,,,0
2000601,'259.0.3',544,,25222,5,,,0,70,,25223,5,,,0,30,,25224,5,,,0,70,,25225,5,,,0,30,,25226,5,,,0,70,,25227,5,,,0,30,,25228,5,,,0,65,,25229,5,,,0,100,,25230,5,,,0,100,,25231,5,,,0,100,,25232,5,,,0,100,,25233,5,,,0,100,,25234,5,,,0,104,,25235,5,,,0,30,,25236,5,,,0,70,,25237,5,,,0,30,,25238,5,,,0,70,,25239,5,,,0,30,,25240,5,,,0,70,,25241,5,,,0,100,,25242,5,,,0,100,,25243,5,,,0,100,,25244,5,,,0,100,,25245,5,,,0,100,,25246,5,,,0,100,,25247,5,,,0
3000601,'259.0.1',634,,26208,5,,,0,100,,26209,5,,,0,100,,26210,5,,,0,100,,26211,5,,,0,100,,26212,5,,,0,100,,26213,5,,,0,100,,26214,5,,,0,100,,26215,5,,,0,100,,26216,5,,,0,100,,26217,5,,,0,100,,26218,5,,,0,100,,26219,5,,,0,100,,26220,5,,,0,100,,26221,5,,,0,100,,26222,5,,,0,100,,26223,5,,,0,100,,26224,5,,,0,100,,26225,5,,,0,100,,26226,5,,,0
3000601,'259.0.2',634,,26228,5,,,0,100,,26229,5,,,0,100,,26230,5,,,0,100,,26231,5,,,0,100,,26232,5,,,0,100,,26233,5,,,0,100,,26234,5,,,0,100,,26235,5,,,0,100,,26236,5,,,0,100,,26237,5,,,0,100,,26238,5,,,0,100,,26239,5,,,0,100,,26240,5,,,0,100,,26241,5,,,0,100,,26242,5,,,0,100,,26243,5,,,0,100,,26244,5,,,0,100,,26245,5,,,0,100,,26246,5,,,0
3000601,'259.0.3',559,,26248,5,,,0,70,,26249,5,,,0,30,,26250,5,,,0,70,,26251,5,,,0,30,,26252,5,,,0,70,,26253,5,,,0,30,,26254,5,,,0,80,,26255,5,,,0,100,,26256,5,,,0,100,,26257,5,,,0,100,,26258,5,,,0,100,,26259,5,,,0,100,,26260,5,,,0,89,,26261,5,,,0,30,,26262,5,,,0,70,,26263,5,,,0,30,,26264,5,,,0,70,,26265,5,,,0,30,,26266,5,,,0,70,,26267,5,,,0,116,,26268,5,,,0,100,,26269,5,,,0,100,,26270,5,,,0,100,,26271,5,,,0,100,,26272,5,,,0,100,,26273,5,,,0
