12300,'244.0.3',636,,14873,33,,,0,70,,14875,33,,,0,109,,14876,33,,,0,29,,14877,33,,,0,66,,14874,33,,,0
12300,'244.1141.3',742,,14878,33,,,0
12300,'244.1143.3',742,,14879,33,,,0
12700,'244.0.3',639,,14893,23,,,0,18,,14894,23,,,0,60,,14895,23,,,0,10,,14896,23,,,0,9,,14897,23,,,0,20,,14898,23,,,0,55,,14899,23,,,0,15,,14900,23,,,0,5,,14901,23,,,0
1000901,'244.0.1',712,,15814,47,,,0,100,,15815,47,,,0,102,,15816,47,,,0,100,,15817,47,,,0,100,,15818,47,,,0,100,,15819,47,,,0,100,,15820,47,,,0,100,,15821,47,,,0,100,,15822,47,,,0,100,,15823,47,,,0,100,,15824,47,,,0,97,,15825,47,,,0,100,,15826,47,,,0,100,,15827,47,,,0,97,,15828,47,,,0,100,,15829,47,,,0,100,,15830,47,,,0,100,,15831,47,,,0
1000901,'244.0.2',707,,15832,47,,,0,98,,15833,47,,,0,104,,15834,47,,,0,100,,15835,47,,,0,102,,15836,47,,,0,100,,15837,47,,,0,100,,15838,47,,,0,100,,15839,47,,,0,100,,15840,47,,,0,100,,15841,47,,,0,100,,15842,47,,,0,100,,15843,47,,,0,100,,15844,47,,,0,98,,15845,47,,,0,96,,15846,47,,,0,100,,15847,47,,,0,100,,15848,47,,,0,99,,15849,47,,,0
1000901,'244.0.3',556,,15850,47,,,0,67,,15851,47,,,0,25,,15852,47,,,0,10,,15853,47,,,0,45,,15854,47,,,0,17,,15855,47,,,0,23,,15856,47,,,0,5,,15857,47,,,0,55,,15858,47,,,0,10,,15859,47,,,0,20,,15860,47,,,0,10,,15861,47,,,0,60,,15862,47,,,0,9,,15863,47,,,0,8,,15864,47,,,0,10,,15865,47,,,0,25,,15866,47,,,0,55,,15867,47,,,0,15,,15868,47,,,0,30,,15869,47,,,0,55,,15870,47,,,0,15,,15871,47,,,0,30,,15872,47,,,0,55,,15873,47,,,0,15,,15874,47,,,0,30,,15875,47,,,0,55,,15876,47,,,0,15,,15877,47,,,0,30,,15878,47,,,0,55,,15879,47,,,0,15,,15880,47,,,0,30,,15881,47,,,0,55,,15882,47,,,0,15,,15883,47,,,0,29,,15884,47,,,0,65,,15885,47,,,0,5,,15886,47,,,0,25,,15887,47,,,0,10,,15888,47,,,0,60,,15889,47,,,0,10,,15890,47,,,0,20,,15891,47,,,0,10,,15892,47,,,0,60,,15893,47,,,0,9,,15894,47,,,0,17,,15895,47,,,0,10,,15896,47,,,0,65,,15897,47,,,0,30,,15898,47,,,0,71,,15899,47,,,0,29,,15900,47,,,0,70,,15901,47,,,0,25,,15902,47,,,0,70,,15903,47,,,0,35,,15904,47,,,0,60,,15905,47,,,0,40,,15906,47,,,0,60,,15907,47,,,0,40,,15908,47,,,0,60,,15909,47,,,0
2000901,'244.0.1',642,,16829,63,,,0,100,,16830,63,,,0,99,,16831,63,,,0,103,,16832,63,,,0,100,,16833,63,,,0,100,,16834,63,,,0,100,,16835,63,,,0,100,,16836,63,,,0,100,,16837,63,,,0,100,,16838,63,,,0,100,,16839,63,,,0,100,,16840,63,,,0,97,,16841,63,,,0,100,,16842,63,,,0,97,,16843,63,,,0,100,,16844,63,,,0,100,,16845,63,,,0,100,,16846,63,,,0,100,,16847,63,,,0
2000901,'244.0.2',637,,16848,63,,,0,100,,16849,63,,,0,98,,16850,63,,,0,104,,16851,63,,,0,100,,16852,63,,,0,102,,16853,63,,,0,100,,16854,63,,,0,100,,16855,63,,,0,100,,16856,63,,,0,100,,16857,63,,,0,100,,16858,63,,,0,100,,16859,63,,,0,100,,16860,63,,,0,100,,16861,63,,,0,94,,16862,63,,,0,100,,16863,63,,,0,100,,16864,63,,,0,98,,16865,63,,,0,100,,16866,63,,,0
2000901,'244.0.3',608,,16867,63,,,0,30,,16868,63,,,0,70,,16869,63,,,0,45,,16870,63,,,0,70,,16871,63,,,0,30,,16872,63,,,0,58,,16873,63,,,0,29,,16874,63,,,0,100,,16875,63,,,0,100,,16876,63,,,0,100,,16877,63,,,0,100,,16878,63,,,0,100,,16879,63,,,0,99,,16880,63,,,0,70,,16881,63,,,0,30,,16882,63,,,0,70,,16883,63,,,0,30,,16884,63,,,0,70,,16885,63,,,0,27,,16886,63,,,0,69,,16887,63,,,0,30,,16888,63,,,0,70,,16889,63,,,0,30,,16890,63,,,0,70,,16891,63,,,0,27,,16892,63,,,0,22,,16893,63,,,0,70,,16894,63,,,0,100,,16895,63,,,0,100,,16896,63,,,0
