201,'244.0.1',609,,9504,19,,,0,100,,9505,19,,,0,100,,9506,19,,,0,15,,9507,19,,,0,15,,9508,19,,,0,15,,9509,19,,,0,55,,9510,19,,,0,15,,9511,19,,,0,15,,9512,19,,,0,15,,9513,19,,,0,56,,9514,19,,,0,16,,9515,19,,,0,15,,9516,19,,,0,15,,9517,19,,,0,55,,9518,19,,,0,15,,9519,19,,,0,15,,9520,19,,,0,15,,9521,19,,,0,55,,9522,19,,,0,15,,9523,19,,,0,15,,9524,19,,,0,15,,9525,19,,,0,55,,9526,19,,,0,15,,9527,19,,,0,15,,9528,19,,,0,15,,9529,19,,,0,55,,9530,19,,,0,15,,9531,19,,,0,15,,9532,19,,,0,15,,9533,19,,,0,55,,9534,19,,,0,15,,9535,19,,,0,15,,9536,19,,,0,15,,9537,19,,,0,55,,9538,19,,,0,15,,9539,19,,,0,14,,9540,19,,,0,15,,9541,19,,,0,55,,9542,19,,,0,15,,9543,19,,,0,15,,9544,19,,,0,15,,9545,19,,,0,55,,9546,19,,,0,15,,9547,19,,,0,14,,9548,19,,,0,14,,9549,19,,,0,55,,9550,19,,,0,30,,9551,19,,,0,70,,9552,19,,,0,30,,9553,19,,,0,70,,9554,19,,,0,30,,9555,19,,,0,70,,9556,19,,,0,30,,9557,19,,,0,70,,9558,19,,,0,30,,9559,19,,,0,70,,9560,19,,,0,30,,9561,19,,,0
201,'244.0.2',618,,9562,19,,,0,100,,9563,19,,,0,95,,9564,19,,,0,20,,9565,19,,,0,20,,9566,19,,,0,60,,9567,19,,,0,20,,9568,19,,,0,22,,9569,19,,,0,60,,9570,19,,,0,20,,9571,19,,,0,20,,9572,19,,,0,60,,9573,19,,,0,20,,9574,19,,,0,20,,9575,19,,,0,60,,9576,19,,,0,20,,9577,19,,,0,20,,9578,19,,,0,60,,9579,19,,,0,20,,9580,19,,,0,20,,9581,19,,,0,60,,9582,19,,,0,20,,9583,19,,,0,20,,9584,19,,,0,60,,9585,19,,,0,20,,9586,19,,,0,20,,9587,19,,,0,60,,9588,19,,,0,20,,9589,19,,,0,20,,9590,19,,,0,60,,9591,19,,,0,20,,9592,19,,,0,20,,9593,19,,,0,55,,9594,19,,,0,29,,9595,19,,,0,69,,9596,19,,,0,30,,9597,19,,,0,70,,9598,19,,,0,30,,9599,19,,,0,70,,9600,19,,,0,30,,9601,19,,,0,70,,9602,19,,,0,30,,9603,19,,,0,70,,9604,19,,,0,30,,9605,19,,,0,70,,9606,19,,,0
201,'244.0.3',540,,9607,19,,,0,70,,9608,19,,,0,30,,9609,19,,,0,15,,9610,19,,,0,55,,9611,19,,,0,17,,9612,19,,,0,17,,9613,19,,,0,15,,9614,19,,,0,55,,9615,19,,,0,15,,9616,19,,,0,15,,9617,19,,,0,15,,9618,19,,,0,54,,9619,19,,,0,15,,9620,19,,,0,15,,9621,19,,,0,15,,9622,19,,,0,55,,9623,19,,,0,15,,9624,19,,,0,15,,9625,19,,,0,15,,9626,19,,,0,55,,9627,19,,,0,15,,9628,19,,,0,15,,9629,19,,,0,15,,9630,19,,,0,55,,9631,19,,,0,15,,9632,19,,,0,15,,9633,19,,,0,15,,9634,19,,,0,55,,9635,19,,,0,15,,9636,19,,,0,15,,9637,19,,,0,15,,9638,19,,,0,55,,9639,19,,,0,15,,9640,19,,,0,15,,9641,19,,,0,15,,9642,19,,,0,55,,9643,19,,,0,15,,9644,19,,,0,15,,9645,19,,,0,15,,9646,19,,,0,55,,9647,19,,,0,15,,9648,19,,,0,15,,9649,19,,,0,15,,9650,19,,,0,55,,9651,19,,,0,15,,9652,19,,,0,15,,9653,19,,,0,14,,9654,19,,,0,55,,9655,19,,,0,15,,9656,19,,,0,15,,9657,19,,,0,70,,9658,19,,,0,30,,9659,19,,,0,70,,9660,19,,,0,30,,9661,19,,,0,70,,9662,19,,,0,30,,9663,19,,,0,70,,9664,19,,,0,30,,9665,19,,,0,70,,9666,19,,,0,30,,9667,19,,,0,70,,9668,19,,,0,30,,9669,19,,,0
801,'244.0.1',600,,10684,56,,,0,30,,10685,56,,,0,70,,10686,56,,,0,30,,10687,56,,,0,72,,10688,56,,,0,33,,10689,56,,,0,70,,10690,56,,,0,30,,10691,56,,,0,71,,10692,56,,,0,34,,10693,56,,,0,70,,10694,56,,,0,30,,10695,56,,,0,70,,10696,56,,,0,30,,10697,56,,,0,72,,10698,56,,,0,31,,10699,56,,,0,70,,10700,56,,,0,30,,10701,56,,,0,70,,10702,56,,,0,30,,10703,56,,,0,70,,10704,56,,,0,30,,10705,56,,,0,70,,10706,56,,,0,29,,10707,56,,,0,68,,10708,56,,,0,29,,10709,56,,,0,70,,10710,56,,,0,28,,10711,56,,,0,65,,10712,56,,,0,29,,10713,56,,,0,70,,10714,56,,,0,30,,10715,56,,,0,70,,10716,56,,,0,30,,10717,56,,,0,70,,10718,56,,,0,30,,10719,56,,,0,70,,10720,56,,,0,100,,10721,56,,,0
801,'244.0.2',605,,10722,56,,,0,30,,10723,56,,,0,70,,10724,56,,,0,30,,10725,56,,,0,70,,10726,56,,,0,30,,10727,56,,,0,71,,10728,56,,,0,35,,10729,56,,,0,70,,10730,56,,,0,30,,10731,56,,,0,71,,10732,56,,,0,30,,10733,56,,,0,70,,10734,56,,,0,30,,10735,56,,,0,70,,10736,56,,,0,30,,10737,56,,,0,70,,10738,56,,,0,30,,10739,56,,,0,70,,10740,56,,,0,30,,10741,56,,,0,70,,10742,56,,,0,30,,10743,56,,,0,70,,10744,56,,,0,30,,10745,56,,,0,69,,10746,56,,,0,28,,10747,56,,,0,70,,10748,56,,,0,30,,10749,56,,,0,70,,10750,56,,,0,30,,10751,56,,,0,68,,10752,56,,,0,27,,10753,56,,,0,70,,10754,56,,,0,30,,10755,56,,,0,100,,10756,56,,,0,100,,10757,56,,,0
801,'244.0.3',551,,10758,56,,,0,70,,10759,56,,,0,30,,10760,56,,,0,60,,10761,56,,,0,30,,10762,56,,,0,60,,10763,56,,,0,20,,10764,56,,,0,20,,10765,56,,,0,60,,10766,56,,,0,16,,10767,56,,,0,17,,10768,56,,,0,20,,10769,56,,,0,60,,10770,56,,,0,20,,10771,56,,,0,20,,10772,56,,,0,60,,10773,56,,,0,20,,10774,56,,,0,20,,10775,56,,,0,60,,10776,56,,,0,20,,10777,56,,,0,20,,10778,56,,,0,60,,10779,56,,,0,20,,10780,56,,,0,20,,10781,56,,,0,60,,10782,56,,,0,20,,10783,56,,,0,20,,10784,56,,,0,60,,10785,56,,,0,23,,10786,56,,,0,73,,10787,56,,,0,30,,10788,56,,,0,70,,10789,56,,,0,30,,10790,56,,,0,68,,10791,56,,,0,25,,10792,56,,,0,68,,10793,56,,,0,30,,10794,56,,,0,70,,10795,56,,,0,30,,10796,56,,,0,70,,10797,56,,,0,26,,10798,56,,,0,29,,10799,56,,,0,70,,10800,56,,,0,30,,10801,56,,,0,70,,10802,56,,,0,30,,10803,56,,,0,70,,10804,56,,,0,30,,10805,56,,,0
2801,'244.0.1',732,,11611,27,,,0,70,,11612,27,,,0,30,,11613,27,,,0,71,,11614,27,,,0,30,,11615,27,,,0,70,,11616,27,,,0,30,,11617,27,,,0,70,,11618,27,,,0,33,,11619,27,,,0,71,,11620,27,,,0,30,,11621,27,,,0,70,,11622,27,,,0,30,,11623,27,,,0,70,,11624,27,,,0,30,,11625,27,,,0,70,,11626,27,,,0,30,,11627,27,,,0,70,,11628,27,,,0,30,,11629,27,,,0,70,,11630,27,,,0,30,,11631,27,,,0,70,,11632,27,,,0,26,,11633,27,,,0,69,,11634,27,,,0,30,,11635,27,,,0,70,,11636,27,,,0,30,,11637,27,,,0,70,,11638,27,,,0,30,,11639,27,,,0,70,,11640,27,,,0,30,,11641,27,,,0,70,,11642,27,,,0,30,,11643,27,,,0,70,,11644,27,,,0,30,,11645,27,,,0
2801,'244.0.2',721,,11646,27,,,0,100,,11647,27,,,0,100,,11648,27,,,0,101,,11649,27,,,0,104,,11650,27,,,0,100,,11651,27,,,0,100,,11652,27,,,0,100,,11653,27,,,0,100,,11654,27,,,0,100,,11655,27,,,0,100,,11656,27,,,0,98,,11657,27,,,0,100,,11658,27,,,0,100,,11659,27,,,0,100,,11660,27,,,0,100,,11661,27,,,0,100,,11662,27,,,0
2801,'244.0.3',641,,11663,27,,,0,70,,11664,27,,,0,33,,11665,27,,,0,70,,11666,27,,,0,30,,11667,27,,,0,70,,11668,27,,,0,29,,11669,27,,,0,65,,11670,27,,,0,30,,11671,27,,,0,70,,11672,27,,,0,33,,11673,27,,,0,70,,11674,27,,,0,30,,11675,27,,,0,70,,11676,27,,,0,30,,11677,27,,,0,70,,11678,27,,,0,30,,11679,27,,,0,70,,11680,27,,,0,36,,11681,27,,,0,70,,11682,27,,,0,30,,11683,27,,,0,70,,11684,27,,,0,30,,11685,27,,,0,69,,11686,27,,,0,26,,11687,27,,,0,70,,11688,27,,,0,30,,11689,27,,,0,70,,11690,27,,,0,100,,11691,27,,,0,100,,11692,27,,,0,100,,11693,27,,,0,100,,11694,27,,,0
2900,'244.0.1',622,,11695,1,,,0,30,,11696,1,,,0,70,,11697,1,,,0,30,,11698,1,,,0,70,,11699,1,,,0,30,,11700,1,,,0,70,,11701,1,,,0,30,,11702,1,,,0,70,,11703,1,,,0,26,,11704,1,,,0,70,,11705,1,,,0,30,,11706,1,,,0,70,,11707,1,,,0,30,,11708,1,,,0,70,,11709,1,,,0,30,,11710,1,,,0,70,,11711,1,,,0,30,,11712,1,,,0,70,,11713,1,,,0,30,,11714,1,,,0,70,,11715,1,,,0,31,,11716,1,,,0,72,,11717,1,,,0,30,,11718,1,,,0,70,,11719,1,,,0,30,,11720,1,,,0,70,,11721,1,,,0,30,,11722,1,,,0,70,,11723,1,,,0,103,,11724,1,,,0,100,,11725,1,,,0,100,,11726,1,,,0,81,,11727,1,,,0
2900,'244.0.2',627,,11728,1,,,0,30,,11729,1,,,0,70,,11730,1,,,0,30,,11731,1,,,0,70,,11732,1,,,0,30,,11733,1,,,0,70,,11734,1,,,0,30,,11735,1,,,0,70,,11736,1,,,0,30,,11737,1,,,0,67,,11738,1,,,0,30,,11739,1,,,0,70,,11740,1,,,0,30,,11741,1,,,0,70,,11742,1,,,0,30,,11743,1,,,0,70,,11744,1,,,0,30,,11745,1,,,0,70,,11746,1,,,0,30,,11747,1,,,0,70,,11748,1,,,0,30,,11749,1,,,0,70,,11750,1,,,0,30,,11751,1,,,0,73,,11752,1,,,0,100,,11753,1,,,0,100,,11754,1,,,0,100,,11755,1,,,0,100,,11756,1,,,0,100,,11757,1,,,0,78,,11758,1,,,0
2900,'244.0.3',540,,11759,1,,,0,15,,11760,1,,,0,55,,11761,1,,,0,14,,11762,1,,,0,11,,11763,1,,,0,14,,11764,1,,,0,55,,11765,1,,,0,15,,11766,1,,,0,15,,11767,1,,,0,15,,11768,1,,,0,55,,11769,1,,,0,15,,11770,1,,,0,16,,11771,1,,,0,18,,11772,1,,,0,56,,11773,1,,,0,30,,11774,1,,,0,70,,11775,1,,,0,30,,11776,1,,,0,70,,11777,1,,,0,30,,11778,1,,,0,70,,11779,1,,,0,30,,11780,1,,,0,70,,11781,1,,,0,30,,11782,1,,,0,70,,11783,1,,,0,29,,11784,1,,,0,64,,11785,1,,,0,15,,11786,1,,,0,15,,11787,1,,,0,15,,11788,1,,,0,55,,11789,1,,,0,15,,11790,1,,,0,15,,11791,1,,,0,15,,11792,1,,,0,55,,11793,1,,,0,15,,11794,1,,,0,22,,11795,1,,,0,18,,11796,1,,,0,55,,11797,1,,,0,15,,11798,1,,,0,15,,11799,1,,,0,70,,11800,1,,,0,30,,11801,1,,,0,70,,11802,1,,,0,30,,11803,1,,,0,70,,11804,1,,,0,30,,11805,1,,,0,70,,11806,1,,,0,100,,11807,1,,,0,88,,11808,1,,,0
2901,'244.0.1',705,,11809,46,4,,0,30,,11810,46,4,,0,70,,11811,46,4,,0,30,,11812,46,4,,0,70,,11813,46,4,,0,30,,11814,46,4,,0,70,,11815,46,4,,0,32,,11816,46,4,,0,73,,11817,46,4,,0,28,,11818,46,4,,0,70,,11819,46,4,,0,30,,11820,46,4,,0,70,,11821,46,4,,0,30,,11822,46,4,,0,70,,11823,46,4,,0,30,,11824,46,4,,0,67,,11825,46,4,,0,33,,11826,46,4,,0,70,,11827,46,4,,0,30,,11828,46,4,,0,70,,11829,46,4,,0,30,,11830,46,4,,0,70,,11831,46,4,,0,30,,11832,46,4,,0,67,,11833,46,4,,0,31,,11834,46,4,,0,68,,11835,46,4,,0,100,,11836,46,4,,0,100,,11837,46,4,,0,100,,11838,46,4,,0,100,,11839,46,4,,0,41,,11840,46,4,,0
2901,'244.0.2',702,,11841,46,4,,0,30,,11842,46,4,,0,70,,11843,46,4,,0,30,,11844,46,4,,0,70,,11845,46,4,,0,30,,11846,46,4,,0,72,,11847,46,4,,0,32,,11848,46,4,,0,69,,11849,46,4,,0,30,,11850,46,4,,0,70,,11851,46,4,,0,30,,11852,46,4,,0,70,,11853,46,4,,0,30,,11854,46,4,,0,70,,11855,46,4,,0,30,,11856,46,4,,0,70,,11857,46,4,,0,30,,11858,46,4,,0,70,,11859,46,4,,0,30,,11860,46,4,,0,70,,11861,46,4,,0,30,,11862,46,4,,0,70,,11863,46,4,,0,29,,11864,46,4,,0,70,,11865,46,4,,0,98,,11866,46,4,,0,100,,11867,46,4,,0,100,,11868,46,4,,0,100,,11869,46,4,,0,100,,11870,46,4,,0,43,,11871,46,4,,0
2901,'244.0.3',652,,11872,46,4,,0,55,,11873,46,4,,0,18,,11874,46,4,,0,17,,11875,46,4,,0,15,,11876,46,4,,0,55,,11877,46,4,,0,15,,11878,46,4,,0,15,,11879,46,4,,0,12,,11880,46,4,,0,54,,11881,46,4,,0,15,,11882,46,4,,0,28,,11883,46,4,,0,70,,11884,46,4,,0,30,,11885,46,4,,0,70,,11886,46,4,,0,30,,11887,46,4,,0,70,,11888,46,4,,0,30,,11889,46,4,,0,70,,11890,46,4,,0,30,,11891,46,4,,0,71,,11892,46,4,,0,36,,11893,46,4,,0,72,,11894,46,4,,0,70,,11895,46,4,,0,15,,11896,46,4,,0,15,,11897,46,4,,0,15,,11898,46,4,,0,55,,11899,46,4,,0,11,,11900,46,4,,0,15,,11901,46,4,,0,15,,11902,46,4,,0,11,,11903,46,4,,0,53,,11904,46,4,,0,15,,11905,46,4,,0,15,,11906,46,4,,0,15,,11907,46,4,,0,55,,11908,46,4,,0,15,,11909,46,4,,0,30,,11910,46,4,,0,70,,11911,46,4,,0,30,,11912,46,4,,0,70,,11913,46,4,,0,30,,11914,46,4,,0,70,,11915,46,4,,0,30,,11916,46,4,,0,100,,11917,46,4,,0,94,,11918,46,4,,0
9101,'244.0.1',819,,14805,45,,,0,100,,14806,45,,,0,102,,14807,45,,,0,100,,14808,45,,,0,100,,14809,45,,,0,100,,14810,45,,,0,100,,14811,45,,,0,100,,14812,45,,,0,100,,14813,45,,,0,100,,14814,45,,,0,100,,14815,45,,,0,98,,14816,45,,,0,100,,14817,45,,,0,100,,14818,45,,,0,100,,14819,45,,,0,100,,14820,45,,,0
9101,'244.0.2',848,,14821,45,,,0,100,,14822,45,,,0,102,,14823,45,,,0,100,,14824,45,,,0,100,,14825,45,,,0,100,,14826,45,,,0,100,,14827,45,,,0,100,,14828,45,,,0,100,,14829,45,,,0,98,,14830,45,,,0,100,,14831,45,,,0,100,,14832,45,,,0,100,,14833,45,,,0,100,,14834,45,,,0,100,,14835,45,,,0
9101,'244.0.3',621,,14836,45,,,0,30,,14837,45,,,0,79,,14838,45,,,0,24,,14839,45,,,0,70,,14840,45,,,0,77,,14841,45,,,0,25,,14842,45,,,0,29,,14843,45,,,0,100,,14844,45,,,0,103,,14845,45,,,0,100,,14846,45,,,0,99,,14847,45,,,0,151,,14848,45,,,0,101,,14849,45,,,0,31,,14850,45,,,0,70,,14851,45,,,0,32,,14852,45,,,0,70,,14853,45,,,0,21,,14854,45,,,0,94,,14855,45,,,0,100,,14856,45,,,0,100,,14857,45,,,0,100,,14858,45,,,0,100,,14859,45,,,0
