500,'259.0.1',643,,19069,11,,,0,60,,19070,11,,,0,20,,19071,11,,,0,20,,19072,11,,,0,60,,19073,11,,,0,20,,19074,11,,,0,20,,19075,11,,,0,61,,19076,11,,,0,20,,19077,11,,,0,20,,19078,11,,,0,60,,19079,11,,,0,20,,19080,11,,,0,20,,19081,11,,,0,61,,19082,11,,,0,20,,19083,11,,,0,20,,19084,11,,,0,60,,19085,11,,,0,20,,19086,11,,,0,20,,19087,11,,,0,60,,19088,11,,,0,20,,19089,11,,,0,20,,19090,11,,,0,60,,19091,11,,,0,20,,19092,11,,,0,20,,19093,11,,,0,59,,19094,11,,,0,20,,19095,11,,,0,20,,19096,11,,,0,60,,19097,11,,,0,20,,19098,11,,,0,20,,19099,11,,,0,60,,19100,11,,,0,20,,19101,11,,,0,20,,19102,11,,,0,60,,19103,11,,,0,20,,19104,11,,,0,20,,19105,11,,,0,60,,19106,11,,,0,20,,19107,11,,,0,20,,19108,11,,,0,60,,19109,11,,,0,20,,19110,11,,,0,20,,19111,11,,,0,60,,19112,11,,,0,20,,19113,11,,,0,20,,19114,11,,,0,60,,19115,11,,,0,20,,19116,11,,,0,30,,19117,11,,,0,70,,19118,11,,,0,30,,19119,11,,,0,70,,19120,11,,,0,30,,19121,11,,,0,70,,19122,11,,,0
500,'259.0.2',643,,19123,11,,,0,70,,19124,11,,,0,30,,19125,11,,,0,70,,19126,11,,,0,30,,19127,11,,,0,70,,19128,11,,,0,30,,19129,11,,,0,71,,19130,11,,,0,30,,19131,11,,,0,70,,19132,11,,,0,30,,19133,11,,,0,70,,19134,11,,,0,30,,19135,11,,,0,70,,19136,11,,,0,30,,19137,11,,,0,70,,19138,11,,,0,30,,19139,11,,,0,70,,19140,11,,,0,30,,19141,11,,,0,70,,19142,11,,,0,30,,19143,11,,,0,70,,19144,11,,,0,30,,19145,11,,,0,70,,19146,11,,,0,30,,19147,11,,,0,70,,19148,11,,,0,30,,19149,11,,,0,70,,19150,11,,,0,30,,19151,11,,,0,70,,19152,11,,,0,30,,19153,11,,,0,70,,19154,11,,,0,30,,19155,11,,,0,70,,19156,11,,,0,30,,19157,11,,,0,70,,19158,11,,,0
500,'259.0.3',543,,19159,11,,,0,70,,19160,11,,,0,15,,19161,11,,,0,15,,19162,11,,,0,15,,19163,11,,,0,55,,19164,11,,,0,15,,19165,11,,,0,15,,19166,11,,,0,15,,19167,11,,,0,55,,19168,11,,,0,15,,19169,11,,,0,15,,19170,11,,,0,15,,19171,11,,,0,56,,19172,11,,,0,15,,19173,11,,,0,15,,19174,11,,,0,15,,19175,11,,,0,55,,19176,11,,,0,15,,19177,11,,,0,15,,19178,11,,,0,15,,19179,11,,,0,57,,19180,11,,,0,15,,19181,11,,,0,15,,19182,11,,,0,55,,19183,11,,,0,15,,19184,11,,,0,15,,19185,11,,,0,15,,19186,11,,,0,55,,19187,11,,,0,15,,19188,11,,,0,15,,19189,11,,,0,15,,19190,11,,,0,55,,19191,11,,,0,15,,19192,11,,,0,15,,19193,11,,,0,15,,19194,11,,,0,55,,19195,11,,,0,14,,19196,11,,,0,15,,19197,11,,,0,15,,19198,11,,,0,55,,19199,11,,,0,15,,19200,11,,,0,15,,19201,11,,,0,15,,19202,11,,,0,55,,19203,11,,,0,15,,19204,11,,,0,15,,19205,11,,,0,15,,19206,11,,,0,55,,19207,11,,,0,15,,19208,11,,,0,15,,19209,11,,,0,15,,19210,11,,,0,60,,19211,11,,,0,15,,19212,11,,,0,20,,19213,11,,,0,60,,19214,11,,,0,19,,19215,11,,,0,20,,19216,11,,,0,20,,19217,11,,,0,60,,19218,11,,,0,20,,19219,11,,,0,20,,19220,11,,,0,75,,19221,11,,,0,70,,19222,11,,,0,30,,19223,11,,,0,70,,19224,11,,,0,30,,19225,11,,,0,70,,19226,11,,,0
6200,'259.0.1',703,,21818,3,,,0,100,,21819,3,,,0,100,,21820,3,,,0,100,,21821,3,,,0,100,,21822,3,,,0,100,,21823,3,,,0,100,,21824,3,,,0,100,,21825,3,,,0,100,,21826,3,,,0,100,,21827,3,,,0,100,,21828,3,,,0,100,,21829,3,,,0,100,,21830,3,,,0,100,,21831,3,,,0,100,,21832,3,,,0,100,,21833,3,,,0
6200,'259.0.2',703,,21834,3,,,0,100,,21835,3,,,0,100,,21836,3,,,0,100,,21837,3,,,0,100,,21838,3,,,0,100,,21839,3,,,0,100,,21840,3,,,0,100,,21841,3,,,0,100,,21842,3,,,0,100,,21843,3,,,0,100,,21844,3,,,0,100,,21845,3,,,0,100,,21846,3,,,0,100,,21847,3,,,0,100,,21848,3,,,0,100,,21849,3,,,0
6200,'259.0.3',612,,21850,3,,,0,30,,21851,3,,,0,70,,21852,3,,,0,30,,21853,3,,,0,70,,21854,3,,,0,30,,21855,3,,,0,70,,21856,3,,,0,100,,21857,3,,,0,100,,21858,3,,,0,100,,21859,3,,,0,100,,21860,3,,,0,100,,21861,3,,,0,100,,21862,3,,,0,30,,21863,3,,,0,70,,21864,3,,,0,30,,21865,3,,,0,70,,21866,3,,,0,30,,21867,3,,,0,70,,21868,3,,,0,30,,21869,3,,,0,100,,21870,3,,,0,100,,21871,3,,,0,100,,21872,3,,,0,100,,21873,3,,,0
15800,'259.0.3',1605,,23797,11,,,0,32,,23798,11,,,0,72,,23799,11,,,0,28,,23800,11,,,0
15900,'259.0.3',1524,,23805,11,,,0,20,,23806,11,,,0,64,,23807,11,,,0,21,,23808,11,,,0,22,,23809,11,,,0,61,,23812,11,,,0,16,,23813,11,,,0,20,,23810,11,,,0,58,,23811,11,,,0
16101,'259.0.3',1528,,23834,11,,,0,73,,23829,11,,,0,33,,23830,11,,,0,72,,23831,11,,,0,29,,23832,11,,,0,66,,23833,11,,,0
16500,'259.0.3',1546,,23835,11,,,0,75,,23836,11,,,0,32,,23837,11,,,0,71,,23838,11,,,0,27,,23839,11,,,0,65,,23840,11,,,0
1000601,'259.0.3',536,,24178,3,,,0,70,,24179,3,,,0,30,,24180,3,,,0,70,,24181,3,,,0,29,,24182,3,,,0,70,,24183,3,,,0,30,,24184,3,,,0,70,,24185,3,,,0,15,,24186,3,,,0,30,,24187,3,,,0,70,,24188,3,,,0,30,,24189,3,,,0,70,,24190,3,,,0,30,,24191,3,,,0,70,,24192,3,,,0,30,,24193,3,,,0,70,,24194,3,,,0,30,,24195,3,,,0,70,,24196,3,,,0,30,,24197,3,,,0,55,,24198,3,,,0,30,,24199,3,,,0,70,,24200,3,,,0,30,,24201,3,,,0,70,,24202,3,,,0,30,,24203,3,,,0,71,,24204,3,,,0,30,,24205,3,,,0
1016800,'259.0.3',1520,,25091,11,,,0,32,,25092,11,,,0,73,,25093,11,,,0,33,,25094,11,,,0,70,,25095,11,,,0,26,,25096,11,,,0,70,,25097,11,,,0
2000601,'259.0.1',603,,25181,3,,,0,100,,25182,3,,,0,100,,25183,3,,,0,100,,25184,3,,,0,100,,25185,3,,,0,100,,25186,3,,,0,100,,25187,3,,,0,100,,25188,3,,,0,100,,25189,3,,,0,100,,25190,3,,,0,100,,25191,3,,,0,100,,25192,3,,,0,100,,25193,3,,,0,100,,25194,3,,,0,100,,25195,3,,,0,100,,25196,3,,,0,100,,25197,3,,,0,100,,25198,3,,,0,100,,25199,3,,,0
2000601,'259.0.2',603,,25201,3,,,0,100,,25202,3,,,0,100,,25203,3,,,0,100,,25204,3,,,0,100,,25205,3,,,0,100,,25206,3,,,0,100,,25207,3,,,0,100,,25208,3,,,0,100,,25209,3,,,0,100,,25210,3,,,0,100,,25211,3,,,0,100,,25212,3,,,0,100,,25213,3,,,0,100,,25214,3,,,0,100,,25215,3,,,0,100,,25216,3,,,0,100,,25217,3,,,0,100,,25218,3,,,0,100,,25219,3,,,0
2000601,'259.0.3',543,,25222,3,,,0,70,,25223,3,,,0,30,,25224,3,,,0,70,,25225,3,,,0,30,,25226,3,,,0,70,,25227,3,,,0,30,,25228,3,,,0,65,,25229,3,,,0,100,,25230,3,,,0,100,,25231,3,,,0,100,,25232,3,,,0,100,,25233,3,,,0,100,,25234,3,,,0,104,,25235,3,,,0,30,,25236,3,,,0,70,,25237,3,,,0,30,,25238,3,,,0,70,,25239,3,,,0,30,,25240,3,,,0,70,,25241,3,,,0,100,,25242,3,,,0,100,,25243,3,,,0,100,,25244,3,,,0,100,,25245,3,,,0,100,,25246,3,,,0,100,,25247,3,,,0
2016800,'259.0.3',1537,,26115,11,,,0,75,,26116,11,,,0,32,,26117,11,,,0,71,,26118,11,,,0,27,,26119,11,,,0,67,,26120,11,,,0
3000601,'259.0.1',633,,26208,3,,,0,100,,26209,3,,,0,100,,26210,3,,,0,100,,26211,3,,,0,100,,26212,3,,,0,100,,26213,3,,,0,100,,26214,3,,,0,100,,26215,3,,,0,100,,26216,3,,,0,100,,26217,3,,,0,100,,26218,3,,,0,100,,26219,3,,,0,100,,26220,3,,,0,100,,26221,3,,,0,100,,26222,3,,,0,100,,26223,3,,,0,100,,26224,3,,,0,100,,26225,3,,,0,100,,26226,3,,,0
3000601,'259.0.2',633,,26228,3,,,0,100,,26229,3,,,0,100,,26230,3,,,0,100,,26231,3,,,0,100,,26232,3,,,0,100,,26233,3,,,0,100,,26234,3,,,0,100,,26235,3,,,0,100,,26236,3,,,0,100,,26237,3,,,0,100,,26238,3,,,0,100,,26239,3,,,0,100,,26240,3,,,0,100,,26241,3,,,0,100,,26242,3,,,0,100,,26243,3,,,0,100,,26244,3,,,0,100,,26245,3,,,0,100,,26246,3,,,0
3000601,'259.0.3',558,,26248,3,,,0,70,,26249,3,,,0,30,,26250,3,,,0,70,,26251,3,,,0,30,,26252,3,,,0,70,,26253,3,,,0,30,,26254,3,,,0,80,,26255,3,,,0,100,,26256,3,,,0,100,,26257,3,,,0,100,,26258,3,,,0,100,,26259,3,,,0,100,,26260,3,,,0,89,,26261,3,,,0,30,,26262,3,,,0,70,,26263,3,,,0,30,,26264,3,,,0,70,,26265,3,,,0,30,,26266,3,,,0,70,,26267,3,,,0,116,,26268,3,,,0,100,,26269,3,,,0,100,,26270,3,,,0,100,,26271,3,,,0,100,,26272,3,,,0,100,,26273,3,,,0
