13501,'259.0.3',1521,,23748,6,,,0,30,,23749,6,,,0,69,,23750,6,,,0,30,,23751,6,,,0,70,,23752,6,,,0,31,,23753,6,,,0,70,,23754,6,,,0
13601,'259.0.3',1510,,23763,6,,,0,30,,23764,6,,,0,70,,23765,6,,,0,15,,23766,6,,,0,15,,23767,6,,,0,70,,23768,6,,,0,31,,23769,6,,,0,70,,23770,6,,,0
13701,'259.0.3',1531,,23777,6,,,0,70,,23778,6,,,0,29,,23779,6,,,0,70,,23780,6,,,0,31,,23781,6,,,0,70,,23782,6,,,0
13801,'259.0.3',1535,,23790,6,,,0,70,,23791,6,,,0,30,,23792,6,,,0,70,,23793,6,,,0,31,,23794,6,,,0,70,,23795,6,,,0,20,,23796,6,,,0
15800,'259.0.3',1545,,23797,6,,,0,70,,23798,6,,,0,31,,23799,6,,,0,70,,23800,6,,,0
15900,'259.0.3',1507,,23805,6,,,0,20,,23806,6,,,0,21,,23807,6,,,0,60,,23808,6,,,0,20,,23809,6,,,0,21,,23812,6,,,0,59,,23813,6,,,0,20,,23810,6,,,0,20,,23811,6,,,0
16101,'259.0.3',1511,,23834,6,,,0,30,,23829,6,,,0,71,,23830,6,,,0,31,,23831,6,,,0,70,,23832,6,,,0,29,,23833,6,,,0
1016800,'259.0.3',1503,,25091,6,,,0,30,,25092,6,,,0,71,,25093,6,,,0,31,,25094,6,,,0,70,,25095,6,,,0,29,,25096,6,,,0,70,,25097,6,,,0
2000701,'259.0.1',614,,25411,29,,,0,20,,25412,29,,,0,20,,25413,29,,,0,60,,25414,29,,,0,20,,25415,29,,,0,20,,25416,29,,,0,62,,25417,29,,,0,18,,25418,29,,,0,20,,25419,29,,,0,60,,25420,29,,,0,21,,25421,29,,,0,19,,25422,29,,,0,60,,25423,29,,,0,20,,25424,29,,,0,20,,25425,29,,,0,60,,25426,29,,,0,20,,25427,29,,,0,20,,25428,29,,,0,60,,25429,29,,,0,20,,25430,29,,,0,20,,25431,29,,,0,60,,25432,29,,,0,20,,25433,29,,,0,20,,25434,29,,,0,60,,25435,29,,,0,20,,25436,29,,,0,20,,25437,29,,,0,60,,25438,29,,,0,20,,25439,29,,,0,20,,25440,29,,,0,60,,25441,29,,,0,20,,25442,29,,,0,20,,25443,29,,,0,60,,25444,29,,,0,20,,25445,29,,,0,20,,25446,29,,,0,60,,25447,29,,,0,20,,25448,29,,,0,20,,25449,29,,,0,60,,25450,29,,,0,20,,25451,29,,,0,20,,25452,29,,,0,61,,25453,29,,,0,20,,25454,29,,,0,20,,25455,29,,,0,60,,25456,29,,,0,20,,25457,29,,,0,20,,25458,29,,,0,60,,25459,29,,,0,20,,25460,29,,,0,20,,25461,29,,,0,60,,25462,29,,,0,20,,25463,29,,,0,20,,25464,29,,,0
2000701,'259.0.2',615,,25465,29,,,0,30,,25466,29,,,0,70,,25467,29,,,0,30,,25468,29,,,0,70,,25469,29,,,0,30,,25470,29,,,0,70,,25471,29,,,0,29,,25472,29,,,0,70,,25473,29,,,0,30,,25474,29,,,0,70,,25475,29,,,0,30,,25476,29,,,0,70,,25477,29,,,0,30,,25478,29,,,0,70,,25479,29,,,0,30,,25480,29,,,0,70,,25481,29,,,0,30,,25482,29,,,0,70,,25483,29,,,0,30,,25484,29,,,0,70,,25485,29,,,0,30,,25486,29,,,0,70,,25487,29,,,0,30,,25488,29,,,0,70,,25489,29,,,0,30,,25490,29,,,0,70,,25491,29,,,0,30,,25492,29,,,0,70,,25493,29,,,0,30,,25494,29,,,0,70,,25495,29,,,0,30,,25496,29,,,0,70,,25497,29,,,0,30,,25498,29,,,0,70,,25499,29,,,0,30,,25500,29,,,0
2000701,'259.0.3',608,,25501,29,,,0,15,,25502,29,,,0,15,,25503,29,,,0,15,,25504,29,,,0,55,,25505,29,,,0,15,,25506,29,,,0,15,,25507,29,,,0,17,,25508,29,,,0,59,,25509,29,,,0,15,,25510,29,,,0,15,,25511,29,,,0,15,,25512,29,,,0,54,,25513,29,,,0,13,,25514,29,,,0,15,,25515,29,,,0,15,,25516,29,,,0,55,,25517,29,,,0,15,,25518,29,,,0,15,,25519,29,,,0,15,,25520,29,,,0,55,,25521,29,,,0,15,,25522,29,,,0,15,,25523,29,,,0,15,,25524,29,,,0,55,,25525,29,,,0,15,,25526,29,,,0,15,,25527,29,,,0,15,,25528,29,,,0,55,,25529,29,,,0,15,,25530,29,,,0,15,,25531,29,,,0,15,,25532,29,,,0,55,,25533,29,,,0,15,,25534,29,,,0,15,,25535,29,,,0,15,,25536,29,,,0,55,,25537,29,,,0,17,,25538,29,,,0,15,,25539,29,,,0,15,,25540,29,,,0,55,,25541,29,,,0,15,,25542,29,,,0,15,,25543,29,,,0,15,,25544,29,,,0,55,,25545,29,,,0,15,,25546,29,,,0,12,,25547,29,,,0,14,,25548,29,,,0,55,,25549,29,,,0,15,,25550,29,,,0,15,,25551,29,,,0,15,,25552,29,,,0,53,,25553,29,,,0,13,,25554,29,,,0,15,,25555,29,,,0,15,,25556,29,,,0,55,,25557,29,,,0,15,,25558,29,,,0,15,,25559,29,,,0,15,,25560,29,,,0,55,,25561,29,,,0,15,,25562,29,,,0,15,,25563,29,,,0,15,,25564,29,,,0,55,,25565,29,,,0,15,,25566,29,,,0,15,,25567,29,,,0,15,,25568,29,,,0,55,,25569,29,,,0,30,,25570,29,,,0,70,,25571,29,,,0,30,,25572,29,,,0,70,,25573,29,,,0
2016800,'259.0.3',1520,,26115,6,,,0,31,,26116,6,,,0,70,,26117,6,,,0,31,,26118,6,,,0,70,,26119,6,,,0,29,,26120,6,,,0
