5400,'259.0.1',610,,21085,16,,,0,100,,21086,16,,,0,100,,21087,16,,,0,100,,21088,16,,,0,101,,21089,16,,,0,100,,21090,16,,,0,100,,21091,16,,,0,100,,21092,16,,,0,100,,21093,16,,,0,100,,21094,16,,,0,100,,21095,16,,,0,100,,21096,16,,,0,99,,21097,16,,,0,100,,21098,16,,,0,100,,21099,16,,,0,100,,21100,16,,,0,100,,21101,16,,,0
5400,'259.0.2',810,,21102,16,,,0,100,,21103,16,,,0,101,,21104,16,,,0,100,,21105,16,,,0,100,,21106,16,,,0,100,,21107,16,,,0,100,,21108,16,,,0,100,,21109,16,,,0,100,,21110,16,,,0,100,,21111,16,,,0,99,,21112,16,,,0,100,,21113,16,,,0,100,,21114,16,,,0,100,,21115,16,,,0
5400,'259.0.3',611,,21116,16,,,0,28,,21117,16,,,0,70,,21118,16,,,0,30,,21119,16,,,0,70,,21120,16,,,0,31,,21121,16,,,0,75,,21122,16,,,0,100,,21123,16,,,0,100,,21124,16,,,0,101,,21125,16,,,0,100,,21126,16,,,0,100,,21127,16,,,0,100,,21128,16,,,0,30,,21129,16,,,0,70,,21130,16,,,0,29,,21131,16,,,0,70,,21132,16,,,0,28,,21133,16,,,0,71,,21134,16,,,0,30,,21135,16,,,0,70,,21136,16,,,0,30,,21137,16,,,0,70,,21138,16,,,0,100,,21139,16,,,0
5500,'259.0.1',739,,21195,16,,,0,100,,21196,16,,,0,100,,21197,16,,,0,101,,21198,16,,,0,100,,21199,16,,,0,100,,21200,16,,,0,100,,21201,16,,,0,100,,21202,16,,,0,100,,21203,16,,,0,100,,21204,16,,,0,100,,21205,16,,,0,100,,21206,16,,,0,99,,21207,16,,,0,100,,21208,16,,,0,100,,21209,16,,,0
5500,'259.0.2',739,,21210,16,,,0,100,,21211,16,,,0,100,,21212,16,,,0,101,,21213,16,,,0,100,,21214,16,,,0,100,,21215,16,,,0,100,,21216,16,,,0,100,,21217,16,,,0,100,,21218,16,,,0,100,,21219,16,,,0,100,,21220,16,,,0,99,,21221,16,,,0,100,,21222,16,,,0,100,,21223,16,,,0,100,,21224,16,,,0
5500,'259.0.3',627,,21225,16,,,0,30,,21243,16,,,0,70,,21226,16,,,0,32,,21227,16,,,0,100,,21228,16,,,0,85,,21229,16,,,0,100,,21230,16,,,0,100,,21231,16,,,0,101,,21232,16,,,0,100,,21233,16,,,0,100,,21234,16,,,0,85,,21235,16,,,0,101,,21236,16,,,0,74,,21244,16,,,0,30,,21237,16,,,0,24,,21238,16,,,0,75,,21239,16,,,0,100,,21240,16,,,0,110,,21241,16,,,0,100,,21242,16,,,0
6700,'259.0.1',755,,22207,2,,,0,100,,22208,2,,,0,104,,22209,2,,,0,100,,22210,2,,,0,100,,22211,2,,,0,100,,22212,2,,,0,100,,22213,2,,,0,100,,22214,2,,,0,100,,22215,2,,,0,100,,22216,2,,,0,100,,22217,2,,,0,96,,22218,2,,,0,100,,22219,2,,,0,100,,22220,2,,,0,100,,22221,2,,,0,100,,22222,2,,,0
6700,'259.0.2',753,,22223,2,,,0,100,,22224,2,,,0,100,,22225,2,,,0,106,,22226,2,,,0,100,,22227,2,,,0,100,,22228,2,,,0,100,,22229,2,,,0,100,,22230,2,,,0,100,,22231,2,,,0,100,,22232,2,,,0,97,,22233,2,,,0,100,,22234,2,,,0,100,,22235,2,,,0,100,,22236,2,,,0,97,,22237,2,,,0,100,,22238,2,,,0
6700,'259.0.3',606,,22239,2,,,0,30,,22240,2,,,0,70,,22241,2,,,0,30,,22242,2,,,0,70,,22243,2,,,0,30,,22244,2,,,0,70,,22245,2,,,0,100,,22246,2,,,0,97,,22247,2,,,0,100,,22248,2,,,0,100,,22249,2,,,0,100,,22250,2,,,0,99,,22251,2,,,0,30,,22252,2,,,0,70,,22253,2,,,0,30,,22254,2,,,0,70,,22255,2,,,0,31,,22256,2,,,0,74,,22257,2,,,0,30,,22258,2,,,0,100,,22259,2,,,0,100,,22260,2,,,0,100,,22261,2,,,0,100,,22262,2,,,0
7201,'259.0.1',644,,22502,12,,,0,77,,22503,32,,,0,30,,22504,32,,,0,70,,22505,32,,,0,30,,22506,32,,,0,70,,22507,32,,,0,30,,22508,32,,,0,75,,22509,32,,,0,30,,22510,32,,,0,70,,22511,32,,,0,76,,22512,32,,,0,30,,22513,32,,,0,70,,22514,32,,,0,30,,22515,32,,,0,70,,22516,32,,,0,30,,22517,32,,,0,70,,22518,32,,,0,30,,22519,32,,,0,70,,22520,32,,,0,30,,22521,32,,,0,70,,22522,32,,,0,30,,22523,32,,,0,70,,22524,32,,,0,27,,22525,32,,,0,25,,22526,32,,,0,70,,22527,32,,,0,100,,22528,32,,,0,100,,22529,32,,,0,100,,22530,32,,,0,100,,22531,32,,,0,100,,22532,32,,,0
7201,'259.0.2',720,,22533,12,,,0,100,,22534,32,,,0,100,,22535,32,,,0,100,,22536,32,,,0,104,,22537,32,,,0,106,,22538,32,,,0,100,,22539,32,,,0,100,,22540,32,,,0,100,,22541,32,,,0,100,,22542,32,,,0,100,,22543,32,,,0,96,,22544,32,,,0,100,,22545,32,,,0,92,,22546,32,,,0,100,,22547,32,,,0,100,,22548,32,,,0,100,,22549,32,,,0
7201,'259.0.3',656,,22550,32,,,0,70,,22551,32,,,0,30,,22552,32,,,0,73,,22553,32,,,0,72,,22554,32,,,0,32,,22555,32,,,0,70,,22556,32,,,0,28,,22557,32,,,0,70,,22558,32,,,0,30,,22559,32,,,0,70,,22560,32,,,0,30,,22561,32,,,0,70,,22562,32,,,0,30,,22563,32,,,0,70,,22564,32,,,0,30,,22565,32,,,0,72,,22566,32,,,0,30,,22567,32,,,0,71,,22568,32,,,0,31,,22569,32,,,0,70,,22570,32,,,0,30,,22571,32,,,0,70,,22572,32,,,0,30,,22573,32,,,0,24,,22574,32,,,0,64,,22575,32,,,0,100,,22576,32,,,0,100,,22577,32,,,0,100,,22578,32,,,0,100,,22579,32,,,0
3001000,'259.0.1',632,,26275,36,,,0,100,,26276,36,,,0,70,,26277,36,,,0,30,,26278,36,,,0,70,,26279,36,,,0,31,,26280,36,,,0,73,,26281,36,,,0,30,,26282,36,,,0,70,,26283,36,,,0,30,,26284,36,,,0,73,,26285,36,,,0,30,,26286,36,,,0,70,,26287,36,,,0,30,,26288,36,,,0,70,,26289,36,,,0,30,,26290,36,,,0,70,,26291,36,,,0,30,,26292,36,,,0,70,,26293,36,,,0,30,,26294,36,,,0,70,,26295,36,,,0,30,,26296,36,,,0,70,,26297,36,,,0,30,,26298,36,,,0,68,,26299,36,,,0,30,,26300,36,,,0,100,,26301,36,,,0,100,,26302,36,,,0,96,,26303,36,,,0,100,,26304,36,,,0,100,,26305,36,,,0
3001000,'259.0.2',630,,26307,36,,,0,100,,26308,36,,,0,70,,26309,36,,,0,30,,26310,36,,,0,70,,26311,36,,,0,30,,26312,36,,,0,70,,26313,36,,,0,34,,26314,36,,,0,70,,26315,36,,,0,30,,26316,36,,,0,70,,26317,36,,,0,30,,26318,36,,,0,70,,26319,36,,,0,30,,26320,36,,,0,70,,26321,36,,,0,33,,26322,36,,,0,70,,26323,36,,,0,30,,26324,36,,,0,70,,26325,36,,,0,30,,26326,36,,,0,70,,26327,36,,,0,30,,26328,36,,,0,70,,26329,36,,,0,30,,26330,36,,,0,100,,26331,36,,,0,96,,26332,36,,,0,100,,26333,36,,,0,100,,26334,36,,,0,100,,26335,36,,,0
3001000,'259.0.3',621,,26339,36,,,0,19,,26340,36,,,0,60,,26341,36,,,0,19,,26342,36,,,0,18,,26343,36,,,0,17,,26344,36,,,0,60,,26345,36,,,0,33,,26346,36,,,0,60,,26347,36,,,0,20,,26348,36,,,0,28,,26349,36,,,0,70,,26350,36,,,0,30,,26351,36,,,0,70,,26352,36,,,0,30,,26353,36,,,0,70,,26354,36,,,0,30,,26355,36,,,0,70,,26356,36,,,0,30,,26357,36,,,0,70,,26358,36,,,0,20,,26359,36,,,0,60,,26360,36,,,0,20,,26361,36,,,0,20,,26362,36,,,0,67,,26363,36,,,0,23,,26364,36,,,0,20,,26365,36,,,0,60,,26366,36,,,0,18,,26367,36,,,0,19,,26368,36,,,0,60,,26369,36,,,0,13,,26370,36,,,0,16,,26371,36,,,0,60,,26372,36,,,0,20,,26373,36,,,0,19,,26374,36,,,0,70,,26375,36,,,0,30,,26376,36,,,0,70,,26377,36,,,0,30,,26378,36,,,0,69,,26379,36,,,0,27,,26380,36,,,0,70,,26381,36,,,0,30,,26382,36,,,0,70,,26383,36,,,0,30,,26384,36,,,0
