201,'244.0.1',604,,9504,13,,,0,100,,9505,13,,,0,100,,9506,13,,,0,15,,9507,13,,,0,15,,9508,13,,,0,15,,9509,13,,,0,55,,9510,13,,,0,15,,9511,13,,,0,15,,9512,13,,,0,15,,9513,13,,,0,56,,9514,13,,,0,16,,9515,13,,,0,15,,9516,13,,,0,15,,9517,13,,,0,55,,9518,13,,,0,15,,9519,13,,,0,15,,9520,13,,,0,15,,9521,13,,,0,55,,9522,13,,,0,15,,9523,13,,,0,15,,9524,13,,,0,15,,9525,13,,,0,55,,9526,13,,,0,15,,9527,13,,,0,15,,9528,13,,,0,15,,9529,13,,,0,55,,9530,13,,,0,15,,9531,13,,,0,15,,9532,13,,,0,15,,9533,13,,,0,55,,9534,13,,,0,15,,9535,13,,,0,15,,9536,13,,,0,15,,9537,13,,,0,55,,9538,13,,,0,15,,9539,13,,,0,14,,9540,13,,,0,15,,9541,13,,,0,55,,9542,13,,,0,15,,9543,13,,,0,15,,9544,13,,,0,15,,9545,13,,,0,55,,9546,13,,,0,15,,9547,13,,,0,14,,9548,13,,,0,15,,9549,13,,,0,55,,9550,13,,,0,30,,9551,13,,,0,70,,9552,13,,,0,30,,9553,13,,,0,70,,9554,13,,,0,30,,9555,13,,,0,70,,9556,13,,,0,30,,9557,13,,,0,70,,9558,13,,,0,30,,9559,13,,,0,70,,9560,13,,,0,30,,9561,13,,,0
201,'244.0.2',614,,9562,13,,,0,100,,9563,13,,,0,95,,9564,13,,,0,20,,9565,13,,,0,20,,9566,13,,,0,60,,9567,13,,,0,20,,9568,13,,,0,21,,9569,13,,,0,60,,9570,13,,,0,20,,9571,13,,,0,20,,9572,13,,,0,60,,9573,13,,,0,20,,9574,13,,,0,20,,9575,13,,,0,60,,9576,13,,,0,20,,9577,13,,,0,20,,9578,13,,,0,60,,9579,13,,,0,20,,9580,13,,,0,20,,9581,13,,,0,60,,9582,13,,,0,20,,9583,13,,,0,20,,9584,13,,,0,60,,9585,13,,,0,20,,9586,13,,,0,20,,9587,13,,,0,60,,9588,13,,,0,20,,9589,13,,,0,20,,9590,13,,,0,60,,9591,13,,,0,20,,9592,13,,,0,20,,9593,13,,,0,55,,9594,13,,,0,29,,9595,13,,,0,70,,9596,13,,,0,30,,9597,13,,,0,70,,9598,13,,,0,30,,9599,13,,,0,70,,9600,13,,,0,30,,9601,13,,,0,70,,9602,13,,,0,30,,9603,13,,,0,70,,9604,13,,,0,30,,9605,13,,,0,70,,9606,13,,,0
201,'244.0.3',535,,9607,13,,,0,70,,9608,13,,,0,30,,9609,13,,,0,15,,9610,13,,,0,55,,9611,13,,,0,17,,9612,13,,,0,16,,9613,13,,,0,15,,9614,13,,,0,55,,9615,13,,,0,15,,9616,13,,,0,15,,9617,13,,,0,15,,9618,13,,,0,55,,9619,13,,,0,15,,9620,13,,,0,15,,9621,13,,,0,15,,9622,13,,,0,55,,9623,13,,,0,15,,9624,13,,,0,15,,9625,13,,,0,15,,9626,13,,,0,55,,9627,13,,,0,15,,9628,13,,,0,15,,9629,13,,,0,15,,9630,13,,,0,55,,9631,13,,,0,15,,9632,13,,,0,15,,9633,13,,,0,15,,9634,13,,,0,55,,9635,13,,,0,15,,9636,13,,,0,15,,9637,13,,,0,15,,9638,13,,,0,55,,9639,13,,,0,15,,9640,13,,,0,15,,9641,13,,,0,15,,9642,13,,,0,55,,9643,13,,,0,15,,9644,13,,,0,15,,9645,13,,,0,15,,9646,13,,,0,55,,9647,13,,,0,15,,9648,13,,,0,15,,9649,13,,,0,15,,9650,13,,,0,55,,9651,13,,,0,15,,9652,13,,,0,15,,9653,13,,,0,14,,9654,13,,,0,55,,9655,13,,,0,15,,9656,13,,,0,15,,9657,13,,,0,70,,9658,13,,,0,30,,9659,13,,,0,70,,9660,13,,,0,30,,9661,13,,,0,70,,9662,13,,,0,30,,9663,13,,,0,70,,9664,13,,,0,30,,9665,13,,,0,70,,9666,13,,,0,30,,9667,13,,,0,70,,9668,13,,,0,30,,9669,13,,,0
301,'244.0.1',612,,9812,11,,,0,100,,9813,11,,,0,100,,9814,11,,,0,30,,9815,11,,,0,70,,9816,11,,,0,30,,9817,11,,,0,70,,9818,11,,,0,31,,9819,11,,,0,70,,9820,11,,,0,30,,9821,11,,,0,70,,9822,11,,,0,30,,9823,11,,,0,70,,9824,11,,,0,30,,9825,11,,,0,70,,9826,11,,,0,30,,9827,11,,,0,70,,9828,11,,,0,30,,9829,11,,,0,70,,9830,11,,,0,30,,9831,11,,,0,70,,9832,11,,,0,30,,9833,11,,,0,68,,9834,11,,,0,30,,9835,11,,,0,70,,9836,11,,,0,30,,9837,11,,,0,70,,9838,11,,,0,30,,9839,11,,,0,70,,9840,11,,,0,30,,9841,11,,,0,70,,9842,11,,,0,30,,9843,11,,,0,70,,9844,11,,,0,30,,9845,11,,,0,70,,9846,11,,,0,30,,9847,11,,,0
301,'244.0.2',611,,9848,11,,,0,100,,9849,11,,,0,100,,9850,11,,,0,30,,9851,11,,,0,70,,9852,11,,,0,20,,9853,11,,,0,20,,9854,11,,,0,60,,9855,11,,,0,20,,9856,11,,,0,20,,9857,11,,,0,60,,9858,11,,,0,20,,9859,11,,,0,20,,9860,11,,,0,60,,9861,11,,,0,20,,9862,11,,,0,20,,9863,11,,,0,60,,9864,11,,,0,20,,9865,11,,,0,20,,9866,11,,,0,60,,9867,11,,,0,20,,9868,11,,,0,20,,9869,11,,,0,60,,9870,11,,,0,20,,9871,11,,,0,20,,9872,11,,,0,60,,9873,11,,,0,20,,9874,11,,,0,20,,9875,11,,,0,60,,9876,11,,,0,20,,9877,11,,,0,20,,9878,11,,,0,60,,9879,11,,,0,30,,9880,11,,,0,70,,9881,11,,,0,30,,9882,11,,,0,70,,9883,11,,,0,30,,9884,11,,,0,69,,9885,11,,,0,30,,9886,11,,,0,70,,9887,11,,,0,30,,9888,11,,,0,70,,9889,11,,,0,30,,9890,11,,,0,70,,9891,11,,,0
301,'244.0.3',541,,9892,11,,,0,70,,9893,11,,,0,15,,9894,11,,,0,15,,9895,11,,,0,15,,9896,11,,,0,55,,9897,11,,,0,15,,9898,11,,,0,16,,9899,11,,,0,15,,9900,11,,,0,55,,9901,11,,,0,15,,9902,11,,,0,15,,9903,11,,,0,15,,9904,11,,,0,55,,9905,11,,,0,20,,9906,11,,,0,20,,9907,11,,,0,60,,9908,11,,,0,20,,9909,11,,,0,20,,9910,11,,,0,60,,9911,11,,,0,20,,9912,11,,,0,20,,9913,11,,,0,60,,9914,11,,,0,20,,9915,11,,,0,20,,9916,11,,,0,60,,9917,11,,,0,20,,9918,11,,,0,20,,9919,11,,,0,60,,9920,11,,,0,20,,9921,11,,,0,20,,9922,11,,,0,61,,9923,11,,,0,15,,9924,11,,,0,15,,9925,11,,,0,15,,9926,11,,,0,55,,9927,11,,,0,15,,9928,11,,,0,15,,9929,11,,,0,15,,9930,11,,,0,55,,9931,11,,,0,15,,9932,11,,,0,15,,9933,11,,,0,14,,9934,11,,,0,54,,9935,11,,,0,15,,9936,11,,,0,15,,9937,11,,,0,60,,9938,11,,,0,20,,9939,11,,,0,20,,9940,11,,,0,60,,9941,11,,,0,20,,9942,11,,,0,20,,9943,11,,,0,60,,9944,11,,,0,10,,9945,11,,,0,30,,9946,11,,,0,70,,9947,11,,,0,29,,9948,11,,,0,70,,9949,11,,,0,33,,9950,11,,,0,70,,9951,11,,,0,30,,9952,11,,,0
401,'244.0.1',611,,10099,11,,,0,100,,10100,11,,,0,100,,10101,11,,,0,30,,10102,11,,,0,70,,10103,11,,,0,30,,10104,11,,,0,70,,10105,11,,,0,30,,10106,11,,,0,72,,10107,11,,,0,30,,10108,11,,,0,70,,10109,11,,,0,30,,10110,11,,,0,70,,10111,11,,,0,30,,10112,11,,,0,70,,10113,11,,,0,30,,10114,11,,,0,70,,10115,11,,,0,30,,10116,11,,,0,70,,10117,11,,,0,30,,10118,11,,,0,70,,10119,11,,,0,30,,10120,11,,,0,68,,10121,11,,,0,30,,10122,11,,,0,70,,10123,11,,,0,30,,10124,11,,,0,70,,10125,11,,,0,30,,10126,11,,,0,70,,10127,11,,,0,30,,10128,11,,,0,69,,10129,11,,,0,100,,10130,11,,,0,100,,10131,11,,,0
401,'244.0.2',711,,10132,11,,,0,30,,10133,11,,,0,70,,10134,11,,,0,30,,10135,11,,,0,70,,10136,11,,,0,30,,10137,11,,,0,70,,10138,11,,,0,30,,10139,11,,,0,68,,10140,11,,,0,30,,10141,11,,,0,70,,10142,11,,,0,30,,10143,11,,,0,70,,10144,11,,,0,30,,10145,11,,,0,70,,10146,11,,,0,30,,10147,11,,,0,70,,10148,11,,,0,30,,10149,11,,,0,70,,10150,11,,,0,30,,10151,11,,,0,70,,10152,11,,,0,30,,10153,11,,,0,70,,10154,11,,,0,30,,10155,11,,,0,70,,10156,11,,,0,32,,10157,11,,,0,69,,10158,11,,,0,100,,10159,11,,,0,100,,10160,11,,,0,100,,10161,11,,,0,100,,10162,11,,,0
401,'244.0.3',552,,10163,11,,,0,55,,10164,11,,,0,15,,10165,11,,,0,15,,10166,11,,,0,15,,10167,11,,,0,56,,10168,11,,,0,8,,10169,11,,,0,8,,10170,11,,,0,8,,10171,11,,,0,8,,10172,11,,,0,8,,10173,11,,,0,8,,10174,11,,,0,48,,10175,11,,,0,8,,10176,11,,,0,8,,10177,11,,,0,8,,10178,11,,,0,8,,10179,11,,,0,8,,10180,11,,,0,8,,10181,11,,,0,48,,10182,11,,,0,8,,10183,11,,,0,8,,10184,11,,,0,8,,10185,11,,,0,8,,10186,11,,,0,8,,10187,11,,,0,8,,10188,11,,,0,8,,10189,11,,,0,48,,10190,11,,,0,8,,10191,11,,,0,11,,10192,11,,,0,15,,10193,11,,,0,15,,10194,11,,,0,55,,10195,11,,,0,15,,10196,11,,,0,15,,10197,11,,,0,15,,10198,11,,,0,55,,10199,11,,,0,15,,10200,11,,,0,15,,10201,11,,,0,15,,10202,11,,,0,55,,10203,11,,,0,15,,10204,11,,,0,15,,10205,11,,,0,15,,10206,11,,,0,55,,10207,11,,,0,15,,10208,11,,,0,15,,10209,11,,,0,15,,10210,11,,,0,55,,10211,11,,,0,15,,10212,11,,,0,15,,10213,11,,,0,15,,10214,11,,,0,55,,10215,11,,,0,15,,10216,11,,,0,15,,10217,11,,,0,15,,10218,11,,,0,55,,10219,11,,,0,15,,10220,11,,,0,15,,10221,11,,,0,15,,10222,11,,,0,54,,10223,11,,,0,15,,10224,11,,,0,15,,10225,11,,,0,20,,10226,11,,,0,60,,10227,11,,,0,20,,10228,11,,,0,20,,10229,11,,,0,60,,10230,11,,,0,20,,10231,11,,,0,20,,10232,11,,,0,60,,10233,11,,,0,20,,10234,11,,,0,20,,10235,11,,,0,68,,10236,11,,,0,30,,10237,11,,,0,70,,10238,11,,,0,30,,10239,11,,,0,70,,10240,11,,,0,30,,10241,11,,,0
13500,'244.0.3',640,,14913,23,,,0,70,,14914,23,,,0,27,,14915,23,,,0,15,,14916,23,,,0,55,,14917,23,,,0,15,,14918,23,,,0
13500,'244.1141.3',723,,14919,23,,,0
13500,'244.1143.3',723,,14920,23,,,0
13600,'244.0.3',632,,14928,27,,,0,27,,14929,27,,,0,55,,14930,27,,,0,13,,14931,27,,,0,15,,14932,27,,,0,16,,14933,27,,,0,49,,14934,27,,,0,19,,14935,27,,,0
13800,'244.0.3',621,,14956,30,,,0,29,,14957,30,,,0,54,,14958,30,,,0,14,,14959,30,,,0,29,,14960,30,,,0,5,,14961,30,,,0,64,,14962,30,,,0
