201,'244.0.1',607,,9504,16,,,0,100,,9505,16,,,0,100,,9506,16,,,0,15,,9507,16,,,0,15,,9508,16,,,0,15,,9509,16,,,0,55,,9510,16,,,0,15,,9511,16,,,0,15,,9512,16,,,0,15,,9513,16,,,0,56,,9514,16,,,0,15,,9515,16,,,0,15,,9516,16,,,0,15,,9517,16,,,0,55,,9518,16,,,0,15,,9519,16,,,0,15,,9520,16,,,0,15,,9521,16,,,0,55,,9522,16,,,0,15,,9523,16,,,0,15,,9524,16,,,0,15,,9525,16,,,0,55,,9526,16,,,0,15,,9527,16,,,0,15,,9528,16,,,0,15,,9529,16,,,0,55,,9530,16,,,0,15,,9531,16,,,0,15,,9532,16,,,0,15,,9533,16,,,0,55,,9534,16,,,0,15,,9535,16,,,0,15,,9536,16,,,0,15,,9537,16,,,0,55,,9538,16,,,0,15,,9539,16,,,0,15,,9540,16,,,0,15,,9541,16,,,0,55,,9542,16,,,0,15,,9543,16,,,0,15,,9544,16,,,0,15,,9545,16,,,0,55,,9546,16,,,0,15,,9547,16,,,0,14,,9548,16,,,0,14,,9549,16,,,0,55,,9550,16,,,0,30,,9551,16,,,0,70,,9552,16,,,0,30,,9553,16,,,0,70,,9554,16,,,0,30,,9555,16,,,0,70,,9556,16,,,0,30,,9557,16,,,0,70,,9558,16,,,0,30,,9559,16,,,0,70,,9560,16,,,0,30,,9561,16,,,0
201,'244.0.2',616,,9562,16,,,0,100,,9563,16,,,0,95,,9564,16,,,0,20,,9565,16,,,0,20,,9566,16,,,0,60,,9567,16,,,0,20,,9568,16,,,0,22,,9569,16,,,0,60,,9570,16,,,0,20,,9571,16,,,0,20,,9572,16,,,0,60,,9573,16,,,0,20,,9574,16,,,0,20,,9575,16,,,0,60,,9576,16,,,0,20,,9577,16,,,0,20,,9578,16,,,0,60,,9579,16,,,0,20,,9580,16,,,0,20,,9581,16,,,0,60,,9582,16,,,0,20,,9583,16,,,0,20,,9584,16,,,0,60,,9585,16,,,0,20,,9586,16,,,0,20,,9587,16,,,0,60,,9588,16,,,0,20,,9589,16,,,0,20,,9590,16,,,0,60,,9591,16,,,0,20,,9592,16,,,0,20,,9593,16,,,0,55,,9594,16,,,0,29,,9595,16,,,0,69,,9596,16,,,0,30,,9597,16,,,0,70,,9598,16,,,0,30,,9599,16,,,0,70,,9600,16,,,0,30,,9601,16,,,0,70,,9602,16,,,0,30,,9603,16,,,0,70,,9604,16,,,0,30,,9605,16,,,0,70,,9606,16,,,0
201,'244.0.3',538,,9607,16,,,0,70,,9608,16,,,0,30,,9609,16,,,0,15,,9610,16,,,0,55,,9611,16,,,0,17,,9612,16,,,0,16,,9613,16,,,0,15,,9614,16,,,0,55,,9615,16,,,0,15,,9616,16,,,0,15,,9617,16,,,0,15,,9618,16,,,0,54,,9619,16,,,0,15,,9620,16,,,0,15,,9621,16,,,0,15,,9622,16,,,0,55,,9623,16,,,0,15,,9624,16,,,0,15,,9625,16,,,0,15,,9626,16,,,0,55,,9627,16,,,0,15,,9628,16,,,0,15,,9629,16,,,0,15,,9630,16,,,0,55,,9631,16,,,0,15,,9632,16,,,0,15,,9633,16,,,0,15,,9634,16,,,0,55,,9635,16,,,0,15,,9636,16,,,0,15,,9637,16,,,0,15,,9638,16,,,0,55,,9639,16,,,0,15,,9640,16,,,0,15,,9641,16,,,0,15,,9642,16,,,0,55,,9643,16,,,0,15,,9644,16,,,0,15,,9645,16,,,0,15,,9646,16,,,0,55,,9647,16,,,0,15,,9648,16,,,0,15,,9649,16,,,0,15,,9650,16,,,0,55,,9651,16,,,0,15,,9652,16,,,0,15,,9653,16,,,0,15,,9654,16,,,0,55,,9655,16,,,0,15,,9656,16,,,0,15,,9657,16,,,0,70,,9658,16,,,0,30,,9659,16,,,0,70,,9660,16,,,0,30,,9661,16,,,0,70,,9662,16,,,0,30,,9663,16,,,0,70,,9664,16,,,0,30,,9665,16,,,0,70,,9666,16,,,0,30,,9667,16,,,0,70,,9668,16,,,0,30,,9669,16,,,0
301,'244.0.1',614,,9812,14,,,0,100,,9813,14,,,0,100,,9814,14,,,0,30,,9815,14,,,0,70,,9816,14,,,0,30,,9817,14,,,0,70,,9818,14,,,0,32,,9819,14,,,0,70,,9820,14,,,0,30,,9821,14,,,0,70,,9822,14,,,0,30,,9823,14,,,0,70,,9824,14,,,0,30,,9825,14,,,0,70,,9826,14,,,0,30,,9827,14,,,0,70,,9828,14,,,0,30,,9829,14,,,0,70,,9830,14,,,0,30,,9831,14,,,0,70,,9832,14,,,0,30,,9833,14,,,0,68,,9834,14,,,0,30,,9835,14,,,0,70,,9836,14,,,0,30,,9837,14,,,0,70,,9838,14,,,0,30,,9839,14,,,0,70,,9840,14,,,0,30,,9841,14,,,0,70,,9842,14,,,0,30,,9843,14,,,0,70,,9844,14,,,0,30,,9845,14,,,0,70,,9846,14,,,0,30,,9847,14,,,0
301,'244.0.2',613,,9848,14,,,0,100,,9849,14,,,0,100,,9850,14,,,0,30,,9851,14,,,0,70,,9852,14,,,0,20,,9853,14,,,0,20,,9854,14,,,0,60,,9855,14,,,0,21,,9856,14,,,0,20,,9857,14,,,0,60,,9858,14,,,0,20,,9859,14,,,0,20,,9860,14,,,0,60,,9861,14,,,0,20,,9862,14,,,0,20,,9863,14,,,0,60,,9864,14,,,0,20,,9865,14,,,0,20,,9866,14,,,0,60,,9867,14,,,0,20,,9868,14,,,0,20,,9869,14,,,0,60,,9870,14,,,0,20,,9871,14,,,0,20,,9872,14,,,0,60,,9873,14,,,0,20,,9874,14,,,0,20,,9875,14,,,0,60,,9876,14,,,0,20,,9877,14,,,0,20,,9878,14,,,0,60,,9879,14,,,0,30,,9880,14,,,0,70,,9881,14,,,0,30,,9882,14,,,0,70,,9883,14,,,0,30,,9884,14,,,0,69,,9885,14,,,0,30,,9886,14,,,0,70,,9887,14,,,0,30,,9888,14,,,0,70,,9889,14,,,0,30,,9890,14,,,0,70,,9891,14,,,0
301,'244.0.3',544,,9892,14,,,0,70,,9893,14,,,0,15,,9894,14,,,0,15,,9895,14,,,0,15,,9896,14,,,0,55,,9897,14,,,0,16,,9898,14,,,0,17,,9899,14,,,0,55,,9900,14,,,0,15,,9901,14,,,0,15,,9902,14,,,0,15,,9903,14,,,0,55,,9904,14,,,0,15,,9905,14,,,0,18,,9906,14,,,0,20,,9907,14,,,0,60,,9908,14,,,0,20,,9909,14,,,0,20,,9910,14,,,0,60,,9911,14,,,0,20,,9912,14,,,0,20,,9913,14,,,0,60,,9914,14,,,0,20,,9915,14,,,0,20,,9916,14,,,0,60,,9917,14,,,0,20,,9918,14,,,0,20,,9919,14,,,0,60,,9920,14,,,0,20,,9921,14,,,0,20,,9922,14,,,0,62,,9923,14,,,0,15,,9924,14,,,0,15,,9925,14,,,0,55,,9926,14,,,0,15,,9927,14,,,0,15,,9928,14,,,0,15,,9929,14,,,0,55,,9930,14,,,0,15,,9931,14,,,0,15,,9932,14,,,0,15,,9933,14,,,0,53,,9934,14,,,0,14,,9935,14,,,0,15,,9936,14,,,0,15,,9937,14,,,0,60,,9938,14,,,0,20,,9939,14,,,0,20,,9940,14,,,0,60,,9941,14,,,0,20,,9942,14,,,0,20,,9943,14,,,0,60,,9944,14,,,0,10,,9945,14,,,0,30,,9946,14,,,0,70,,9947,14,,,0,28,,9948,14,,,0,70,,9949,14,,,0,33,,9950,14,,,0,70,,9951,14,,,0,30,,9952,14,,,0
801,'244.0.1',558,,10684,53,,,0,70,,10685,53,,,0,30,,10686,53,,,0,70,,10687,53,,,0,72,,10688,53,,,0,33,,10689,53,,,0,70,,10690,53,,,0,30,,10691,53,,,0,70,,10692,53,,,0,34,,10693,53,,,0,70,,10694,53,,,0,30,,10695,53,,,0,70,,10696,53,,,0,30,,10697,53,,,0,72,,10698,53,,,0,31,,10699,53,,,0,70,,10700,53,,,0,30,,10701,53,,,0,70,,10702,53,,,0,30,,10703,53,,,0,70,,10704,53,,,0,30,,10705,53,,,0,70,,10706,53,,,0,29,,10707,53,,,0,68,,10708,53,,,0,29,,10709,53,,,0,70,,10710,53,,,0,29,,10711,53,,,0,65,,10712,53,,,0,29,,10713,53,,,0,30,,10714,53,,,0,70,,10715,53,,,0,30,,10716,53,,,0,70,,10717,53,,,0,30,,10718,53,,,0,70,,10719,53,,,0,30,,10720,53,,,0,100,,10721,53,,,0
801,'244.0.2',603,,10722,53,,,0,30,,10723,53,,,0,70,,10724,53,,,0,30,,10725,53,,,0,70,,10726,53,,,0,30,,10727,53,,,0,71,,10728,53,,,0,35,,10729,53,,,0,70,,10730,53,,,0,30,,10731,53,,,0,70,,10732,53,,,0,30,,10733,53,,,0,70,,10734,53,,,0,30,,10735,53,,,0,70,,10736,53,,,0,30,,10737,53,,,0,70,,10738,53,,,0,30,,10739,53,,,0,70,,10740,53,,,0,30,,10741,53,,,0,70,,10742,53,,,0,30,,10743,53,,,0,70,,10744,53,,,0,30,,10745,53,,,0,70,,10746,53,,,0,28,,10747,53,,,0,70,,10748,53,,,0,30,,10749,53,,,0,70,,10750,53,,,0,30,,10751,53,,,0,68,,10752,53,,,0,27,,10753,53,,,0,70,,10754,53,,,0,30,,10755,53,,,0,100,,10756,53,,,0,100,,10757,53,,,0
801,'244.0.3',549,,10758,53,,,0,70,,10759,53,,,0,30,,10760,53,,,0,60,,10761,53,,,0,28,,10762,53,,,0,20,,10763,53,,,0,60,,10764,53,,,0,20,,10765,53,,,0,20,,10766,53,,,0,57,,10767,53,,,0,17,,10768,53,,,0,20,,10769,53,,,0,60,,10770,53,,,0,20,,10771,53,,,0,20,,10772,53,,,0,60,,10773,53,,,0,20,,10774,53,,,0,20,,10775,53,,,0,60,,10776,53,,,0,20,,10777,53,,,0,20,,10778,53,,,0,60,,10779,53,,,0,20,,10780,53,,,0,20,,10781,53,,,0,60,,10782,53,,,0,20,,10783,53,,,0,20,,10784,53,,,0,60,,10785,53,,,0,23,,10786,53,,,0,73,,10787,53,,,0,30,,10788,53,,,0,70,,10789,53,,,0,30,,10790,53,,,0,69,,10791,53,,,0,25,,10792,53,,,0,28,,10793,53,,,0,70,,10794,53,,,0,30,,10795,53,,,0,70,,10796,53,,,0,30,,10797,53,,,0,66,,10798,53,,,0,29,,10799,53,,,0,70,,10800,53,,,0,30,,10801,53,,,0,70,,10802,53,,,0,30,,10803,53,,,0,70,,10804,53,,,0,30,,10805,53,,,0
9101,'244.0.1',817,,14805,42,,,0,100,,14806,42,,,0,101,,14807,42,,,0,100,,14808,42,,,0,100,,14809,42,,,0,100,,14810,42,,,0,100,,14811,42,,,0,100,,14812,42,,,0,100,,14813,42,,,0,100,,14814,42,,,0,100,,14815,42,,,0,99,,14816,42,,,0,100,,14817,42,,,0,100,,14818,42,,,0,100,,14819,42,,,0,100,,14820,42,,,0
9101,'244.0.2',846,,14821,42,,,0,100,,14822,42,,,0,101,,14823,42,,,0,100,,14824,42,,,0,100,,14825,42,,,0,100,,14826,42,,,0,100,,14827,42,,,0,100,,14828,42,,,0,100,,14829,42,,,0,99,,14830,42,,,0,100,,14831,42,,,0,100,,14832,42,,,0,100,,14833,42,,,0,100,,14834,42,,,0,100,,14835,42,,,0
9101,'244.0.3',619,,14836,42,,,0,30,,14837,42,,,0,79,,14838,42,,,0,24,,14839,42,,,0,70,,14840,42,,,0,37,,14841,42,,,0,65,,14842,42,,,0,29,,14843,42,,,0,100,,14844,42,,,0,103,,14845,42,,,0,100,,14846,42,,,0,99,,14847,42,,,0,150,,14848,42,,,0,101,,14849,42,,,0,31,,14850,42,,,0,70,,14851,42,,,0,32,,14852,42,,,0,70,,14853,42,,,0,22,,14854,42,,,0,94,,14855,42,,,0,100,,14856,42,,,0,100,,14857,42,,,0,100,,14858,42,,,0,100,,14859,42,,,0
