5800,'259.0.1',619,,21500,1,,,0,100,,21501,1,,,0,100,,21502,1,,,0,100,,21503,1,,,0,100,,21504,1,,,0,100,,21505,1,,,0,100,,21506,1,,,0,100,,21507,1,,,0,100,,21508,1,,,0,100,,21509,1,,,0,100,,21510,1,,,0,100,,21511,1,,,0,100,,21512,1,,,0,100,,21513,1,,,0,100,,21514,1,,,0,100,,21515,1,,,0,100,,21516,1,,,0
5800,'259.0.2',719,,21517,1,,,0,100,,21518,1,,,0,100,,21519,1,,,0,100,,21520,1,,,0,100,,21521,1,,,0,100,,21522,1,,,0,100,,21523,1,,,0,100,,21524,1,,,0,100,,21525,1,,,0,100,,21526,1,,,0,100,,21527,1,,,0,100,,21528,1,,,0,100,,21529,1,,,0,100,,21530,1,,,0,100,,21531,1,,,0,100,,21532,1,,,0
5800,'259.0.3',607,,21533,1,,,0,30,,21534,1,,,0,70,,21535,1,,,0,30,,21536,1,,,0,70,,21537,1,,,0,117,,21538,1,,,0,100,,21539,1,,,0,100,,21540,1,,,0,100,,21541,1,,,0,100,,21542,1,,,0,100,,21543,1,,,0,100,,21544,1,,,0,30,,21545,1,,,0,270,,21546,1,,,0,100,,21547,1,,,0,100,,21548,1,,,0,100,,21549,1,,,0,100,,21550,1,,,0,100,,21551,1,,,0
5801,'259.0.1',617,,21552,24,4,,0,100,,21553,24,4,,0,100,,21554,24,4,,0,100,,21555,24,4,,0,100,,21556,24,4,,0,100,,21557,24,4,,0,100,,21558,24,4,,0,100,,21559,24,4,,0,100,,21560,24,4,,0,100,,21561,24,4,,0,100,,21562,24,4,,0,100,,21563,24,4,,0,100,,21564,24,4,,0,100,,21565,24,4,,0,100,,21566,24,4,,0,100,,21567,24,4,,0,100,,21568,24,4,,0
5801,'259.0.2',717,,21569,24,4,,0,100,,21570,24,4,,0,100,,21571,24,4,,0,100,,21572,24,4,,0,100,,21573,24,4,,0,100,,21574,24,4,,0,100,,21575,24,4,,0,100,,21576,24,4,,0,100,,21577,24,4,,0,100,,21578,24,4,,0,100,,21579,24,4,,0,100,,21580,24,4,,0,100,,21581,24,4,,0,100,,21582,24,4,,0,100,,21583,24,4,,0,100,,21584,24,4,,0
5801,'259.0.3',612,,21585,24,4,,0,30,,21586,24,4,,0,280,,21587,24,4,,0,100,,21588,24,4,,0,100,,21589,24,4,,0,100,,21590,24,4,,0,100,,21591,24,4,,0,100,,21592,24,4,,0,100,,21593,24,4,,0,30,,21594,24,4,,0,70,,21595,24,4,,0,30,,21596,24,4,,0,70,,21597,24,4,,0,100,,21598,24,4,,0,100,,21599,24,4,,0,100,,21600,24,4,,0,100,,21601,24,4,,0,100,,21602,24,4,,0,100,,21603,24,4,,0
6300,'259.0.1',756,,21930,1,,,0,100,,21931,1,,,0,100,,21932,1,,,0,100,,21933,1,,,0,100,,21934,1,,,0,100,,21935,1,,,0,100,,21936,1,,,0,100,,21937,1,,,0,100,,21938,1,,,0,100,,21939,1,,,0,100,,21940,1,,,0,100,,21941,1,,,0,97,,21942,1,,,0,100,,21943,1,,,0,100,,21944,1,,,0,100,,21945,1,,,0
6300,'259.0.2',725,,21946,1,,,0,100,,21947,1,,,0,100,,21948,1,,,0,100,,21949,1,,,0,100,,21950,1,,,0,100,,21951,1,,,0,100,,21952,1,,,0,100,,21953,1,,,0,98,,21954,1,,,0,100,,21955,1,,,0,100,,21956,1,,,0,100,,21957,1,,,0,100,,21958,1,,,0,100,,21959,1,,,0,100,,21960,1,,,0
6300,'259.0.3',647,,21961,1,,,0,70,,21962,1,,,0,30,,21963,1,,,0,70,,21964,1,,,0,30,,21965,1,,,0,70,,21966,1,,,0,30,,21967,1,,,0,56,,21968,1,,,0,100,,21969,1,,,0,100,,21970,1,,,0,100,,21971,1,,,0,100,,21972,1,,,0,100,,21973,1,,,0,115,,21974,1,,,0,30,,21975,1,,,0,68,,21976,1,,,0,30,,21977,1,,,0,70,,21978,1,,,0,30,,21979,1,,,0,70,,21980,1,,,0,100,,21981,1,,,0,100,,21982,1,,,0,100,,21983,1,,,0
6301,'259.0.1',754,,21984,34,4,,0,100,,21985,34,4,,0,100,,21986,34,4,,0,100,,21987,34,4,,0,100,,21988,34,4,,0,100,,21989,34,4,,0,100,,21990,34,4,,0,100,,21991,34,4,,0,100,,21992,34,4,,0,100,,21993,34,4,,0,100,,21994,34,4,,0,100,,21995,34,4,,0,97,,21996,34,4,,0,100,,21997,34,4,,0,100,,21998,34,4,,0,100,,21999,34,4,,0
6301,'259.0.2',723,,22000,34,4,,0,100,,22001,34,4,,0,100,,22002,34,4,,0,100,,22003,34,4,,0,100,,22004,34,4,,0,100,,22005,34,4,,0,100,,22006,34,4,,0,100,,22007,34,4,,0,98,,22008,34,4,,0,100,,22009,34,4,,0,100,,22010,34,4,,0,100,,22011,34,4,,0,100,,22012,34,4,,0,100,,22013,34,4,,0,100,,22014,34,4,,0
6301,'259.0.3',645,,22015,34,4,,0,70,,22016,34,4,,0,30,,22017,34,4,,0,70,,22018,34,4,,0,30,,22019,34,4,,0,70,,22020,34,4,,0,30,,22021,34,4,,0,56,,22022,34,4,,0,100,,22023,34,4,,0,100,,22024,34,4,,0,100,,22025,34,4,,0,100,,22026,34,4,,0,100,,22027,34,4,,0,115,,22028,34,4,,0,30,,22029,34,4,,0,68,,22030,34,4,,0,30,,22031,34,4,,0,70,,22032,34,4,,0,30,,22033,34,4,,0,70,,22034,34,4,,0,100,,22035,34,4,,0,100,,22036,34,4,,0,100,,22037,34,4,,0,100,,22038,34,4,,0
15800,'259.0.3',1613,,23797,13,,,0,32,,23798,13,,,0,72,,23799,13,,,0,27,,23800,13,,,0
