201,'244.0.1',614,,9504,25,,,0,100,,9505,25,,,0,100,,9506,25,,,0,15,,9507,25,,,0,15,,9508,25,,,0,15,,9509,25,,,0,55,,9510,25,,,0,15,,9511,25,,,0,15,,9512,25,,,0,15,,9513,25,,,0,58,,9514,25,,,0,16,,9515,25,,,0,15,,9516,25,,,0,55,,9517,25,,,0,15,,9518,25,,,0,15,,9519,25,,,0,15,,9520,25,,,0,55,,9521,25,,,0,15,,9522,25,,,0,15,,9523,25,,,0,15,,9524,25,,,0,55,,9525,25,,,0,15,,9526,25,,,0,15,,9527,25,,,0,15,,9528,25,,,0,55,,9529,25,,,0,15,,9530,25,,,0,15,,9531,25,,,0,15,,9532,25,,,0,55,,9533,25,,,0,15,,9534,25,,,0,15,,9535,25,,,0,15,,9536,25,,,0,55,,9537,25,,,0,15,,9538,25,,,0,15,,9539,25,,,0,14,,9540,25,,,0,55,,9541,25,,,0,15,,9542,25,,,0,15,,9543,25,,,0,15,,9544,25,,,0,55,,9545,25,,,0,15,,9546,25,,,0,15,,9547,25,,,0,13,,9548,25,,,0,14,,9549,25,,,0,55,,9550,25,,,0,30,,9551,25,,,0,70,,9552,25,,,0,30,,9553,25,,,0,70,,9554,25,,,0,30,,9555,25,,,0,70,,9556,25,,,0,30,,9557,25,,,0,70,,9558,25,,,0,30,,9559,25,,,0,70,,9560,25,,,0,30,,9561,25,,,0
201,'244.0.2',624,,9562,25,,,0,100,,9563,25,,,0,95,,9564,25,,,0,20,,9565,25,,,0,20,,9566,25,,,0,60,,9567,25,,,0,20,,9568,25,,,0,62,,9569,25,,,0,20,,9570,25,,,0,20,,9571,25,,,0,60,,9572,25,,,0,20,,9573,25,,,0,20,,9574,25,,,0,60,,9575,25,,,0,20,,9576,25,,,0,20,,9577,25,,,0,60,,9578,25,,,0,20,,9579,25,,,0,20,,9580,25,,,0,60,,9581,25,,,0,20,,9582,25,,,0,20,,9583,25,,,0,60,,9584,25,,,0,20,,9585,25,,,0,20,,9586,25,,,0,60,,9587,25,,,0,20,,9588,25,,,0,20,,9589,25,,,0,60,,9590,25,,,0,20,,9591,25,,,0,20,,9592,25,,,0,60,,9593,25,,,0,15,,9594,25,,,0,29,,9595,25,,,0,69,,9596,25,,,0,30,,9597,25,,,0,70,,9598,25,,,0,30,,9599,25,,,0,70,,9600,25,,,0,30,,9601,25,,,0,70,,9602,25,,,0,30,,9603,25,,,0,70,,9604,25,,,0,30,,9605,25,,,0,70,,9606,25,,,0
201,'244.0.3',546,,9607,25,,,0,70,,9608,25,,,0,30,,9609,25,,,0,55,,9610,25,,,0,15,,9611,25,,,0,20,,9612,25,,,0,18,,9613,25,,,0,55,,9614,25,,,0,15,,9615,25,,,0,15,,9616,25,,,0,15,,9617,25,,,0,53,,9618,25,,,0,14,,9619,25,,,0,15,,9620,25,,,0,15,,9621,25,,,0,55,,9622,25,,,0,15,,9623,25,,,0,15,,9624,25,,,0,15,,9625,25,,,0,55,,9626,25,,,0,15,,9627,25,,,0,15,,9628,25,,,0,15,,9629,25,,,0,55,,9630,25,,,0,15,,9631,25,,,0,15,,9632,25,,,0,15,,9633,25,,,0,55,,9634,25,,,0,15,,9635,25,,,0,15,,9636,25,,,0,15,,9637,25,,,0,55,,9638,25,,,0,15,,9639,25,,,0,15,,9640,25,,,0,15,,9641,25,,,0,55,,9642,25,,,0,15,,9643,25,,,0,16,,9644,25,,,0,16,,9645,25,,,0,55,,9646,25,,,0,15,,9647,25,,,0,15,,9648,25,,,0,15,,9649,25,,,0,55,,9650,25,,,0,15,,9651,25,,,0,15,,9652,25,,,0,12,,9653,25,,,0,54,,9654,25,,,0,15,,9655,25,,,0,15,,9656,25,,,0,15,,9657,25,,,0,69,,9658,25,,,0,30,,9659,25,,,0,70,,9660,25,,,0,30,,9661,25,,,0,70,,9662,25,,,0,30,,9663,25,,,0,70,,9664,25,,,0,30,,9665,25,,,0,70,,9666,25,,,0,30,,9667,25,,,0,70,,9668,25,,,0,30,,9669,25,,,0
301,'244.0.1',621,,9812,21,,,0,100,,9813,21,,,0,100,,9814,21,,,0,30,,9815,21,,,0,70,,9816,21,,,0,30,,9817,21,,,0,70,,9818,21,,,0,33,,9819,21,,,0,70,,9820,21,,,0,30,,9821,21,,,0,70,,9822,21,,,0,30,,9823,21,,,0,70,,9824,21,,,0,30,,9825,21,,,0,70,,9826,21,,,0,30,,9827,21,,,0,70,,9828,21,,,0,30,,9829,21,,,0,70,,9830,21,,,0,30,,9831,21,,,0,70,,9832,21,,,0,30,,9833,21,,,0,67,,9834,21,,,0,30,,9835,21,,,0,70,,9836,21,,,0,30,,9837,21,,,0,70,,9838,21,,,0,30,,9839,21,,,0,70,,9840,21,,,0,30,,9841,21,,,0,70,,9842,21,,,0,30,,9843,21,,,0,70,,9844,21,,,0,30,,9845,21,,,0,70,,9846,21,,,0,30,,9847,21,,,0
301,'244.0.2',620,,9848,21,,,0,100,,9849,21,,,0,100,,9850,21,,,0,30,,9851,21,,,0,70,,9852,21,,,0,20,,9853,21,,,0,60,,9854,21,,,0,20,,9855,21,,,0,22,,9856,21,,,0,60,,9857,21,,,0,20,,9858,21,,,0,20,,9859,21,,,0,60,,9860,21,,,0,20,,9861,21,,,0,20,,9862,21,,,0,60,,9863,21,,,0,20,,9864,21,,,0,20,,9865,21,,,0,60,,9866,21,,,0,20,,9867,21,,,0,20,,9868,21,,,0,60,,9869,21,,,0,20,,9870,21,,,0,20,,9871,21,,,0,60,,9872,21,,,0,20,,9873,21,,,0,20,,9874,21,,,0,60,,9875,21,,,0,20,,9876,21,,,0,20,,9877,21,,,0,60,,9878,21,,,0,20,,9879,21,,,0,30,,9880,21,,,0,70,,9881,21,,,0,30,,9882,21,,,0,70,,9883,21,,,0,30,,9884,21,,,0,68,,9885,21,,,0,30,,9886,21,,,0,70,,9887,21,,,0,30,,9888,21,,,0,70,,9889,21,,,0,30,,9890,21,,,0,70,,9891,21,,,0
301,'244.0.3',552,,9892,21,,,0,70,,9893,21,,,0,15,,9894,21,,,0,15,,9895,21,,,0,55,,9896,21,,,0,15,,9897,21,,,0,19,,9898,21,,,0,18,,9899,21,,,0,55,,9900,21,,,0,15,,9901,21,,,0,15,,9902,21,,,0,15,,9903,21,,,0,55,,9904,21,,,0,13,,9905,21,,,0,16,,9906,21,,,0,60,,9907,21,,,0,20,,9908,21,,,0,20,,9909,21,,,0,60,,9910,21,,,0,20,,9911,21,,,0,20,,9912,21,,,0,60,,9913,21,,,0,20,,9914,21,,,0,20,,9915,21,,,0,60,,9916,21,,,0,20,,9917,21,,,0,20,,9918,21,,,0,60,,9919,21,,,0,20,,9920,21,,,0,20,,9921,21,,,0,61,,9922,21,,,0,22,,9923,21,,,0,15,,9924,21,,,0,15,,9925,21,,,0,55,,9926,21,,,0,15,,9927,21,,,0,15,,9928,21,,,0,15,,9929,21,,,0,55,,9930,21,,,0,15,,9931,21,,,0,15,,9932,21,,,0,14,,9933,21,,,0,53,,9934,21,,,0,14,,9935,21,,,0,15,,9936,21,,,0,15,,9937,21,,,0,60,,9938,21,,,0,20,,9939,21,,,0,20,,9940,21,,,0,60,,9941,21,,,0,20,,9942,21,,,0,20,,9943,21,,,0,60,,9944,21,,,0,10,,9945,21,,,0,30,,9946,21,,,0,70,,9947,21,,,0,27,,9948,21,,,0,70,,9949,21,,,0,33,,9950,21,,,0,70,,9951,21,,,0,30,,9952,21,,,0
2200,'244.0.1',615,,10968,2,,,0,30,,10969,2,,,0,70,,10970,2,,,0,30,,10971,2,,,0,70,,10972,2,,,0,30,,10973,2,,,0,70,,10974,2,,,0,30,,10975,2,,,0,70,,10976,2,,,0,30,,10977,2,,,0,70,,10978,2,,,0,35,,10979,2,,,0,70,,10980,2,,,0,30,,10981,2,,,0,70,,10982,2,,,0,30,,10983,2,,,0,70,,10984,2,,,0,30,,10985,2,,,0,70,,10986,2,,,0,30,,10987,2,,,0,70,,10988,2,,,0,30,,10989,2,,,0,70,,10990,2,,,0,30,,10991,2,,,0,70,,10992,2,,,0,25,,10993,2,,,0,70,,10994,2,,,0,30,,10995,2,,,0,70,,10996,2,,,0,30,,10997,2,,,0,70,,10998,2,,,0,30,,10999,2,,,0,70,,11000,2,,,0,30,,11001,2,,,0,70,,11002,2,,,0,30,,11003,2,,,0
2200,'244.0.2',635,,11004,2,,,0,70,,11005,2,,,0,30,,11006,2,,,0,70,,11007,2,,,0,30,,11008,2,,,0,70,,11009,2,,,0,30,,11010,2,,,0,70,,11011,2,,,0,30,,11012,2,,,0,70,,11013,2,,,0,30,,11014,2,,,0,70,,11015,2,,,0,30,,11016,2,,,0,70,,11017,2,,,0,30,,11018,2,,,0,70,,11019,2,,,0,30,,11020,2,,,0,70,,11021,2,,,0,30,,11022,2,,,0,70,,11023,2,,,0,30,,11024,2,,,0,70,,11025,2,,,0,30,,11026,2,,,0,70,,11027,2,,,0,30,,11028,2,,,0,70,,11029,2,,,0,30,,11030,2,,,0,70,,11031,2,,,0,30,,11032,2,,,0,70,,11033,2,,,0,30,,11034,2,,,0,70,,11035,2,,,0,30,,11036,2,,,0,70,,11037,2,,,0,30,,11038,2,,,0
2200,'244.0.3',625,,11039,2,,,0,30,,11040,2,,,0,70,,11041,2,,,0,30,,11042,2,,,0,70,,11043,2,,,0,30,,11044,2,,,0,70,,11045,2,,,0,27,,11046,2,,,0,70,,11047,2,,,0,30,,11048,2,,,0,74,,11049,2,,,0,26,,11050,2,,,0,70,,11051,2,,,0,30,,11052,2,,,0,70,,11053,2,,,0,30,,11054,2,,,0,70,,11055,2,,,0,33,,11056,2,,,0,70,,11057,2,,,0,31,,11058,2,,,0,70,,11059,2,,,0,30,,11060,2,,,0,70,,11061,2,,,0,30,,11062,2,,,0,69,,11063,2,,,0,27,,11064,2,,,0,70,,11065,2,,,0,30,,11066,2,,,0,70,,11067,2,,,0,30,,11068,2,,,0,70,,11069,2,,,0,30,,11070,2,,,0,70,,11071,2,,,0,30,,11072,2,,,0,70,,11073,2,,,0,30,,11074,2,,,0
2400,'244.0.1',626,,11184,43,,,0,30,,11185,43,,,0,70,,11186,43,,,0,30,,11187,43,,,0,70,,11188,43,,,0,30,,11189,43,,,0,70,,11190,43,,,0,31,,11191,43,,,0,71,,11192,43,,,0,30,,11193,43,,,0,70,,11194,43,,,0,72,,11195,43,,,0,30,,11196,43,,,0,70,,11197,43,,,0,30,,11198,43,,,0,70,,11199,43,,,0,30,,11200,43,,,0,28,,11201,43,,,0,70,,11202,43,,,0,30,,11203,43,,,0,70,,11204,43,,,0,30,,11205,43,,,0,70,,11206,43,,,0,30,,11207,43,,,0,70,,11208,43,,,0,27,,11209,43,,,0,70,,11210,43,,,0,30,,11211,43,,,0,70,,11212,43,,,0,30,,11213,43,,,0,70,,11214,43,,,0,30,,11215,43,,,0,70,,11216,43,,,0,30,,11217,43,,,0,70,,11218,43,,,0,30,,11219,43,,,0
2400,'244.0.2',624,,11220,43,,,0,30,,11221,43,,,0,70,,11222,43,,,0,30,,11223,43,,,0,70,,11224,43,,,0,30,,11225,43,,,0,70,,11226,43,,,0,33,,11227,43,,,0,70,,11228,43,,,0,30,,11229,43,,,0,70,,11230,43,,,0,30,,11231,43,,,0,70,,11232,43,,,0,30,,11233,43,,,0,70,,11234,43,,,0,30,,11235,43,,,0,70,,11236,43,,,0,30,,11237,43,,,0,70,,11238,43,,,0,30,,11239,43,,,0,70,,11240,43,,,0,30,,11241,43,,,0,70,,11242,43,,,0,30,,11243,43,,,0,70,,11244,43,,,0,28,,11245,43,,,0,70,,11246,43,,,0,30,,11247,43,,,0,70,,11248,43,,,0,30,,11249,43,,,0,70,,11250,43,,,0,30,,11251,43,,,0,70,,11252,43,,,0,30,,11253,43,,,0,70,,11254,43,,,0,30,,11255,43,,,0
2400,'244.0.3',629,,11256,43,,,0,30,,11257,43,,,0,70,,11258,43,,,0,71,,11259,43,,,0,30,,11260,43,,,0,72,,11261,43,,,0,25,,11262,43,,,0,30,,11263,43,,,0,70,,11264,43,,,0,30,,11265,43,,,0,71,,11266,43,,,0,30,,11267,43,,,0,70,,11268,43,,,0,30,,11269,43,,,0,70,,11270,43,,,0,30,,11271,43,,,0,70,,11272,43,,,0,30,,11273,43,,,0,70,,11274,43,,,0,30,,11275,43,,,0,70,,11276,43,,,0,30,,11277,43,,,0,70,,11278,43,,,0,30,,11279,43,,,0,70,,11280,43,,,0,29,,11281,43,,,0,67,,11282,43,,,0,30,,11283,43,,,0,70,,11284,43,,,0,30,,11285,43,,,0,70,,11286,43,,,0,30,,11287,43,,,0,70,,11288,43,,,0,30,,11289,43,,,0,70,,11290,43,,,0,30,,11291,43,,,0
2500,'244.0.1',734,,11401,2,,,0,100,,11402,2,,,0,100,,11403,2,,,0,100,,11404,2,,,0,99,,11405,2,,,0,100,,11406,2,,,0,100,,11407,2,,,0,100,,11408,2,,,0,100,,11409,2,,,0,100,,11410,2,,,0,100,,11411,2,,,0,100,,11412,2,,,0,100,,11413,2,,,0,100,,11414,2,,,0,100,,11415,2,,,0,100,,11416,2,,,0
2500,'244.0.2',834,,11418,2,,,0,100,,11419,2,,,0,100,,11420,2,,,0,100,,11421,2,,,0,100,,11422,2,,,0,100,,11423,2,,,0,100,,11424,2,,,0,100,,11425,2,,,0,100,,11426,2,,,0,100,,11427,2,,,0,100,,11428,2,,,0,100,,11429,2,,,0,100,,11430,2,,,0,100,,11431,2,,,0
2500,'244.0.3',537,,11432,2,,,0,70,,11433,2,,,0,30,,11434,2,,,0,70,,11435,2,,,0,30,,11436,2,,,0,70,,11437,2,,,0,30,,11438,2,,,0,70,,11439,2,,,0,100,,11440,2,,,0,100,,11441,2,,,0,100,,11442,2,,,0,100,,11443,2,,,0,100,,11444,2,,,0,100,,11445,2,,,0,30,,11446,2,,,0,70,,11447,2,,,0,30,,11448,2,,,0,70,,11449,2,,,0,30,,11450,2,,,0,70,,11451,2,,,0,30,,11452,2,,,0,70,,11453,2,,,0,100,,11454,2,,,0,100,,11455,2,,,0,100,,11456,2,,,0,100,,11457,2,,,0
41500,'244.0.3',612,,15320,2,,,0,100,,15321,2,,,0,100,,15322,2,,,0,100,,15323,2,,,0,533,,15327,2,,,0,100,,15324,2,,,0,100,,15325,2,,,0,100,,15326,2,,,0
1000900,'244.0.1',704,,15724,20,,,0,100,,15725,20,,,0,100,,15726,20,,,0,101,,15727,20,,,0,100,,15728,20,,,0,96,,15729,20,,,0,101,,15730,20,,,0,100,,15731,20,,,0,100,,15732,20,,,0,100,,15733,20,,,0,100,,15734,20,,,0,100,,15735,20,,,0,100,,15736,20,,,0,102,,15737,20,,,0,100,,15738,20,,,0,100,,15739,20,,,0,100,,15740,20,,,0,100,,15741,20,,,0
1000900,'244.0.2',704,,15742,20,,,0,96,,15743,20,,,0,100,,15744,20,,,0,100,,15745,20,,,0,105,,15746,20,,,0,100,,15747,20,,,0,100,,15748,20,,,0,100,,15749,20,,,0,100,,15750,20,,,0,100,,15751,20,,,0,100,,15752,20,,,0,100,,15753,20,,,0,100,,15754,20,,,0,100,,15755,20,,,0,98,,15756,20,,,0,100,,15757,20,,,0,100,,15758,20,,,0,100,,15759,20,,,0
1000900,'244.0.3',618,,15760,20,,,0,30,,15761,20,,,0,70,,15762,20,,,0,32,,15763,20,,,0,72,,15764,20,,,0,29,,15765,20,,,0,52,,15766,20,,,0,15,,15767,20,,,0,30,,15768,20,,,0,55,,15769,20,,,0,15,,15770,20,,,0,30,,15771,20,,,0,57,,15772,20,,,0,13,,15773,20,,,0,27,,15774,20,,,0,55,,15775,20,,,0,15,,15776,20,,,0,30,,15777,20,,,0,55,,15778,20,,,0,15,,15779,20,,,0,30,,15780,20,,,0,55,,15781,20,,,0,15,,15782,20,,,0,30,,15783,20,,,0,66,,15784,20,,,0,25,,15785,20,,,0,9,,15786,20,,,0,59,,15787,20,,,0,10,,15788,20,,,0,20,,15789,20,,,0,10,,15790,20,,,0,60,,15791,20,,,0,10,,15792,20,,,0,10,,15793,20,,,0,21,,15794,20,,,0,5,,15795,20,,,0,6,,15796,20,,,0,56,,15797,20,,,0,10,,15798,20,,,0,20,,15799,20,,,0,10,,15800,20,,,0,70,,15801,20,,,0,30,,15802,20,,,0,70,,15803,20,,,0,30,,15804,20,,,0,68,,15805,20,,,0,27,,15806,20,,,0,55,,15807,20,,,0,15,,15808,20,,,0,35,,15809,20,,,0,60,,15810,20,,,0,40,,15811,20,,,0,60,,15812,20,,,0,40,,15813,20,,,0
1000901,'244.0.1',704,,15814,35,,,0,100,,15815,35,,,0,101,,15816,35,,,0,100,,15817,35,,,0,100,,15818,35,,,0,100,,15819,35,,,0,100,,15820,35,,,0,100,,15821,35,,,0,100,,15822,35,,,0,100,,15823,35,,,0,100,,15824,35,,,0,97,,15825,35,,,0,100,,15826,35,,,0,100,,15827,35,,,0,98,,15828,35,,,0,100,,15829,35,,,0,100,,15830,35,,,0,100,,15831,35,,,0
1000901,'244.0.2',700,,15832,35,,,0,58,,15833,35,,,0,143,,15834,35,,,0,100,,15835,35,,,0,101,,15836,35,,,0,100,,15837,35,,,0,100,,15838,35,,,0,100,,15839,35,,,0,100,,15840,35,,,0,100,,15841,35,,,0,100,,15842,35,,,0,100,,15843,35,,,0,100,,15844,35,,,0,99,,15845,35,,,0,56,,15846,35,,,0,100,,15847,35,,,0,100,,15848,35,,,0,100,,15849,35,,,0
1000901,'244.0.3',548,,15850,35,,,0,67,,15851,35,,,0,25,,15852,35,,,0,10,,15853,35,,,0,5,,15854,35,,,0,55,,15855,35,,,0,23,,15856,35,,,0,5,,15857,35,,,0,15,,15858,35,,,0,50,,15859,35,,,0,20,,15860,35,,,0,10,,15861,35,,,0,20,,15862,35,,,0,49,,15863,35,,,0,8,,15864,35,,,0,10,,15865,35,,,0,25,,15866,35,,,0,55,,15867,35,,,0,15,,15868,35,,,0,30,,15869,35,,,0,55,,15870,35,,,0,15,,15871,35,,,0,30,,15872,35,,,0,55,,15873,35,,,0,15,,15874,35,,,0,30,,15875,35,,,0,55,,15876,35,,,0,15,,15877,35,,,0,30,,15878,35,,,0,55,,15879,35,,,0,15,,15880,35,,,0,30,,15881,35,,,0,55,,15882,35,,,0,15,,15883,35,,,0,29,,15884,35,,,0,65,,15885,35,,,0,5,,15886,35,,,0,25,,15887,35,,,0,10,,15888,35,,,0,60,,15889,35,,,0,10,,15890,35,,,0,20,,15891,35,,,0,10,,15892,35,,,0,60,,15893,35,,,0,10,,15894,35,,,0,17,,15895,35,,,0,10,,15896,35,,,0,65,,15897,35,,,0,30,,15898,35,,,0,71,,15899,35,,,0,29,,15900,35,,,0,70,,15901,35,,,0,27,,15902,35,,,0,70,,15903,35,,,0,35,,15904,35,,,0,60,,15905,35,,,0,40,,15906,35,,,0,60,,15907,35,,,0,40,,15908,35,,,0,60,,15909,35,,,0
2000900,'244.0.1',634,,16760,20,,,0,100,,16761,20,,,0,100,,16762,20,,,0,101,,16763,20,,,0,100,,16764,20,,,0,100,,16765,20,,,0,97,,16766,20,,,0,100,,16767,20,,,0,100,,16768,20,,,0,100,,16769,20,,,0,100,,16770,20,,,0,100,,16771,20,,,0,100,,16772,20,,,0,102,,16773,20,,,0,100,,16774,20,,,0,100,,16775,20,,,0,100,,16776,20,,,0,100,,16777,20,,,0,100,,16778,20,,,0
2000900,'244.0.2',635,,16779,20,,,0,97,,16780,20,,,0,98,,16781,20,,,0,100,,16782,20,,,0,105,,16783,20,,,0,100,,16784,20,,,0,100,,16785,20,,,0,100,,16786,20,,,0,100,,16787,20,,,0,100,,16788,20,,,0,100,,16789,20,,,0,100,,16790,20,,,0,100,,16791,20,,,0,100,,16792,20,,,0,98,,16793,20,,,0,100,,16794,20,,,0,100,,16795,20,,,0,100,,16796,20,,,0,100,,16797,20,,,0
2000900,'244.0.3',533,,16798,2,,,0,70,,16799,2,,,0,30,,16800,20,,,0,70,,16801,20,,,0,30,,16802,20,,,0,70,,16803,20,,,0,30,,16804,20,,,0,100,,16805,20,,,0,100,,16806,20,,,0,98,,16807,20,,,0,96,,16808,20,,,0,100,,16809,20,,,0,100,,16810,20,,,0,28,,16811,20,,,0,70,,16812,20,,,0,29,,16813,20,,,0,70,,16814,20,,,0,30,,16815,20,,,0,80,,16816,20,,,0,67,,16817,20,,,0,30,,16818,20,,,0,70,,16819,20,,,0,30,,16820,20,,,0,70,,16821,20,,,0,30,,16822,20,,,0,69,,16823,20,,,0,27,,16824,20,,,0,100,,16825,20,,,0,100,,16826,20,,,0,100,,16827,20,,,0,100,,16828,20,,,0
2000901,'244.0.1',634,,16829,51,,,0,100,,16830,51,,,0,99,,16831,51,,,0,102,,16832,51,,,0,100,,16833,51,,,0,100,,16834,51,,,0,100,,16835,51,,,0,100,,16836,51,,,0,100,,16837,51,,,0,100,,16838,51,,,0,100,,16839,51,,,0,100,,16840,51,,,0,97,,16841,51,,,0,100,,16842,51,,,0,98,,16843,51,,,0,100,,16844,51,,,0,100,,16845,51,,,0,100,,16846,51,,,0,100,,16847,51,,,0
2000901,'244.0.2',630,,16848,51,,,0,100,,16849,51,,,0,98,,16850,51,,,0,103,,16851,51,,,0,100,,16852,51,,,0,101,,16853,51,,,0,100,,16854,51,,,0,100,,16855,51,,,0,100,,16856,51,,,0,100,,16857,51,,,0,100,,16858,51,,,0,100,,16859,51,,,0,100,,16860,51,,,0,100,,16861,51,,,0,95,,16862,51,,,0,100,,16863,51,,,0,100,,16864,51,,,0,99,,16865,51,,,0,100,,16866,51,,,0
2000901,'244.0.3',600,,16867,51,,,0,30,,16868,51,,,0,70,,16869,51,,,0,43,,16870,51,,,0,70,,16871,51,,,0,30,,16872,51,,,0,58,,16873,51,,,0,29,,16874,51,,,0,100,,16875,51,,,0,100,,16876,51,,,0,100,,16877,51,,,0,100,,16878,51,,,0,100,,16879,51,,,0,99,,16880,51,,,0,30,,16881,51,,,0,70,,16882,51,,,0,30,,16883,51,,,0,70,,16884,51,,,0,30,,16885,51,,,0,68,,16886,51,,,0,29,,16887,51,,,0,70,,16888,51,,,0,30,,16889,51,,,0,70,,16890,51,,,0,30,,16891,51,,,0,69,,16892,51,,,0,22,,16893,51,,,0,70,,16894,51,,,0,100,,16895,51,,,0,100,,16896,51,,,0
