200,'244.0.1',621,,9338,23,,,0,100,,9339,23,,,0,100,,9340,23,,,0,15,,9341,23,,,0,15,,9342,23,,,0,55,,9343,23,,,0,15,,9344,23,,,0,15,,9345,23,,,0,15,,9346,23,,,0,55,,9347,23,,,0,15,,9348,23,,,0,15,,9349,23,,,0,16,,9350,23,,,0,56,,9351,23,,,0,15,,9352,23,,,0,15,,9353,23,,,0,15,,9354,23,,,0,55,,9355,23,,,0,15,,9356,23,,,0,15,,9357,23,,,0,15,,9358,23,,,0,55,,9359,23,,,0,15,,9360,23,,,0,15,,9361,23,,,0,15,,9362,23,,,0,55,,9363,23,,,0,15,,9364,23,,,0,15,,9365,23,,,0,15,,9366,23,,,0,55,,9367,23,,,0,15,,9368,23,,,0,15,,9369,23,,,0,15,,9370,23,,,0,55,,9371,23,,,0,15,,9372,23,,,0,15,,9373,23,,,0,15,,9374,23,,,0,55,,9375,23,,,0,15,,9376,23,,,0,15,,9377,23,,,0,15,,9378,23,,,0,55,,9379,23,,,0,15,,9380,23,,,0,15,,9381,23,,,0,15,,9382,23,,,0,55,,9383,23,,,0,15,,9384,23,,,0,15,,9385,23,,,0,70,,9386,23,,,0,30,,9387,23,,,0,69,,9388,23,,,0,29,,9389,23,,,0,70,,9390,23,,,0,30,,9391,23,,,0,70,,9392,23,,,0,30,,9393,23,,,0,70,,9394,23,,,0,30,,9395,23,,,0
200,'244.0.2',610,,9396,23,,,0,100,,9397,23,,,0,100,,9398,23,,,0,30,,9399,23,,,0,60,,9400,23,,,0,20,,9401,23,,,0,20,,9402,23,,,0,60,,9403,23,,,0,20,,9404,23,,,0,20,,9405,23,,,0,62,,9406,23,,,0,20,,9407,23,,,0,20,,9408,23,,,0,60,,9409,23,,,0,20,,9410,23,,,0,20,,9411,23,,,0,60,,9412,23,,,0,20,,9413,23,,,0,20,,9414,23,,,0,60,,9415,23,,,0,20,,9416,23,,,0,20,,9417,23,,,0,60,,9418,23,,,0,20,,9419,23,,,0,20,,9420,23,,,0,60,,9421,23,,,0,20,,9422,23,,,0,20,,9423,23,,,0,60,,9424,23,,,0,20,,9425,23,,,0,20,,9426,23,,,0,60,,9427,23,,,0,20,,9428,23,,,0,28,,9429,23,,,0,69,,9430,23,,,0,30,,9431,23,,,0,70,,9432,23,,,0,30,,9433,23,,,0,70,,9434,23,,,0,30,,9435,23,,,0,70,,9436,23,,,0,30,,9437,23,,,0,70,,9438,23,,,0,30,,9439,23,,,0,70,,9440,23,,,0
200,'244.0.3',551,,9441,23,,,0,70,,9442,23,,,0,30,,9443,23,,,0,55,,9444,23,,,0,15,,9445,23,,,0,16,,9446,23,,,0,17,,9447,23,,,0,55,,9448,23,,,0,15,,9449,23,,,0,15,,9450,23,,,0,15,,9451,23,,,0,55,,9452,23,,,0,14,,9453,23,,,0,15,,9454,23,,,0,15,,9455,23,,,0,55,,9456,23,,,0,15,,9457,23,,,0,15,,9458,23,,,0,15,,9459,23,,,0,55,,9460,23,,,0,15,,9461,23,,,0,15,,9462,23,,,0,15,,9463,23,,,0,55,,9464,23,,,0,17,,9465,23,,,0,15,,9466,23,,,0,15,,9467,23,,,0,55,,9468,23,,,0,15,,9469,23,,,0,15,,9470,23,,,0,15,,9471,23,,,0,55,,9472,23,,,0,15,,9473,23,,,0,15,,9474,23,,,0,15,,9475,23,,,0,55,,9476,23,,,0,18,,9477,23,,,0,17,,9478,23,,,0,55,,9479,23,,,0,15,,9480,23,,,0,15,,9481,23,,,0,15,,9482,23,,,0,55,,9483,23,,,0,15,,9484,23,,,0,15,,9485,23,,,0,15,,9486,23,,,0,11,,9487,23,,,0,51,,9488,23,,,0,15,,9489,23,,,0,15,,9490,23,,,0,15,,9491,23,,,0,55,,9492,23,,,0,30,,9493,23,,,0,70,,9494,23,,,0,30,,9495,23,,,0,70,,9496,23,,,0,30,,9497,23,,,0,70,,9498,23,,,0,30,,9499,23,,,0,70,,9500,23,,,0,30,,9501,23,,,0,70,,9502,23,,,0,30,,9503,23,,,0
300,'244.0.1',657,,9670,45,,,0,100,,9671,45,,,0,100,,9672,45,,,0,70,,9673,45,,,0,30,,9674,45,,,0,70,,9675,45,,,0,30,,9676,45,,,0,70,,9677,45,,,0,30,,9678,45,,,0,72,,9679,45,,,0,30,,9680,45,,,0,70,,9681,45,,,0,30,,9682,45,,,0,70,,9683,45,,,0,30,,9684,45,,,0,70,,9685,45,,,0,30,,9686,45,,,0,70,,9687,45,,,0,30,,9688,45,,,0,70,,9689,45,,,0,30,,9690,45,,,0,70,,9691,45,,,0,30,,9692,45,,,0,66,,9693,45,,,0,29,,9694,45,,,0,70,,9695,45,,,0,30,,9696,45,,,0,70,,9697,45,,,0,30,,9698,45,,,0,70,,9699,45,,,0,30,,9700,45,,,0,70,,9701,45,,,0,30,,9702,45,,,0,70,,9703,45,,,0,30,,9704,45,,,0,60,,9705,45,,,0
300,'244.0.2',637,,9706,45,,,0,100,,9707,45,,,0,100,,9708,45,,,0,70,,9709,45,,,0,30,,9710,45,,,0,67,,9711,45,,,0,20,,9712,45,,,0,20,,9713,45,,,0,62,,9714,45,,,0,24,,9715,45,,,0,20,,9716,45,,,0,60,,9717,45,,,0,20,,9718,45,,,0,20,,9719,45,,,0,60,,9720,45,,,0,20,,9721,45,,,0,20,,9722,45,,,0,60,,9723,45,,,0,20,,9724,45,,,0,20,,9725,45,,,0,60,,9726,45,,,0,20,,9727,45,,,0,20,,9728,45,,,0,60,,9729,45,,,0,20,,9730,45,,,0,20,,9731,45,,,0,60,,9732,45,,,0,20,,9733,45,,,0,20,,9734,45,,,0,57,,9735,45,,,0,17,,9736,45,,,0,19,,9737,45,,,0,70,,9738,45,,,0,30,,9739,45,,,0,70,,9740,45,,,0,30,,9741,45,,,0,70,,9742,45,,,0,30,,9743,45,,,0,70,,9744,45,,,0,23,,9745,45,,,0,70,,9746,45,,,0,30,,9747,45,,,0,70,,9748,45,,,0,30,,9749,45,,,0
300,'244.0.3',612,,9750,45,,,0,30,,9751,45,,,0,15,,9752,45,,,0,55,,9753,45,,,0,15,,9754,45,,,0,18,,9755,45,,,0,57,,9756,45,,,0,19,,9757,45,,,0,15,,9758,45,,,0,15,,9759,45,,,0,54,,9760,45,,,0,15,,9761,45,,,0,15,,9762,45,,,0,15,,9763,45,,,0,60,,9764,45,,,0,20,,9765,45,,,0,20,,9766,45,,,0,60,,9767,45,,,0,20,,9768,45,,,0,20,,9769,45,,,0,60,,9770,45,,,0,20,,9771,45,,,0,20,,9772,45,,,0,60,,9773,45,,,0,20,,9774,45,,,0,20,,9775,45,,,0,60,,9776,45,,,0,20,,9777,45,,,0,20,,9778,45,,,0,60,,9779,45,,,0,20,,9780,45,,,0,10,,9781,45,,,0,11,,9782,45,,,0,61,,9783,45,,,0,15,,9784,45,,,0,15,,9785,45,,,0,15,,9786,45,,,0,55,,9787,45,,,0,15,,9788,45,,,0,15,,9789,45,,,0,14,,9790,45,,,0,53,,9791,45,,,0,13,,9792,45,,,0,13,,9793,45,,,0,15,,9794,45,,,0,53,,9795,45,,,0,7,,9796,45,,,0,17,,9797,45,,,0,20,,9798,45,,,0,60,,9799,45,,,0,20,,9800,45,,,0,20,,9801,45,,,0,60,,9802,45,,,0,20,,9803,45,,,0,10,,9804,45,,,0,70,,9805,45,,,0,30,,9806,45,,,0,70,,9807,45,,,0,30,,9808,45,,,0,70,,9809,45,,,0,30,,9810,45,,,0,70,,9811,45,,,0
2901,'244.0.1',702,,11809,41,,,0,30,,11810,41,,,0,70,,11811,41,,,0,30,,11812,41,,,0,70,,11813,41,,,0,30,,11814,41,,,0,70,,11815,41,,,0,32,,11816,41,,,0,73,,11817,41,,,0,28,,11818,41,,,0,70,,11819,41,,,0,30,,11820,41,,,0,70,,11821,41,,,0,30,,11822,41,,,0,70,,11823,41,,,0,30,,11824,41,,,0,67,,11825,41,,,0,33,,11826,41,,,0,70,,11827,41,,,0,30,,11828,41,,,0,70,,11829,41,,,0,30,,11830,41,,,0,70,,11831,41,,,0,30,,11832,41,,,0,67,,11833,41,,,0,31,,11834,41,,,0,68,,11835,41,,,0,100,,11836,41,,,0,100,,11837,41,,,0,100,,11838,41,,,0,100,,11839,41,,,0,41,,11840,41,,,0
2901,'244.0.2',659,,11841,41,,,0,70,,11842,41,,,0,30,,11843,41,,,0,70,,11844,41,,,0,30,,11845,41,,,0,70,,11846,41,,,0,72,,11847,41,,,0,32,,11848,41,,,0,69,,11849,41,,,0,30,,11850,41,,,0,70,,11851,41,,,0,30,,11852,41,,,0,70,,11853,41,,,0,30,,11854,41,,,0,70,,11855,41,,,0,30,,11856,41,,,0,70,,11857,41,,,0,30,,11858,41,,,0,70,,11859,41,,,0,30,,11860,41,,,0,70,,11861,41,,,0,30,,11862,41,,,0,70,,11863,41,,,0,29,,11864,41,,,0,70,,11865,41,,,0,58,,11866,41,,,0,100,,11867,41,,,0,100,,11868,41,,,0,100,,11869,41,,,0,100,,11870,41,,,0,83,,11871,41,,,0
2901,'244.0.3',647,,11872,41,,,0,55,,11873,41,,,0,17,,11874,41,,,0,17,,11875,41,,,0,15,,11876,41,,,0,55,,11877,41,,,0,15,,11878,41,,,0,15,,11879,41,,,0,13,,11880,41,,,0,54,,11881,41,,,0,16,,11882,41,,,0,28,,11883,41,,,0,70,,11884,41,,,0,30,,11885,41,,,0,70,,11886,41,,,0,30,,11887,41,,,0,70,,11888,41,,,0,30,,11889,41,,,0,70,,11890,41,,,0,30,,11891,41,,,0,70,,11892,41,,,0,35,,11893,41,,,0,72,,11894,41,,,0,30,,11895,41,,,0,55,,11896,41,,,0,15,,11897,41,,,0,15,,11898,41,,,0,15,,11899,41,,,0,53,,11900,41,,,0,15,,11901,41,,,0,15,,11902,41,,,0,11,,11903,41,,,0,53,,11904,41,,,0,15,,11905,41,,,0,15,,11906,41,,,0,15,,11907,41,,,0,55,,11908,41,,,0,15,,11909,41,,,0,30,,11910,41,,,0,70,,11911,41,,,0,30,,11912,41,,,0,70,,11913,41,,,0,30,,11914,41,,,0,70,,11915,41,,,0,30,,11916,41,,,0,100,,11917,41,,,0,94,,11918,41,,,0
9100,'244.0.1',712,,14751,4,,,0,100,,14752,4,,,0,100,,14753,4,,,0,100,,14754,4,,,0,100,,14755,4,,,0,100,,14756,4,,,0,100,,14757,4,,,0,100,,14758,4,,,0,100,,14759,4,,,0,100,,14760,4,,,0,100,,14761,4,,,0,100,,14762,4,,,0,100,,14763,4,,,0,100,,14764,4,,,0,100,,14765,4,,,0,100,,14766,4,,,0
9100,'244.0.2',741,,14767,4,,,0,100,,14768,4,,,0,100,,14769,4,,,0,100,,14770,4,,,0,100,,14771,4,,,0,100,,14772,4,,,0,100,,14773,4,,,0,100,,14774,4,,,0,100,,14775,4,,,0,100,,14776,4,,,0,100,,14777,4,,,0,100,,14778,4,,,0,100,,14779,4,,,0,100,,14780,4,,,0,100,,14781,4,,,0
9100,'244.0.3',622,,14782,4,,,0,24,,14783,4,,,0,66,,14784,4,,,0,36,,14785,4,,,0,69,,14786,4,,,0,31,,14787,4,,,0,100,,14788,4,,,0,103,,14789,4,,,0,100,,14790,4,,,0,99,,14791,4,,,0,100,,14792,4,,,0,100,,14793,4,,,0,70,,14794,4,,,0,30,,14795,4,,,0,70,,14796,4,,,0,30,,14797,4,,,0,70,,14798,4,,,0,31,,14799,4,,,0,70,,14800,4,,,0,100,,14801,4,,,0,100,,14802,4,,,0,100,,14803,4,,,0,100,,14804,4,,,0
