100,'259.0.1',610,,17670,24,,,0,15,,17671,24,,,0,15,,17672,24,,,0,15,,17673,24,,,0,55,,17674,24,,,0,15,,17675,24,,,0,15,,17676,24,,,0,15,,17677,24,,,0,58,,17678,24,,,0,15,,17679,24,,,0,15,,17680,24,,,0,15,,17681,24,,,0,55,,17682,24,,,0,16,,17683,24,,,0,17,,17684,24,,,0,55,,17685,24,,,0,15,,17686,24,,,0,15,,17687,24,,,0,15,,17688,24,,,0,57,,17689,24,,,0,16,,17690,24,,,0,15,,17691,24,,,0,15,,17692,24,,,0,55,,17693,24,,,0,15,,17694,24,,,0,15,,17695,24,,,0,15,,17696,24,,,0,55,,17697,24,,,0,15,,17698,24,,,0,15,,17699,24,,,0,15,,17700,24,,,0,55,,17701,24,,,0,15,,17702,24,,,0,15,,17703,24,,,0,15,,17704,24,,,0,55,,17705,24,,,0,15,,17706,24,,,0,15,,17707,24,,,0,15,,17708,24,,,0,55,,17709,24,,,0,15,,17710,24,,,0,15,,17711,24,,,0,15,,17712,24,,,0,55,,17713,24,,,0,15,,17714,24,,,0,15,,17715,24,,,0,15,,17716,24,,,0,55,,17717,24,,,0,15,,17718,24,,,0,15,,17719,24,,,0,15,,17720,24,,,0,55,,17721,24,,,0,13,,17722,24,,,0,14,,17723,24,,,0,15,,17724,24,,,0,55,,17725,24,,,0,15,,17726,24,,,0,15,,17727,24,,,0,15,,17728,24,,,0,55,,17729,24,,,0,15,,17730,24,,,0,15,,17731,24,,,0,15,,17732,24,,,0,55,,17733,24,,,0,14,,17734,24,,,0,13,,17735,24,,,0,15,,17736,24,,,0,15,,17737,24,,,0,55,,17738,24,,,0,15,,17739,24,,,0,15,,17740,24,,,0,15,,17741,24,,,0,55,,17742,24,,,0,15,,17743,24,,,0,15,,17744,24,,,0,15,,17745,24,,,0
100,'259.0.2',611,,17746,24,,,0,15,,17747,24,,,0,15,,17748,24,,,0,15,,17749,24,,,0,55,,17750,24,,,0,15,,17751,24,,,0,15,,17752,24,,,0,15,,17753,24,,,0,55,,17754,24,,,0,15,,17755,24,,,0,18,,17756,24,,,0,15,,17757,24,,,0,55,,17758,24,,,0,15,,17759,24,,,0,15,,17760,24,,,0,15,,17761,24,,,0,56,,17762,24,,,0,17,,17763,24,,,0,15,,17764,24,,,0,55,,17765,24,,,0,15,,17766,24,,,0,15,,17767,24,,,0,15,,17768,24,,,0,56,,17769,24,,,0,16,,17770,24,,,0,15,,17771,24,,,0,15,,17772,24,,,0,55,,17773,24,,,0,15,,17774,24,,,0,15,,17775,24,,,0,15,,17776,24,,,0,55,,17777,24,,,0,15,,17778,24,,,0,15,,17779,24,,,0,15,,17780,24,,,0,55,,17781,24,,,0,15,,17782,24,,,0,15,,17783,24,,,0,15,,17784,24,,,0,55,,17785,24,,,0,15,,17786,24,,,0,15,,17787,24,,,0,15,,17788,24,,,0,55,,17789,24,,,0,15,,17790,24,,,0,15,,17791,24,,,0,15,,17792,24,,,0,55,,17793,24,,,0,15,,17794,24,,,0,13,,17795,24,,,0,13,,17796,24,,,0,55,,17797,24,,,0,15,,17798,24,,,0,15,,17799,24,,,0,15,,17800,24,,,0,55,,17801,24,,,0,15,,17802,24,,,0,15,,17803,24,,,0,70,,17804,24,,,0,30,,17805,24,,,0,70,,17806,24,,,0,28,,17807,24,,,0,30,,17808,24,,,0,70,,17809,24,,,0,30,,17810,24,,,0
100,'259.0.3',621,,17812,24,,,0,10,,17813,24,,,0,10,,17814,24,,,0,10,,17815,24,,,0,50,,17816,24,,,0,10,,17817,24,,,0,10,,17818,24,,,0,11,,17819,24,,,0,12,,17820,24,,,0,13,,17821,24,,,0,50,,17822,24,,,0,10,,17823,24,,,0,10,,17824,24,,,0,10,,17825,24,,,0,10,,17826,24,,,0,10,,17827,24,,,0,50,,17828,24,,,0,10,,17829,24,,,0,9,,17830,24,,,0,9,,17831,24,,,0,9,,17832,24,,,0,10,,17833,24,,,0,50,,17834,24,,,0,10,,17835,24,,,0,10,,17836,24,,,0,10,,17837,24,,,0,10,,17838,24,,,0,10,,17839,24,,,0,50,,17840,24,,,0,10,,17841,24,,,0,10,,17842,24,,,0,10,,17843,24,,,0,10,,17844,24,,,0,10,,17845,24,,,0,50,,17846,24,,,0,10,,17847,24,,,0,10,,17848,24,,,0,10,,17849,24,,,0,10,,17850,24,,,0,10,,17851,24,,,0,50,,17852,24,,,0,10,,17853,24,,,0,10,,17854,24,,,0,10,,17855,24,,,0,10,,17856,24,,,0,10,,17857,24,,,0,50,,17858,24,,,0,10,,17859,24,,,0,10,,17860,24,,,0,10,,17861,24,,,0,10,,17862,24,,,0,10,,17863,24,,,0,50,,17864,24,,,0,11,,17865,24,,,0,10,,17866,24,,,0,12,,17867,24,,,0,10,,17868,24,,,0,10,,17869,24,,,0,50,,17870,24,,,0,10,,17871,24,,,0,10,,17872,24,,,0,10,,17873,24,,,0,10,,17874,24,,,0,10,,17875,24,,,0,50,,17876,24,,,0,10,,17877,24,,,0,10,,17878,24,,,0,10,,17879,24,,,0,10,,17880,24,,,0,10,,17881,24,,,0,48,,17882,24,,,0,8,,17883,24,,,0,8,,17884,24,,,0,10,,17885,24,,,0,10,,17886,24,,,0,10,,17887,24,,,0,50,,17888,24,,,0,10,,17889,24,,,0,10,,17890,24,,,0,10,,17891,24,,,0,10,,17892,24,,,0,10,,17893,24,,,0,50,,17894,24,,,0,10,,17895,24,,,0,10,,17896,24,,,0,10,,17897,24,,,0,10,,17898,24,,,0,10,,17899,24,,,0,50,,17900,24,,,0,10,,17901,24,,,0,10,,17902,24,,,0,10,,17903,24,,,0,10,,17904,24,,,0,10,,17905,24,,,0,50,,17906,24,,,0,10,,17907,24,,,0,8,,17908,24,,,0,15,,17909,24,,,0,15,,17910,24,,,0,55,,17911,24,,,0,15,,17912,24,,,0,15,,17913,24,,,0,15,,17914,24,,,0,55,,17915,24,,,0,15,,17916,24,,,0,15,,17917,24,,,0,15,,17918,24,,,0
801,'259.0.1',620,,19511,80,,,0,30,,19512,80,,,0,70,,19513,80,,,0,30,,19514,80,,,0,73,,19515,80,,,0,33,,19516,80,,,0,70,,19517,80,,,0,31,,19518,80,,,0,74,,19519,80,,,0,74,,19520,80,,,0,30,,19521,80,,,0,70,,19522,80,,,0,30,,19523,80,,,0,72,,19524,80,,,0,31,,19525,80,,,0,71,,19526,80,,,0,30,,19527,80,,,0,70,,19528,80,,,0,30,,19529,80,,,0,70,,19530,80,,,0,30,,19531,80,,,0,70,,19532,80,,,0,30,,19533,80,,,0,67,,19534,80,,,0,28,,19535,80,,,0,69,,19536,80,,,0,30,,19537,80,,,0,25,,19538,80,,,0,65,,19539,80,,,0,29,,19540,80,,,0,70,,19541,80,,,0,30,,19542,80,,,0,70,,19543,80,,,0,30,,19544,80,,,0,70,,19545,80,,,0,30,,19546,80,,,0,70,,19547,80,,,0,100,,19548,80,,,0
801,'259.0.2',626,,19549,80,,,0,30,,19550,80,,,0,70,,19551,80,,,0,30,,19552,80,,,0,70,,19553,80,,,0,30,,19554,80,,,0,72,,19555,80,,,0,75,,19556,80,,,0,30,,19557,80,,,0,72,,19558,80,,,0,33,,19559,80,,,0,70,,19560,80,,,0,30,,19561,80,,,0,70,,19562,80,,,0,30,,19563,80,,,0,70,,19564,80,,,0,30,,19565,80,,,0,70,,19566,80,,,0,30,,19567,80,,,0,70,,19568,80,,,0,30,,19569,80,,,0,70,,19570,80,,,0,30,,19571,80,,,0,70,,19572,80,,,0,25,,19573,80,,,0,68,,19574,80,,,0,30,,19575,80,,,0,70,,19576,80,,,0,30,,19577,80,,,0,70,,19578,80,,,0,26,,19579,80,,,0,27,,19580,80,,,0,70,,19581,80,,,0,30,,19582,80,,,0,100,,19583,80,,,0,100,,19584,80,,,0
801,'259.0.3',615,,19585,80,,,0,30,,19586,80,,,0,73,,19587,80,,,0,24,,19588,80,,,0,70,,19589,80,,,0,20,,19590,80,,,0,20,,19591,80,,,0,60,,19592,80,,,0,16,,19593,80,,,0,16,,19594,80,,,0,57,,19595,80,,,0,20,,19596,80,,,0,20,,19597,80,,,0,60,,19598,80,,,0,20,,19599,80,,,0,20,,19600,80,,,0,60,,19601,80,,,0,20,,19602,80,,,0,20,,19603,80,,,0,60,,19604,80,,,0,20,,19605,80,,,0,20,,19606,80,,,0,60,,19607,80,,,0,20,,19608,80,,,0,20,,19609,80,,,0,60,,19610,80,,,0,24,,19611,80,,,0,20,,19612,80,,,0,63,,19613,80,,,0,33,,19614,80,,,0,70,,19615,80,,,0,30,,19616,80,,,0,70,,19617,80,,,0,17,,19618,80,,,0,25,,19619,80,,,0,68,,19620,80,,,0,30,,19621,80,,,0,70,,19622,80,,,0,30,,19623,80,,,0,70,,19624,80,,,0,26,,19625,80,,,0,69,,19626,80,,,0,30,,19627,80,,,0,70,,19628,80,,,0,30,,19629,80,,,0,70,,19630,80,,,0,30,,19631,80,,,0,70,,19632,80,,,0
12300,'259.0.3',644,,23700,38,,,0,70,,23702,38,,,0,111,,23703,38,,,0,29,,23704,38,,,0,66,,23701,38,,,0
12300,'259.1141.3',752,,23705,38,,,0
12300,'259.1143.3',752,,23706,38,,,0
12700,'259.0.3',647,,23720,28,,,0,58,,23721,28,,,0,22,,23722,28,,,0,11,,23723,28,,,0,9,,23724,28,,,0,60,,23725,28,,,0,15,,23726,28,,,0,15,,23727,28,,,0,5,,23728,28,,,0
13501,'259.0.3',1522,,23748,7,,,0,30,,23749,7,,,0,70,,23750,7,,,0,30,,23751,7,,,0,70,,23752,7,,,0,30,,23753,7,,,0,70,,23754,7,,,0
13601,'259.0.3',1512,,23763,7,,,0,30,,23764,7,,,0,70,,23765,7,,,0,14,,23766,7,,,0,15,,23767,7,,,0,70,,23768,7,,,0,31,,23769,7,,,0,70,,23770,7,,,0
13701,'259.0.3',1532,,23777,7,,,0,70,,23778,7,,,0,30,,23779,7,,,0,70,,23780,7,,,0,30,,23781,7,,,0,70,,23782,7,,,0
13801,'259.0.3',1537,,23790,7,,,0,70,,23791,7,,,0,29,,23792,7,,,0,70,,23793,7,,,0,31,,23794,7,,,0,70,,23795,7,,,0,20,,23796,7,,,0
15800,'259.0.3',1546,,23797,7,,,0,71,,23798,7,,,0,31,,23799,7,,,0,70,,23800,7,,,0
15900,'259.0.3',1509,,23805,7,,,0,20,,23806,7,,,0,20,,23807,7,,,0,61,,23808,7,,,0,20,,23809,7,,,0,21,,23812,7,,,0,59,,23813,7,,,0,20,,23810,7,,,0,19,,23811,7,,,0
16101,'259.0.3',1513,,23834,7,,,0,30,,23829,7,,,0,71,,23830,7,,,0,31,,23831,7,,,0,70,,23832,7,,,0,28,,23833,7,,,0
16500,'259.0.3',1526,,23835,7,,,0,31,,23836,7,,,0,70,,23837,7,,,0,31,,23838,7,,,0,70,,23839,7,,,0,30,,23840,7,,,0
18200,'259.0.3',1456,,23847,5,,,0,55,,23848,5,,,0,15,,23849,5,,,0,15,,23850,5,,,0,15,,23851,5,,,0,55,,23852,5,,,0,14,,23853,5,,,0,15,,23854,5,,,0,15,,23855,5,,,0,56,,23856,5,,,0,15,,23857,5,,,0,16,,23858,5,,,0,15,,23860,5,,,0,54,,23859,5,,,0,16,,23861,5,,,0
18300,'259.0.3',1500,,23875,5,,,0,30,,23876,5,,,0,72,,23877,5,,,0,30,,23878,5,,,0,69,,23879,5,,,0,28,,23880,5,,,0,30,,23881,5,,,0
18500,'259.0.3',1508,,23888,5,,,0,15,,23889,5,,,0,15,,23890,5,,,0,17,,23891,5,,,0,55,,23892,5,,,0,15,,23893,5,,,0,15,,23894,5,,,0,15,,23895,5,,,0,52,,23896,5,,,0,15,,23899,5,,,0,15,,23897,5,,,0,15,,23900,5,,,0,55,,23898,5,,,0,15,,23901,5,,,0
18600,'259.0.3',1515,,23914,5,,,0,31,,23915,5,,,0,71,,23916,5,,,0,30,,23919,5,,,0,67,,23917,5,,,0,30,,23918,5,,,0
19200,'259.0.3',1518,,23926,5,,,0,30,,23927,5,,,0,70,,23928,5,,,0,30,,23929,5,,,0,70,,23930,5,,,0,30,,23931,5,,,0
19401,'259.0.3',1539,,23942,5,,,0,70,,23943,5,,,0,31,,23944,5,,,0,70,,23945,5,,,0
19600,'259.0.3',1541,,23946,5,,,0,70,,23947,5,,,0,30,,23948,5,,,0,71,,23949,5,,,0
1000901,'259.0.1',720,,24620,54,,,0,100,,24621,54,,,0,104,,24622,54,,,0,100,,24623,54,,,0,100,,24624,54,,,0,100,,24625,54,,,0,100,,24626,54,,,0,100,,24627,54,,,0,100,,24628,54,,,0,100,,24629,54,,,0,100,,24630,54,,,0,95,,24631,54,,,0,100,,24632,54,,,0,100,,24633,54,,,0,97,,24634,54,,,0,100,,24635,54,,,0,100,,24636,54,,,0,100,,24637,54,,,0
1000901,'259.0.2',714,,24638,54,,,0,98,,24639,54,,,0,105,,24640,54,,,0,100,,24641,54,,,0,104,,24642,54,,,0,100,,24643,54,,,0,100,,24644,54,,,0,100,,24645,54,,,0,100,,24646,54,,,0,100,,24647,54,,,0,100,,24648,54,,,0,100,,24649,54,,,0,100,,24650,54,,,0,96,,24651,54,,,0,96,,24652,54,,,0,100,,24653,54,,,0,99,,24654,54,,,0,99,,24655,54,,,0
1000901,'259.0.3',604,,24656,54,,,0,27,,24657,54,,,0,25,,24658,54,,,0,50,,24659,54,,,0,7,,24660,54,,,0,17,,24661,54,,,0,23,,24662,54,,,0,5,,24663,54,,,0,55,,24664,54,,,0,10,,24665,54,,,0,20,,24666,54,,,0,10,,24667,54,,,0,59,,24668,54,,,0,9,,24669,54,,,0,8,,24670,54,,,0,10,,24671,54,,,0,65,,24672,54,,,0,15,,24673,54,,,0,15,,24674,54,,,0,70,,24675,54,,,0,15,,24676,54,,,0,15,,24677,54,,,0,70,,24678,54,,,0,15,,24679,54,,,0,15,,24680,54,,,0,70,,24681,54,,,0,15,,24682,54,,,0,15,,24683,54,,,0,70,,24684,54,,,0,15,,24685,54,,,0,15,,24686,54,,,0,70,,24687,54,,,0,17,,24688,54,,,0,15,,24689,54,,,0,69,,24690,54,,,0,25,,24691,54,,,0,5,,24692,54,,,0,65,,24693,54,,,0,10,,24694,54,,,0,20,,24695,54,,,0,10,,24696,54,,,0,60,,24697,54,,,0,10,,24698,54,,,0,18,,24699,54,,,0,9,,24700,54,,,0,17,,24701,54,,,0,50,,24702,54,,,0,25,,24703,54,,,0,30,,24704,54,,,0,71,,24705,54,,,0,29,,24706,54,,,0,66,,24707,54,,,0,25,,24708,54,,,0,70,,24709,54,,,0,35,,24710,54,,,0,60,,24711,54,,,0,40,,24712,54,,,0,60,,24713,54,,,0,40,,24714,54,,,0,60,,24715,54,,,0
1001000,'259.0.3',631,,24716,15,,,0,19,,24717,15,,,0,59,,24718,15,,,0,28,,24719,15,,,0,18,,24720,15,,,0,60,,24721,15,,,0,20,,24722,15,,,0,20,,24723,15,,,0,60,,24724,15,,,0,500,,24725,15,,,0,19,,24726,15,,,0,20,,24727,15,,,0,60,,24728,15,,,0,20,,24729,15,,,0,22,,24730,15,,,0,60,,24731,15,,,0,20,,24732,15,,,0,20,,24733,15,,,0,50,,24734,15,,,0,29,,24735,15,,,0,20,,24736,15,,,0,60,,24737,15,,,0,17,,24738,15,,,0
1016800,'259.0.3',1505,,25091,7,,,0,30,,25092,7,,,0,71,,25093,7,,,0,31,,25094,7,,,0,70,,25095,7,,,0,29,,25096,7,,,0,70,,25097,7,,,0
2000701,'259.0.1',616,,25411,30,,,0,20,,25412,30,,,0,20,,25413,30,,,0,60,,25414,30,,,0,20,,25415,30,,,0,20,,25416,30,,,0,61,,25417,30,,,0,19,,25418,30,,,0,20,,25419,30,,,0,60,,25420,30,,,0,21,,25421,30,,,0,19,,25422,30,,,0,60,,25423,30,,,0,20,,25424,30,,,0,20,,25425,30,,,0,60,,25426,30,,,0,20,,25427,30,,,0,20,,25428,30,,,0,60,,25429,30,,,0,20,,25430,30,,,0,20,,25431,30,,,0,60,,25432,30,,,0,20,,25433,30,,,0,20,,25434,30,,,0,60,,25435,30,,,0,20,,25436,30,,,0,20,,25437,30,,,0,60,,25438,30,,,0,20,,25439,30,,,0,20,,25440,30,,,0,60,,25441,30,,,0,20,,25442,30,,,0,20,,25443,30,,,0,60,,25444,30,,,0,20,,25445,30,,,0,20,,25446,30,,,0,60,,25447,30,,,0,20,,25448,30,,,0,20,,25449,30,,,0,60,,25450,30,,,0,20,,25451,30,,,0,20,,25452,30,,,0,61,,25453,30,,,0,20,,25454,30,,,0,20,,25455,30,,,0,60,,25456,30,,,0,20,,25457,30,,,0,20,,25458,30,,,0,60,,25459,30,,,0,20,,25460,30,,,0,20,,25461,30,,,0,60,,25462,30,,,0,20,,25463,30,,,0,20,,25464,30,,,0
2000701,'259.0.2',617,,25465,30,,,0,30,,25466,30,,,0,70,,25467,30,,,0,30,,25468,30,,,0,70,,25469,30,,,0,30,,25470,30,,,0,70,,25471,30,,,0,29,,25472,30,,,0,70,,25473,30,,,0,30,,25474,30,,,0,70,,25475,30,,,0,30,,25476,30,,,0,70,,25477,30,,,0,30,,25478,30,,,0,70,,25479,30,,,0,30,,25480,30,,,0,70,,25481,30,,,0,30,,25482,30,,,0,70,,25483,30,,,0,30,,25484,30,,,0,70,,25485,30,,,0,30,,25486,30,,,0,70,,25487,30,,,0,30,,25488,30,,,0,70,,25489,30,,,0,30,,25490,30,,,0,70,,25491,30,,,0,30,,25492,30,,,0,70,,25493,30,,,0,30,,25494,30,,,0,70,,25495,30,,,0,30,,25496,30,,,0,70,,25497,30,,,0,30,,25498,30,,,0,70,,25499,30,,,0,30,,25500,30,,,0
2000701,'259.0.3',609,,25501,30,,,0,15,,25502,30,,,0,15,,25503,30,,,0,15,,25504,30,,,0,55,,25505,30,,,0,15,,25506,30,,,0,15,,25507,30,,,0,18,,25508,30,,,0,59,,25509,30,,,0,15,,25510,30,,,0,15,,25511,30,,,0,55,,25512,30,,,0,14,,25513,30,,,0,13,,25514,30,,,0,15,,25515,30,,,0,15,,25516,30,,,0,55,,25517,30,,,0,15,,25518,30,,,0,15,,25519,30,,,0,15,,25520,30,,,0,55,,25521,30,,,0,15,,25522,30,,,0,15,,25523,30,,,0,15,,25524,30,,,0,55,,25525,30,,,0,15,,25526,30,,,0,15,,25527,30,,,0,15,,25528,30,,,0,55,,25529,30,,,0,15,,25530,30,,,0,15,,25531,30,,,0,15,,25532,30,,,0,55,,25533,30,,,0,15,,25534,30,,,0,15,,25535,30,,,0,15,,25536,30,,,0,55,,25537,30,,,0,17,,25538,30,,,0,15,,25539,30,,,0,55,,25540,30,,,0,15,,25541,30,,,0,15,,25542,30,,,0,15,,25543,30,,,0,55,,25544,30,,,0,15,,25545,30,,,0,15,,25546,30,,,0,12,,25547,30,,,0,14,,25548,30,,,0,55,,25549,30,,,0,15,,25550,30,,,0,15,,25551,30,,,0,15,,25552,30,,,0,53,,25553,30,,,0,13,,25554,30,,,0,15,,25555,30,,,0,15,,25556,30,,,0,55,,25557,30,,,0,15,,25558,30,,,0,15,,25559,30,,,0,15,,25560,30,,,0,55,,25561,30,,,0,15,,25562,30,,,0,15,,25563,30,,,0,15,,25564,30,,,0,55,,25565,30,,,0,15,,25566,30,,,0,15,,25567,30,,,0,15,,25568,30,,,0,55,,25569,30,,,0,30,,25570,30,,,0,70,,25571,30,,,0,30,,25572,30,,,0,70,,25573,30,,,0
2000901,'259.0.1',651,,25643,70,,,0,100,,25644,70,,,0,99,,25645,70,,,0,104,,25646,70,,,0,100,,25647,70,,,0,100,,25648,70,,,0,100,,25649,70,,,0,100,,25650,70,,,0,100,,25651,70,,,0,100,,25652,70,,,0,100,,25653,70,,,0,100,,25654,70,,,0,96,,25655,70,,,0,100,,25656,70,,,0,97,,25657,70,,,0,100,,25658,70,,,0,100,,25659,70,,,0,100,,25660,70,,,0,100,,25661,70,,,0
2000901,'259.0.2',644,,25662,70,,,0,100,,25663,70,,,0,98,,25664,70,,,0,106,,25665,70,,,0,100,,25666,70,,,0,103,,25667,70,,,0,100,,25668,70,,,0,100,,25669,70,,,0,100,,25670,70,,,0,100,,25671,70,,,0,100,,25672,70,,,0,100,,25673,70,,,0,100,,25674,70,,,0,100,,25675,70,,,0,93,,25676,70,,,0,100,,25677,70,,,0,100,,25678,70,,,0,96,,25679,70,,,0,100,,25680,70,,,0
2000901,'259.0.3',617,,25681,70,,,0,30,,25682,70,,,0,71,,25683,70,,,0,85,,25684,70,,,0,30,,25685,70,,,0,69,,25686,70,,,0,18,,25687,70,,,0,29,,25688,70,,,0,100,,25689,70,,,0,100,,25690,70,,,0,100,,25691,70,,,0,100,,25692,70,,,0,100,,25693,70,,,0,102,,25694,70,,,0,70,,25695,70,,,0,30,,25696,70,,,0,70,,25697,70,,,0,30,,25698,70,,,0,70,,25699,70,,,0,24,,25700,70,,,0,69,,25701,70,,,0,30,,25702,70,,,0,70,,25703,70,,,0,30,,25704,70,,,0,70,,25705,70,,,0,25,,25706,70,,,0,62,,25707,70,,,0,30,,25708,70,,,0,100,,25709,70,,,0,100,,25710,70,,,0
2001000,'259.0.1',640,,25713,15,,,0,85,,25714,15,,,0,30,,25715,15,,,0,70,,25716,15,,,0,30,,25717,15,,,0,70,,25718,15,,,0,33,,25719,15,,,0,70,,25720,15,,,0,30,,25721,15,,,0,71,,25722,15,,,0,30,,25723,15,,,0,70,,25724,15,,,0,30,,25725,15,,,0,70,,25726,15,,,0,30,,25727,15,,,0,70,,25728,15,,,0,30,,25729,15,,,0,70,,25730,15,,,0,30,,25731,15,,,0,70,,25732,15,,,0,30,,25733,15,,,0,70,,25734,15,,,0,30,,25735,15,,,0,70,,25736,15,,,0,29,,25737,15,,,0,70,,25738,15,,,0,30,,25739,15,,,0,85,,25740,15,,,0,98,,25741,15,,,0,100,,25742,15,,,0,100,,25743,15,,,0
2001000,'259.0.2',640,,25744,15,,,0,115,,25745,15,,,0,70,,25746,15,,,0,30,,25747,15,,,0,70,,25748,15,,,0,32,,25749,15,,,0,70,,25750,15,,,0,30,,25751,15,,,0,70,,25752,15,,,0,30,,25753,15,,,0,70,,25754,15,,,0,30,,25755,15,,,0,70,,25756,15,,,0,31,,25757,15,,,0,70,,25758,15,,,0,30,,25759,15,,,0,70,,25760,15,,,0,30,,25761,15,,,0,70,,25762,15,,,0,30,,25763,15,,,0,70,,25764,15,,,0,30,,25765,15,,,0,85,,25766,15,,,0,97,,25767,15,,,0,100,,25768,15,,,0,100,,25769,15,,,0,100,,25770,15,,,0,100,,25771,15,,,0,100,,25772,15,,,0
2001000,'259.0.3',553,,25773,15,,,0,91,,25774,15,,,0,60,,25775,15,,,0,20,,25776,15,,,0,20,,25777,15,,,0,63,,25778,15,,,0,21,,25779,15,,,0,20,,25780,15,,,0,60,,25781,15,,,0,37,,25782,15,,,0,70,,25783,15,,,0,30,,25784,15,,,0,70,,25785,15,,,0,30,,25786,15,,,0,70,,25787,15,,,0,30,,25788,15,,,0,70,,25789,15,,,0,30,,25790,15,,,0,65,,25791,15,,,0,17,,25792,15,,,0,20,,25793,15,,,0,60,,25794,15,,,0,20,,25795,15,,,0,22,,25796,15,,,0,60,,25797,15,,,0,20,,25798,15,,,0,20,,25799,15,,,0,60,,25800,15,,,0,19,,25801,15,,,0,20,,25802,15,,,0,60,,25803,15,,,0,17,,25804,15,,,0,23,,25805,15,,,0,60,,25806,15,,,0,24,,25807,15,,,0,70,,25808,15,,,0,30,,25809,15,,,0,70,,25810,15,,,0,30,,25811,15,,,0
2016800,'259.0.3',1522,,26115,7,,,0,31,,26116,7,,,0,70,,26117,7,,,0,31,,26118,7,,,0,70,,26119,7,,,0,28,,26120,7,,,0
3001000,'259.0.1',610,,26275,15,,,0,100,,26276,15,,,0,30,,26277,15,,,0,70,,26278,15,,,0,30,,26279,15,,,0,70,,26280,15,,,0,33,,26281,15,,,0,70,,26282,15,,,0,30,,26283,15,,,0,70,,26284,15,,,0,31,,26285,15,,,0,70,,26286,15,,,0,30,,26287,15,,,0,70,,26288,15,,,0,30,,26289,15,,,0,70,,26290,15,,,0,30,,26291,15,,,0,70,,26292,15,,,0,30,,26293,15,,,0,70,,26294,15,,,0,30,,26295,15,,,0,70,,26296,15,,,0,30,,26297,15,,,0,70,,26298,15,,,0,29,,26299,15,,,0,70,,26300,15,,,0,100,,26301,15,,,0,100,,26302,15,,,0,98,,26303,15,,,0,100,,26304,15,,,0,100,,26305,15,,,0
3001000,'259.0.2',610,,26307,15,,,0,100,,26308,15,,,0,30,,26309,15,,,0,70,,26310,15,,,0,30,,26311,15,,,0,70,,26312,15,,,0,30,,26313,15,,,0,72,,26314,15,,,0,30,,26315,15,,,0,70,,26316,15,,,0,30,,26317,15,,,0,70,,26318,15,,,0,30,,26319,15,,,0,70,,26320,15,,,0,30,,26321,15,,,0,71,,26322,15,,,0,30,,26323,15,,,0,70,,26324,15,,,0,30,,26325,15,,,0,70,,26326,15,,,0,30,,26327,15,,,0,70,,26328,15,,,0,30,,26329,15,,,0,70,,26330,15,,,0,100,,26331,15,,,0,97,,26332,15,,,0,100,,26333,15,,,0,100,,26334,15,,,0,100,,26335,15,,,0
3001000,'259.0.3',558,,26339,15,,,0,59,,26340,15,,,0,20,,26341,15,,,0,19,,26342,15,,,0,58,,26343,15,,,0,17,,26344,15,,,0,18,,26345,15,,,0,73,,26346,15,,,0,20,,26347,15,,,0,60,,26348,15,,,0,28,,26349,15,,,0,70,,26350,15,,,0,30,,26351,15,,,0,70,,26352,15,,,0,30,,26353,15,,,0,70,,26354,15,,,0,30,,26355,15,,,0,70,,26356,15,,,0,30,,26357,15,,,0,70,,26358,15,,,0,20,,26359,15,,,0,20,,26360,15,,,0,60,,26361,15,,,0,20,,26362,15,,,0,20,,26363,15,,,0,62,,26364,15,,,0,20,,26365,15,,,0,20,,26366,15,,,0,60,,26367,15,,,0,19,,26368,15,,,0,20,,26369,15,,,0,60,,26370,15,,,0,17,,26371,15,,,0,20,,26372,15,,,0,20,,26373,15,,,0,59,,26374,15,,,0,30,,26375,15,,,0,70,,26376,15,,,0,30,,26377,15,,,0,70,,26378,15,,,0,30,,26379,15,,,0,67,,26380,15,,,0,30,,26381,15,,,0,70,,26382,15,,,0,30,,26383,15,,,0,70,,26384,15,,,0
