201,'259.0.1',606,,18331,15,,,0,100,,18332,15,,,0,100,,18333,15,,,0,15,,18334,15,,,0,15,,18335,15,,,0,15,,18336,15,,,0,55,,18337,15,,,0,15,,18338,15,,,0,15,,18339,15,,,0,15,,18340,15,,,0,55,,18341,15,,,0,16,,18342,15,,,0,15,,18343,15,,,0,15,,18344,15,,,0,55,,18345,15,,,0,15,,18346,15,,,0,15,,18347,15,,,0,15,,18348,15,,,0,55,,18349,15,,,0,15,,18350,15,,,0,15,,18351,15,,,0,15,,18352,15,,,0,55,,18353,15,,,0,15,,18354,15,,,0,15,,18355,15,,,0,15,,18356,15,,,0,55,,18357,15,,,0,15,,18358,15,,,0,15,,18359,15,,,0,15,,18360,15,,,0,55,,18361,15,,,0,15,,18362,15,,,0,15,,18363,15,,,0,15,,18364,15,,,0,55,,18365,15,,,0,15,,18366,15,,,0,14,,18367,15,,,0,15,,18368,15,,,0,55,,18369,15,,,0,15,,18370,15,,,0,15,,18371,15,,,0,15,,18372,15,,,0,55,,18373,15,,,0,15,,18374,15,,,0,15,,18375,15,,,0,14,,18376,15,,,0,55,,18377,15,,,0,30,,18378,15,,,0,70,,18379,15,,,0,30,,18380,15,,,0,70,,18381,15,,,0,30,,18382,15,,,0,70,,18383,15,,,0,30,,18384,15,,,0,70,,18385,15,,,0,30,,18386,15,,,0,70,,18387,15,,,0,30,,18388,15,,,0
201,'259.0.2',615,,18389,15,,,0,100,,18390,15,,,0,95,,18391,15,,,0,20,,18392,15,,,0,20,,18393,15,,,0,60,,18394,15,,,0,20,,18395,15,,,0,21,,18396,15,,,0,60,,18397,15,,,0,20,,18398,15,,,0,20,,18399,15,,,0,60,,18400,15,,,0,20,,18401,15,,,0,20,,18402,15,,,0,60,,18403,15,,,0,20,,18404,15,,,0,20,,18405,15,,,0,60,,18406,15,,,0,20,,18407,15,,,0,20,,18408,15,,,0,60,,18409,15,,,0,20,,18410,15,,,0,20,,18411,15,,,0,60,,18412,15,,,0,20,,18413,15,,,0,20,,18414,15,,,0,60,,18415,15,,,0,20,,18416,15,,,0,20,,18417,15,,,0,60,,18418,15,,,0,20,,18419,15,,,0,20,,18420,15,,,0,55,,18421,15,,,0,30,,18422,15,,,0,69,,18423,15,,,0,30,,18424,15,,,0,70,,18425,15,,,0,30,,18426,15,,,0,70,,18427,15,,,0,30,,18428,15,,,0,70,,18429,15,,,0,30,,18430,15,,,0,70,,18431,15,,,0,30,,18432,15,,,0,70,,18433,15,,,0
201,'259.0.3',536,,18434,15,,,0,70,,18435,15,,,0,30,,18436,15,,,0,15,,18437,15,,,0,55,,18438,15,,,0,17,,18439,15,,,0,17,,18440,15,,,0,15,,18441,15,,,0,55,,18442,15,,,0,15,,18443,15,,,0,15,,18444,15,,,0,15,,18445,15,,,0,54,,18446,15,,,0,15,,18447,15,,,0,15,,18448,15,,,0,15,,18449,15,,,0,55,,18450,15,,,0,15,,18451,15,,,0,15,,18452,15,,,0,15,,18453,15,,,0,55,,18454,15,,,0,15,,18455,15,,,0,15,,18456,15,,,0,15,,18457,15,,,0,55,,18458,15,,,0,15,,18459,15,,,0,15,,18460,15,,,0,15,,18461,15,,,0,55,,18462,15,,,0,15,,18463,15,,,0,15,,18464,15,,,0,15,,18465,15,,,0,55,,18466,15,,,0,15,,18467,15,,,0,15,,18468,15,,,0,15,,18469,15,,,0,55,,18470,15,,,0,15,,18471,15,,,0,15,,18472,15,,,0,15,,18473,15,,,0,55,,18474,15,,,0,15,,18475,15,,,0,15,,18476,15,,,0,15,,18477,15,,,0,55,,18478,15,,,0,15,,18479,15,,,0,15,,18480,15,,,0,14,,18481,15,,,0,55,,18482,15,,,0,15,,18483,15,,,0,15,,18484,15,,,0,70,,18485,15,,,0,30,,18486,15,,,0,70,,18487,15,,,0,30,,18488,15,,,0,70,,18489,15,,,0,30,,18490,15,,,0,70,,18491,15,,,0,30,,18492,15,,,0,70,,18493,15,,,0,30,,18494,15,,,0,70,,18495,15,,,0,30,,18496,15,,,0
301,'259.0.1',613,,18639,13,,,0,100,,18640,13,,,0,100,,18641,13,,,0,30,,18642,13,,,0,70,,18643,13,,,0,30,,18644,13,,,0,70,,18645,13,,,0,31,,18646,13,,,0,70,,18647,13,,,0,30,,18648,13,,,0,70,,18649,13,,,0,30,,18650,13,,,0,70,,18651,13,,,0,30,,18652,13,,,0,70,,18653,13,,,0,30,,18654,13,,,0,70,,18655,13,,,0,30,,18656,13,,,0,70,,18657,13,,,0,30,,18658,13,,,0,70,,18659,13,,,0,30,,18660,13,,,0,68,,18661,13,,,0,30,,18662,13,,,0,70,,18663,13,,,0,30,,18664,13,,,0,70,,18665,13,,,0,30,,18666,13,,,0,70,,18667,13,,,0,30,,18668,13,,,0,70,,18669,13,,,0,30,,18670,13,,,0,70,,18671,13,,,0,30,,18672,13,,,0,70,,18673,13,,,0,30,,18674,13,,,0
301,'259.0.2',612,,18675,13,,,0,100,,18676,13,,,0,100,,18677,13,,,0,30,,18678,13,,,0,70,,18679,13,,,0,20,,18680,13,,,0,20,,18681,13,,,0,60,,18682,13,,,0,20,,18683,13,,,0,20,,18684,13,,,0,60,,18685,13,,,0,20,,18686,13,,,0,20,,18687,13,,,0,60,,18688,13,,,0,20,,18689,13,,,0,20,,18690,13,,,0,60,,18691,13,,,0,20,,18692,13,,,0,20,,18693,13,,,0,60,,18694,13,,,0,20,,18695,13,,,0,20,,18696,13,,,0,60,,18697,13,,,0,20,,18698,13,,,0,20,,18699,13,,,0,60,,18700,13,,,0,20,,18701,13,,,0,20,,18702,13,,,0,60,,18703,13,,,0,20,,18704,13,,,0,20,,18705,13,,,0,60,,18706,13,,,0,30,,18707,13,,,0,70,,18708,13,,,0,30,,18709,13,,,0,70,,18710,13,,,0,30,,18711,13,,,0,69,,18712,13,,,0,30,,18713,13,,,0,70,,18714,13,,,0,30,,18715,13,,,0,70,,18716,13,,,0,30,,18717,13,,,0,70,,18718,13,,,0
301,'259.0.3',542,,18719,13,,,0,70,,18720,13,,,0,15,,18721,13,,,0,15,,18722,13,,,0,15,,18723,13,,,0,55,,18724,13,,,0,16,,18725,13,,,0,16,,18726,13,,,0,15,,18727,13,,,0,55,,18728,13,,,0,15,,18729,13,,,0,15,,18730,13,,,0,15,,18731,13,,,0,55,,18732,13,,,0,19,,18733,13,,,0,20,,18734,13,,,0,60,,18735,13,,,0,20,,18736,13,,,0,20,,18737,13,,,0,60,,18738,13,,,0,20,,18739,13,,,0,20,,18740,13,,,0,60,,18741,13,,,0,20,,18742,13,,,0,20,,18743,13,,,0,60,,18744,13,,,0,20,,18745,13,,,0,20,,18746,13,,,0,60,,18747,13,,,0,20,,18748,13,,,0,20,,18749,13,,,0,62,,18750,13,,,0,15,,18751,13,,,0,15,,18752,13,,,0,55,,18753,13,,,0,15,,18754,13,,,0,15,,18755,13,,,0,15,,18756,13,,,0,55,,18757,13,,,0,15,,18758,13,,,0,15,,18759,13,,,0,15,,18760,13,,,0,13,,18761,13,,,0,54,,18762,13,,,0,15,,18763,13,,,0,15,,18764,13,,,0,60,,18765,13,,,0,20,,18766,13,,,0,20,,18767,13,,,0,60,,18768,13,,,0,20,,18769,13,,,0,20,,18770,13,,,0,60,,18771,13,,,0,10,,18772,13,,,0,30,,18773,13,,,0,70,,18774,13,,,0,29,,18775,13,,,0,70,,18776,13,,,0,33,,18777,13,,,0,70,,18778,13,,,0,30,,18779,13,,,0
801,'259.0.1',557,,19511,52,,,0,70,,19512,52,,,0,30,,19513,52,,,0,70,,19514,52,,,0,31,,19515,52,,,0,73,,19516,52,,,0,70,,19517,52,,,0,30,,19518,52,,,0,71,,19519,52,,,0,34,,19520,52,,,0,70,,19521,52,,,0,30,,19522,52,,,0,70,,19523,52,,,0,30,,19524,52,,,0,72,,19525,52,,,0,31,,19526,52,,,0,70,,19527,52,,,0,30,,19528,52,,,0,70,,19529,52,,,0,30,,19530,52,,,0,70,,19531,52,,,0,30,,19532,52,,,0,70,,19533,52,,,0,29,,19534,52,,,0,68,,19535,52,,,0,29,,19536,52,,,0,70,,19537,52,,,0,29,,19538,52,,,0,25,,19539,52,,,0,69,,19540,52,,,0,30,,19541,52,,,0,70,,19542,52,,,0,30,,19543,52,,,0,70,,19544,52,,,0,30,,19545,52,,,0,70,,19546,52,,,0,30,,19547,52,,,0,100,,19548,52,,,0
801,'259.0.2',602,,19549,52,,,0,30,,19550,52,,,0,70,,19551,52,,,0,30,,19552,52,,,0,70,,19553,52,,,0,30,,19554,52,,,0,70,,19555,52,,,0,35,,19556,52,,,0,70,,19557,52,,,0,30,,19558,52,,,0,71,,19559,52,,,0,30,,19560,52,,,0,70,,19561,52,,,0,30,,19562,52,,,0,70,,19563,52,,,0,30,,19564,52,,,0,70,,19565,52,,,0,30,,19566,52,,,0,70,,19567,52,,,0,30,,19568,52,,,0,70,,19569,52,,,0,30,,19570,52,,,0,70,,19571,52,,,0,30,,19572,52,,,0,69,,19573,52,,,0,28,,19574,52,,,0,70,,19575,52,,,0,30,,19576,52,,,0,70,,19577,52,,,0,30,,19578,52,,,0,69,,19579,52,,,0,27,,19580,52,,,0,70,,19581,52,,,0,30,,19582,52,,,0,100,,19583,52,,,0,100,,19584,52,,,0
801,'259.0.3',548,,19585,52,,,0,70,,19586,52,,,0,30,,19587,52,,,0,60,,19588,52,,,0,27,,19589,52,,,0,20,,19590,52,,,0,60,,19591,52,,,0,20,,19592,52,,,0,20,,19593,52,,,0,58,,19594,52,,,0,17,,19595,52,,,0,20,,19596,52,,,0,60,,19597,52,,,0,20,,19598,52,,,0,20,,19599,52,,,0,60,,19600,52,,,0,20,,19601,52,,,0,20,,19602,52,,,0,60,,19603,52,,,0,20,,19604,52,,,0,20,,19605,52,,,0,60,,19606,52,,,0,20,,19607,52,,,0,20,,19608,52,,,0,60,,19609,52,,,0,20,,19610,52,,,0,20,,19611,52,,,0,60,,19612,52,,,0,23,,19613,52,,,0,73,,19614,52,,,0,30,,19615,52,,,0,70,,19616,52,,,0,30,,19617,52,,,0,68,,19618,52,,,0,25,,19619,52,,,0,28,,19620,52,,,0,70,,19621,52,,,0,30,,19622,52,,,0,70,,19623,52,,,0,30,,19624,52,,,0,67,,19625,52,,,0,29,,19626,52,,,0,70,,19627,52,,,0,30,,19628,52,,,0,70,,19629,52,,,0,30,,19630,52,,,0,70,,19631,52,,,0,30,,19632,52,,,0
9101,'259.0.1',816,,23632,41,,,0,100,,23633,41,,,0,101,,23634,41,,,0,100,,23635,41,,,0,100,,23636,41,,,0,100,,23637,41,,,0,100,,23638,41,,,0,100,,23639,41,,,0,100,,23640,41,,,0,100,,23641,41,,,0,100,,23642,41,,,0,99,,23643,41,,,0,100,,23644,41,,,0,100,,23645,41,,,0,100,,23646,41,,,0,100,,23647,41,,,0
9101,'259.0.2',845,,23648,41,,,0,100,,23649,41,,,0,101,,23650,41,,,0,100,,23651,41,,,0,100,,23652,41,,,0,100,,23653,41,,,0,100,,23654,41,,,0,100,,23655,41,,,0,100,,23656,41,,,0,99,,23657,41,,,0,100,,23658,41,,,0,100,,23659,41,,,0,100,,23660,41,,,0,100,,23661,41,,,0,100,,23662,41,,,0
9101,'259.0.3',618,,23663,41,,,0,30,,23664,41,,,0,78,,23665,41,,,0,24,,23666,41,,,0,70,,23667,41,,,0,37,,23668,41,,,0,66,,23669,41,,,0,29,,23670,41,,,0,100,,23671,41,,,0,103,,23672,41,,,0,100,,23673,41,,,0,99,,23674,41,,,0,150,,23675,41,,,0,101,,23676,41,,,0,31,,23677,41,,,0,70,,23678,41,,,0,32,,23679,41,,,0,70,,23680,41,,,0,22,,23681,41,,,0,94,,23682,41,,,0,100,,23683,41,,,0,100,,23684,41,,,0,100,,23685,41,,,0,100,,23686,41,,,0
