400,'244.0.1',553,,9953,4,,,0,100,,9954,4,,,0,100,,9955,4,,,0,70,,9956,4,,,0,30,,9957,4,,,0,70,,9958,4,,,0,31,,9959,4,,,0,70,,9960,4,,,0,30,,9961,4,,,0,70,,9962,4,,,0,30,,9963,4,,,0,70,,9964,4,,,0,30,,9965,4,,,0,70,,9966,4,,,0,30,,9967,4,,,0,70,,9968,4,,,0,30,,9969,4,,,0,70,,9970,4,,,0,30,,9971,4,,,0,70,,9972,4,,,0,30,,9973,4,,,0,70,,9974,4,,,0,30,,9975,4,,,0,70,,9976,4,,,0,30,,9977,4,,,0,70,,9978,4,,,0,30,,9979,4,,,0,70,,9980,4,,,0,30,,9981,4,,,0,69,,9982,4,,,0,30,,9983,4,,,0,100,,9984,4,,,0,100,,9985,4,,,0
400,'244.0.2',648,,9986,4,,,0,70,,9987,4,,,0,30,,9988,4,,,0,70,,9989,4,,,0,30,,9990,4,,,0,70,,9991,4,,,0,30,,9992,4,,,0,70,,9993,4,,,0,30,,9994,4,,,0,70,,9995,4,,,0,30,,9996,4,,,0,70,,9997,4,,,0,30,,9998,4,,,0,70,,9999,4,,,0,30,,10000,4,,,0,70,,10001,4,,,0,30,,10002,4,,,0,70,,10003,4,,,0,30,,10004,4,,,0,70,,10005,4,,,0,30,,10006,4,,,0,70,,10007,4,,,0,30,,10008,4,,,0,70,,10009,4,,,0,30,,10010,4,,,0,70,,10011,4,,,0,30,,10012,4,,,0,100,,10013,4,,,0,100,,10014,4,,,0,100,,10015,4,,,0,100,,10016,4,,,0
400,'244.0.3',603,,10017,4,,,0,20,,10018,4,,,0,20,,10019,4,,,0,60,,10020,4,,,0,15,,10021,4,,,0,15,,10022,4,,,0,15,,10023,4,,,0,55,,10024,4,,,0,15,,10025,4,,,0,15,,10026,4,,,0,15,,10027,4,,,0,55,,10028,4,,,0,15,,10029,4,,,0,15,,10030,4,,,0,15,,10031,4,,,0,55,,10032,4,,,0,15,,10033,4,,,0,15,,10034,4,,,0,15,,10035,4,,,0,55,,10036,4,,,0,15,,10037,4,,,0,16,,10038,4,,,0,15,,10039,4,,,0,55,,10040,4,,,0,15,,10041,4,,,0,15,,10042,4,,,0,15,,10043,4,,,0,55,,10044,4,,,0,10,,10045,4,,,0,10,,10046,4,,,0,10,,10047,4,,,0,10,,10048,4,,,0,10,,10049,4,,,0,50,,10050,4,,,0,8,,10051,4,,,0,8,,10052,4,,,0,8,,10053,4,,,0,8,,10054,4,,,0,8,,10055,4,,,0,8,,10056,4,,,0,48,,10057,4,,,0,8,,10058,4,,,0,8,,10059,4,,,0,8,,10060,4,,,0,8,,10061,4,,,0,8,,10062,4,,,0,8,,10063,4,,,0,8,,10064,4,,,0,48,,10065,4,,,0,8,,10066,4,,,0,8,,10067,4,,,0,8,,10068,4,,,0,8,,10069,4,,,0,8,,10070,4,,,0,56,,10071,4,,,0,8,,10072,4,,,0,8,,10073,4,,,0,8,,10074,4,,,0,8,,10075,4,,,0,8,,10076,4,,,0,9,,10077,4,,,0,55,,10078,4,,,0,15,,10079,4,,,0,15,,10080,4,,,0,20,,10081,4,,,0,60,,10082,4,,,0,20,,10083,4,,,0,20,,10084,4,,,0,60,,10085,4,,,0,20,,10086,4,,,0,20,,10087,4,,,0,59,,10088,4,,,0,20,,10089,4,,,0,20,,10090,4,,,0,70,,10091,4,,,0,30,,10092,4,,,0,70,,10093,4,,,0,30,,10094,4,,,0,70,,10095,4,,,0,30,,10096,4,,,0
400,'244.1141.3',1652,,10097,4,,,0
400,'244.1143.3',1652,,10098,4,,,0
2400,'244.0.1',639,,11184,58,,,0,70,,11185,58,,,0,30,,11186,58,,,0,70,,11187,58,,,0,30,,11188,58,,,0,70,,11189,58,,,0,30,,11190,58,,,0,73,,11191,58,,,0,31,,11192,58,,,0,70,,11193,58,,,0,31,,11194,58,,,0,72,,11195,58,,,0,30,,11196,58,,,0,70,,11197,58,,,0,30,,11198,58,,,0,70,,11199,58,,,0,30,,11200,58,,,0,68,,11201,58,,,0,30,,11202,58,,,0,70,,11203,58,,,0,30,,11204,58,,,0,70,,11205,58,,,0,30,,11206,58,,,0,70,,11207,58,,,0,27,,11208,58,,,0,67,,11209,58,,,0,30,,11210,58,,,0,70,,11211,58,,,0,30,,11212,58,,,0,70,,11213,58,,,0,30,,11214,58,,,0,70,,11215,58,,,0,30,,11216,58,,,0,70,,11217,58,,,0,30,,11218,58,,,0,70,,11219,58,,,0
2400,'244.0.2',637,,11220,58,,,0,70,,11221,58,,,0,30,,11222,58,,,0,70,,11223,58,,,0,30,,11224,58,,,0,70,,11225,58,,,0,32,,11226,58,,,0,74,,11227,58,,,0,30,,11228,58,,,0,70,,11229,58,,,0,30,,11230,58,,,0,70,,11231,58,,,0,30,,11232,58,,,0,70,,11233,58,,,0,30,,11234,58,,,0,70,,11235,58,,,0,30,,11236,58,,,0,70,,11237,58,,,0,30,,11238,58,,,0,70,,11239,58,,,0,30,,11240,58,,,0,70,,11241,58,,,0,30,,11242,58,,,0,70,,11243,58,,,0,28,,11244,58,,,0,68,,11245,58,,,0,30,,11246,58,,,0,70,,11247,58,,,0,30,,11248,58,,,0,70,,11249,58,,,0,30,,11250,58,,,0,70,,11251,58,,,0,30,,11252,58,,,0,70,,11253,58,,,0,30,,11254,58,,,0,70,,11255,58,,,0
2400,'244.0.3',644,,11256,58,,,0,70,,11257,58,,,0,34,,11258,58,,,0,71,,11259,58,,,0,30,,11260,58,,,0,70,,11261,58,,,0,25,,11262,58,,,0,70,,11263,58,,,0,30,,11264,58,,,0,70,,11265,58,,,0,31,,11266,58,,,0,70,,11267,58,,,0,30,,11268,58,,,0,70,,11269,58,,,0,30,,11270,58,,,0,70,,11271,58,,,0,30,,11272,58,,,0,70,,11273,58,,,0,30,,11274,58,,,0,70,,11275,58,,,0,30,,11276,58,,,0,70,,11277,58,,,0,30,,11278,58,,,0,70,,11279,58,,,0,30,,11280,58,,,0,68,,11281,58,,,0,26,,11282,58,,,0,70,,11283,58,,,0,30,,11284,58,,,0,70,,11285,58,,,0,30,,11286,58,,,0,70,,11287,58,,,0,30,,11288,58,,,0,70,,11289,58,,,0,30,,11290,58,,,0,70,,11291,58,,,0
1001000,'244.0.3',623,,15910,4,,,0,19,,15911,4,,,0,59,,15912,4,,,0,28,,15913,4,,,0,18,,15914,4,,,0,57,,15915,4,,,0,20,,15916,4,,,0,20,,15917,4,,,0,60,,15918,4,,,0,500,,15919,4,,,0,19,,15920,4,,,0,20,,15921,4,,,0,60,,15922,4,,,0,20,,15923,4,,,0,20,,15924,4,,,0,60,,15925,4,,,0,20,,15926,4,,,0,20,,15927,4,,,0,10,,15928,4,,,0,70,,15929,4,,,0,20,,15930,4,,,0,60,,15931,4,,,0,20,,15932,4,,,0
2001000,'244.0.1',633,,16899,4,,,0,85,,16900,4,,,0,30,,16901,4,,,0,70,,16902,4,,,0,30,,16903,4,,,0,70,,16904,4,,,0,30,,16905,4,,,0,70,,16906,4,,,0,30,,16907,4,,,0,70,,16908,4,,,0,30,,16909,4,,,0,70,,16910,4,,,0,30,,16911,4,,,0,70,,16912,4,,,0,30,,16913,4,,,0,70,,16914,4,,,0,30,,16915,4,,,0,70,,16916,4,,,0,30,,16917,4,,,0,70,,16918,4,,,0,30,,16919,4,,,0,70,,16920,4,,,0,30,,16921,4,,,0,70,,16922,4,,,0,30,,16923,4,,,0,70,,16924,4,,,0,30,,16925,4,,,0,85,,16926,4,,,0,100,,16927,4,,,0,100,,16928,4,,,0,100,,16929,4,,,0
2001000,'244.0.2',633,,16930,4,,,0,115,,16931,4,,,0,70,,16932,4,,,0,30,,16933,4,,,0,70,,16934,4,,,0,30,,16935,4,,,0,70,,16936,4,,,0,30,,16937,4,,,0,70,,16938,4,,,0,30,,16939,4,,,0,70,,16940,4,,,0,30,,16941,4,,,0,70,,16942,4,,,0,30,,16943,4,,,0,70,,16944,4,,,0,30,,16945,4,,,0,70,,16946,4,,,0,30,,16947,4,,,0,70,,16948,4,,,0,30,,16949,4,,,0,70,,16950,4,,,0,30,,16951,4,,,0,85,,16952,4,,,0,100,,16953,4,,,0,100,,16954,4,,,0,100,,16955,4,,,0,100,,16956,4,,,0,100,,16957,4,,,0,100,,16958,4,,,0
2001000,'244.0.3',545,,16959,4,,,0,91,,16960,4,,,0,20,,16961,4,,,0,60,,16962,4,,,0,20,,16963,4,,,0,20,,16964,4,,,0,61,,16965,4,,,0,20,,16966,4,,,0,20,,16967,4,,,0,77,,16968,4,,,0,70,,16969,4,,,0,30,,16970,4,,,0,70,,16971,4,,,0,30,,16972,4,,,0,70,,16973,4,,,0,30,,16974,4,,,0,70,,16975,4,,,0,30,,16976,4,,,0,25,,16977,4,,,0,57,,16978,4,,,0,20,,16979,4,,,0,20,,16980,4,,,0,60,,16981,4,,,0,20,,16982,4,,,0,20,,16983,4,,,0,60,,16984,4,,,0,20,,16985,4,,,0,20,,16986,4,,,0,60,,16987,4,,,0,20,,16988,4,,,0,20,,16989,4,,,0,60,,16990,4,,,0,23,,16991,4,,,0,20,,16992,4,,,0,64,,16993,4,,,0,30,,16994,4,,,0,70,,16995,4,,,0,30,,16996,4,,,0,70,,16997,4,,,0
3001000,'244.0.1',603,,17448,4,,,0,100,,17449,4,,,0,30,,17450,4,,,0,70,,17451,4,,,0,30,,17452,4,,,0,70,,17453,4,,,0,30,,17454,4,,,0,70,,17455,4,,,0,30,,17456,4,,,0,70,,17457,4,,,0,30,,17458,4,,,0,70,,17459,4,,,0,30,,17460,4,,,0,70,,17461,4,,,0,30,,17462,4,,,0,70,,17463,4,,,0,30,,17464,4,,,0,70,,17465,4,,,0,30,,17466,4,,,0,70,,17467,4,,,0,30,,17468,4,,,0,70,,17469,4,,,0,30,,17470,4,,,0,70,,17471,4,,,0,30,,17472,4,,,0,70,,17473,4,,,0,100,,17474,4,,,0,100,,17475,4,,,0,100,,17476,4,,,0,100,,17477,4,,,0,100,,17478,4,,,0
3001000,'244.0.2',603,,17480,4,,,0,100,,17481,4,,,0,30,,17482,4,,,0,70,,17483,4,,,0,30,,17484,4,,,0,70,,17485,4,,,0,30,,17486,4,,,0,70,,17487,4,,,0,30,,17488,4,,,0,70,,17489,4,,,0,30,,17490,4,,,0,70,,17491,4,,,0,30,,17492,4,,,0,70,,17493,4,,,0,30,,17494,4,,,0,70,,17495,4,,,0,30,,17496,4,,,0,70,,17497,4,,,0,30,,17498,4,,,0,70,,17499,4,,,0,30,,17500,4,,,0,70,,17501,4,,,0,30,,17502,4,,,0,70,,17503,4,,,0,100,,17504,4,,,0,100,,17505,4,,,0,100,,17506,4,,,0,100,,17507,4,,,0,100,,17508,4,,,0
3001000,'244.0.3',550,,17512,4,,,0,59,,17513,4,,,0,20,,17514,4,,,0,19,,17515,4,,,0,58,,17516,4,,,0,17,,17517,4,,,0,18,,17518,4,,,0,70,,17519,4,,,0,20,,17520,4,,,0,20,,17521,4,,,0,68,,17522,4,,,0,30,,17523,4,,,0,70,,17524,4,,,0,30,,17525,4,,,0,70,,17526,4,,,0,30,,17527,4,,,0,70,,17528,4,,,0,30,,17529,4,,,0,70,,17530,4,,,0,30,,17531,4,,,0,60,,17532,4,,,0,20,,17533,4,,,0,20,,17534,4,,,0,60,,17535,4,,,0,20,,17536,4,,,0,20,,17537,4,,,0,60,,17538,4,,,0,20,,17539,4,,,0,20,,17540,4,,,0,60,,17541,4,,,0,20,,17542,4,,,0,20,,17543,4,,,0,60,,17544,4,,,0,20,,17545,4,,,0,20,,17546,4,,,0,59,,17547,4,,,0,30,,17548,4,,,0,70,,17549,4,,,0,30,,17550,4,,,0,70,,17551,4,,,0,30,,17552,4,,,0,69,,17553,4,,,0,30,,17554,4,,,0,70,,17555,4,,,0,30,,17556,4,,,0,70,,17557,4,,,0
