801,'244.0.1',548,,10684,37,,,0,70,,10685,37,,,0,30,,10686,37,,,0,70,,10687,37,,,0,30,,10688,37,,,0,72,,10689,37,,,0,30,,10690,37,,,0,70,,10691,37,,,0,30,,10692,37,,,0,73,,10693,37,,,0,30,,10694,37,,,0,70,,10695,37,,,0,30,,10696,37,,,0,70,,10697,37,,,0,31,,10698,37,,,0,71,,10699,37,,,0,30,,10700,37,,,0,70,,10701,37,,,0,30,,10702,37,,,0,70,,10703,37,,,0,30,,10704,37,,,0,70,,10705,37,,,0,30,,10706,37,,,0,70,,10707,37,,,0,28,,10708,37,,,0,69,,10709,37,,,0,30,,10710,37,,,0,70,,10711,37,,,0,27,,10712,37,,,0,69,,10713,37,,,0,30,,10714,37,,,0,70,,10715,37,,,0,30,,10716,37,,,0,70,,10717,37,,,0,30,,10718,37,,,0,70,,10719,37,,,0,30,,10720,37,,,0,100,,10721,37,,,0
801,'244.0.2',552,,10722,37,,,0,70,,10723,37,,,0,30,,10724,37,,,0,70,,10725,37,,,0,30,,10726,37,,,0,70,,10727,37,,,0,30,,10728,37,,,0,74,,10729,37,,,0,30,,10730,37,,,0,70,,10731,37,,,0,30,,10732,37,,,0,70,,10733,37,,,0,30,,10734,37,,,0,70,,10735,37,,,0,30,,10736,37,,,0,70,,10737,37,,,0,30,,10738,37,,,0,70,,10739,37,,,0,30,,10740,37,,,0,70,,10741,37,,,0,30,,10742,37,,,0,70,,10743,37,,,0,30,,10744,37,,,0,70,,10745,37,,,0,30,,10746,37,,,0,68,,10747,37,,,0,30,,10748,37,,,0,70,,10749,37,,,0,30,,10750,37,,,0,70,,10751,37,,,0,30,,10752,37,,,0,68,,10753,37,,,0,30,,10754,37,,,0,70,,10755,37,,,0,100,,10756,37,,,0,100,,10757,37,,,0
801,'244.0.3',537,,10758,37,,,0,70,,10759,37,,,0,30,,10760,37,,,0,20,,10761,37,,,0,62,,10762,37,,,0,20,,10763,37,,,0,20,,10764,37,,,0,60,,10765,37,,,0,20,,10766,37,,,0,20,,10767,37,,,0,58,,10768,37,,,0,20,,10769,37,,,0,20,,10770,37,,,0,60,,10771,37,,,0,20,,10772,37,,,0,20,,10773,37,,,0,60,,10774,37,,,0,20,,10775,37,,,0,20,,10776,37,,,0,60,,10777,37,,,0,20,,10778,37,,,0,20,,10779,37,,,0,60,,10780,37,,,0,20,,10781,37,,,0,20,,10782,37,,,0,60,,10783,37,,,0,20,,10784,37,,,0,20,,10785,37,,,0,62,,10786,37,,,0,33,,10787,37,,,0,70,,10788,37,,,0,30,,10789,37,,,0,70,,10790,37,,,0,30,,10791,37,,,0,66,,10792,37,,,0,28,,10793,37,,,0,70,,10794,37,,,0,30,,10795,37,,,0,70,,10796,37,,,0,30,,10797,37,,,0,68,,10798,37,,,0,29,,10799,37,,,0,70,,10800,37,,,0,30,,10801,37,,,0,70,,10802,37,,,0,30,,10803,37,,,0,70,,10804,37,,,0,30,,10805,37,,,0
9001,'244.0.1',611,,14654,22,,,0,30,,14655,22,,,0,70,,14656,22,,,0,25,,14657,22,,,0,70,,14658,22,,,0,30,,14659,22,,,0,70,,14660,22,,,0,25,,14661,22,,,0,71,,14662,22,,,0,31,,14663,22,,,0,70,,14664,22,,,0,30,,14665,22,,,0,70,,14666,22,,,0,30,,14667,22,,,0,70,,14668,22,,,0,30,,14669,22,,,0,70,,14670,22,,,0,30,,14671,22,,,0,70,,14672,22,,,0,30,,14673,22,,,0,70,,14674,22,,,0,30,,14675,22,,,0,70,,14676,22,,,0,35,,14677,22,,,0,69,,14678,22,,,0,29,,14679,22,,,0,70,,14680,22,,,0,30,,14681,22,,,0,70,,14682,22,,,0,100,,14683,22,,,0,100,,14684,22,,,0,100,,14685,22,,,0,100,,14686,22,,,0
9001,'244.0.2',559,,14687,22,,,0,100,,14688,22,,,0,100,,14689,22,,,0,100,,14690,22,,,0,95,,14691,22,,,0,102,,14692,22,,,0,100,,14693,22,,,0,102,,14694,22,,,0,100,,14695,22,,,0,98,,14696,22,,,0,100,,14697,22,,,0,100,,14698,22,,,0,99,,14699,22,,,0,103,,14700,22,,,0,145,,14701,22,,,0,98,,14702,22,,,0,100,,14703,22,,,0,99,,14704,22,,,0
9001,'244.0.3',541,,14705,22,,,0,70,,14706,22,,,0,30,,14707,22,,,0,15,,14739,22,,,0,53,,14708,22,,,0,15,,14740,22,,,0,10,,14709,22,,,0,15,,14741,22,,,0,55,,14710,22,,,0,17,,14742,22,,,0,18,,14711,22,,,0,15,,14743,22,,,0,55,,14712,22,,,0,30,,14713,22,,,0,65,,14714,22,,,0,30,,14715,22,,,0,70,,14716,22,,,0,30,,14717,22,,,0,70,,14718,22,,,0,30,,14719,22,,,0,70,,14720,22,,,0,30,,14721,22,,,0,70,,14722,22,,,0,30,,14723,22,,,0,70,,14724,22,,,0,32,,14725,22,,,0,21,,14744,22,,,0,62,,14726,22,,,0,8,,14745,22,,,0,25,,14727,22,,,0,55,,14746,22,,,0,15,,14728,22,,,0,15,,14747,22,,,0,14,,14729,22,,,0,53,,14748,22,,,0,13,,14730,22,,,0,12,,14749,22,,,0,13,,14731,22,,,0,12,,14750,22,,,0,53,,14732,22,,,0,30,,14733,22,,,0,70,,14734,22,,,0,30,,14735,22,,,0,100,,14736,22,,,0,100,,14737,22,,,0,100,,14738,22,,,0
9101,'244.0.1',805,,14805,26,,,0,100,,14806,26,,,0,100,,14807,26,,,0,100,,14808,26,,,0,100,,14809,26,,,0,100,,14810,26,,,0,100,,14811,26,,,0,100,,14812,26,,,0,100,,14813,26,,,0,100,,14814,26,,,0,100,,14815,26,,,0,100,,14816,26,,,0,100,,14817,26,,,0,100,,14818,26,,,0,100,,14819,26,,,0,100,,14820,26,,,0
9101,'244.0.2',834,,14821,26,,,0,100,,14822,26,,,0,100,,14823,26,,,0,100,,14824,26,,,0,100,,14825,26,,,0,100,,14826,26,,,0,100,,14827,26,,,0,100,,14828,26,,,0,100,,14829,26,,,0,100,,14830,26,,,0,100,,14831,26,,,0,100,,14832,26,,,0,100,,14833,26,,,0,100,,14834,26,,,0,100,,14835,26,,,0
9101,'244.0.3',609,,14836,26,,,0,30,,14837,26,,,0,74,,14838,26,,,0,24,,14839,26,,,0,70,,14840,26,,,0,37,,14841,26,,,0,69,,14842,26,,,0,29,,14843,26,,,0,100,,14844,26,,,0,103,,14845,26,,,0,100,,14846,26,,,0,99,,14847,26,,,0,107,,14848,26,,,0,101,,14849,26,,,0,71,,14850,26,,,0,30,,14851,26,,,0,73,,14852,26,,,0,30,,14853,26,,,0,65,,14854,26,,,0,94,,14855,26,,,0,100,,14856,26,,,0,100,,14857,26,,,0,100,,14858,26,,,0,100,,14859,26,,,0
9301,'244.0.3',613,,14867,23,,,0,30,,14868,23,,,0,70,,14869,23,,,0,29,,14870,23,,,0,71,,14871,23,,,0,31,,14872,23,,,0
