800,'259.0.1',610,,19386,42,,,0,30,,19387,42,,,0,70,,19388,42,,,0,30,,19389,42,,,0,71,,19390,42,,,0,23,,19391,42,,,0,22,,19392,42,,,0,70,,19393,42,,,0,30,,19394,42,,,0,70,,19395,42,,,0,31,,19396,42,,,0,69,,19397,42,,,0,30,,19398,42,,,0,70,,19399,42,,,0,30,,19400,42,,,0,70,,19401,42,,,0,30,,19402,42,,,0,70,,19403,42,,,0,32,,19404,42,,,0,70,,19405,42,,,0,30,,19406,42,,,0,70,,19407,42,,,0,30,,19408,42,,,0,70,,19409,42,,,0,30,,19410,42,,,0,70,,19411,42,,,0,30,,19412,42,,,0,70,,19413,42,,,0,30,,19414,42,,,0,70,,19415,42,,,0,30,,19416,42,,,0,70,,19417,42,,,0,30,,19418,42,,,0,70,,19419,42,,,0,24,,19420,42,,,0,69,,19421,42,,,0,30,,19422,42,,,0,100,,19423,42,,,0
800,'259.0.2',628,,19424,42,,,0,30,,19425,42,,,0,70,,19426,42,,,0,30,,19427,42,,,0,70,,19428,42,,,0,30,,19429,42,,,0,70,,19430,42,,,0,30,,19431,42,,,0,71,,19432,42,,,0,74,,19433,42,,,0,30,,19434,42,,,0,25,,19435,42,,,0,71,,19436,42,,,0,72,,19437,42,,,0,30,,19438,42,,,0,70,,19439,42,,,0,30,,19440,42,,,0,70,,19441,42,,,0,30,,19442,42,,,0,70,,19443,42,,,0,30,,19444,42,,,0,75,,19445,42,,,0,29,,19446,42,,,0,70,,19447,42,,,0,29,,19448,42,,,0,69,,19449,42,,,0,28,,19450,42,,,0,70,,19451,42,,,0,27,,19452,42,,,0,29,,19453,42,,,0,70,,19454,42,,,0,30,,19455,42,,,0,70,,19456,42,,,0,30,,19457,42,,,0,100,,19458,42,,,0,100,,19459,42,,,0
800,'259.0.3',559,,19462,42,,,0,70,,19463,42,,,0,30,,19464,42,,,0,78,,19465,42,,,0,72,,19466,42,,,0,31,,19467,42,,,0,70,,19468,42,,,0,30,,19469,42,,,0,70,,19470,42,,,0,20,,19471,42,,,0,20,,19472,42,,,0,60,,19473,42,,,0,20,,19474,42,,,0,20,,19475,42,,,0,60,,19476,42,,,0,20,,19477,42,,,0,20,,19478,42,,,0,60,,19479,42,,,0,20,,19480,42,,,0,20,,19481,42,,,0,60,,19482,42,,,0,20,,19483,42,,,0,20,,19484,42,,,0,61,,19485,42,,,0,29,,19486,42,,,0,64,,19487,42,,,0,20,,19488,42,,,0,20,,19489,42,,,0,60,,19490,42,,,0,20,,19491,42,,,0,20,,19492,42,,,0,60,,19493,42,,,0,16,,19494,42,,,0,26,,19495,42,,,0,10,,19510,42,,,0,50,,19496,42,,,0,30,,19497,42,,,0,70,,19498,42,,,0,30,,19499,42,,,0,70,,19500,42,,,0,28,,19501,42,,,0,69,,19502,42,,,0,30,,19503,42,,,0,70,,19504,42,,,0,30,,19505,42,,,0,70,,19506,42,,,0,30,,19507,42,,,0,70,,19508,42,,,0,30,,19509,42,,,0
9000,'259.0.1',634,,23385,34,,,0,25,,23386,34,,,0,70,,23387,34,,,0,30,,23388,34,,,0,70,,23389,34,,,0,25,,23390,34,,,0,70,,23391,34,,,0,30,,23392,34,,,0,66,,23393,34,,,0,33,,23394,34,,,0,70,,23395,34,,,0,30,,23396,34,,,0,70,,23397,34,,,0,27,,23398,34,,,0,70,,23399,34,,,0,30,,23400,34,,,0,70,,23401,34,,,0,30,,23402,34,,,0,70,,23403,34,,,0,30,,23404,34,,,0,70,,23405,34,,,0,33,,23406,34,,,0,70,,23407,34,,,0,30,,23408,34,,,0,70,,23409,34,,,0,30,,23410,34,,,0,70,,23411,34,,,0,30,,23412,34,,,0,70,,23413,34,,,0,104,,23414,34,,,0,100,,23415,34,,,0,100,,23416,34,,,0,100,,23417,34,,,0
9000,'259.0.2',623,,23418,34,,,0,100,,23419,34,,,0,100,,23420,34,,,0,95,,23421,34,,,0,97,,23422,34,,,0,100,,23423,34,,,0,102,,23424,34,,,0,100,,23425,34,,,0,98,,23426,34,,,0,100,,23427,34,,,0,100,,23428,34,,,0,100,,23429,34,,,0,103,,23430,34,,,0,104,,23431,34,,,0,101,,23432,34,,,0,100,,23433,34,,,0,100,,23434,34,,,0,100,,23435,34,,,0
9000,'259.0.3',621,,23469,34,,,0,15,,23468,34,,,0,15,,23436,34,,,0,55,,23470,34,,,0,15,,23437,34,,,0,15,,23471,34,,,0,15,,23438,34,,,0,55,,23472,34,,,0,20,,23439,34,,,0,30,,23440,34,,,0,65,,23441,34,,,0,31,,23442,34,,,0,69,,23443,34,,,0,30,,23444,34,,,0,70,,23445,34,,,0,28,,23446,34,,,0,71,,23447,34,,,0,30,,23448,34,,,0,70,,23449,34,,,0,30,,23450,34,,,0,70,,23451,34,,,0,37,,23452,34,,,0,57,,23473,34,,,0,15,,23453,34,,,0,15,,23474,34,,,0,15,,23454,34,,,0,55,,23475,34,,,0,15,,23455,34,,,0,15,,23476,34,,,0,15,,23480,34,,,0,55,,23477,34,,,0,15,,23456,34,,,0,15,,23478,34,,,0,12,,23457,34,,,0,50,,23479,34,,,0,12,,23458,34,,,0,35,,23459,34,,,0,70,,23460,34,,,0,30,,23461,34,,,0,70,,23462,34,,,0,30,,23463,34,,,0,100,,23464,34,,,0,96,,23465,34,,,0,100,,23466,34,,,0,100,,23467,34,,,0
9100,'259.0.1',727,,23578,21,,,0,100,,23579,21,,,0,100,,23580,21,,,0,100,,23581,21,,,0,100,,23582,21,,,0,100,,23583,21,,,0,100,,23584,21,,,0,100,,23585,21,,,0,100,,23586,21,,,0,100,,23587,21,,,0,100,,23588,21,,,0,100,,23589,21,,,0,100,,23590,21,,,0,100,,23591,21,,,0,100,,23592,21,,,0,100,,23593,21,,,0
9100,'259.0.2',756,,23594,21,,,0,100,,23595,21,,,0,100,,23596,21,,,0,100,,23597,21,,,0,100,,23598,21,,,0,100,,23599,21,,,0,100,,23600,21,,,0,100,,23601,21,,,0,100,,23602,21,,,0,100,,23603,21,,,0,100,,23604,21,,,0,100,,23605,21,,,0,100,,23606,21,,,0,100,,23607,21,,,0,100,,23608,21,,,0
9100,'259.0.3',636,,23609,21,,,0,64,,23610,21,,,0,28,,23611,21,,,0,76,,23612,21,,,0,29,,23613,21,,,0,71,,23614,21,,,0,100,,23615,21,,,0,103,,23616,21,,,0,100,,23617,21,,,0,99,,23618,21,,,0,100,,23619,21,,,0,101,,23620,21,,,0,30,,23621,21,,,0,70,,23622,21,,,0,30,,23623,21,,,0,70,,23624,21,,,0,30,,23625,21,,,0,71,,23626,21,,,0,30,,23627,21,,,0,97,,23628,21,,,0,100,,23629,21,,,0,100,,23630,21,,,0,100,,23631,21,,,0
9300,'259.0.3',1544,,23687,28,,,0,67,,23688,28,,,0,42,,23689,28,,,0,62,,23690,28,,,0,35,,23691,28,,,0,59,,23692,28,,,0,30,,23693,28,,,0
