13501,'259.0.3',1514,,23748,1,,,0,30,,23749,1,,,0,69,,23750,1,,,0,30,,23751,1,,,0,70,,23752,1,,,0,33,,23753,1,,,0,70,,23754,1,,,0
13601,'259.0.3',1503,,23763,1,,,0,30,,23764,1,,,0,70,,23765,1,,,0,14,,23766,1,,,0,15,,23767,1,,,0,70,,23768,1,,,0,34,,23769,1,,,0,70,,23770,1,,,0
13701,'259.0.3',1524,,23777,1,,,0,30,,23778,1,,,0,69,,23779,1,,,0,30,,23780,1,,,0,71,,23781,1,,,0,31,,23782,1,,,0
13801,'259.0.3',1528,,23790,1,,,0,30,,23791,1,,,0,69,,23792,1,,,0,30,,23793,1,,,0,74,,23794,1,,,0,70,,23795,1,,,0,20,,23796,1,,,0
15800,'259.0.3',1537,,23797,1,,,0,70,,23798,1,,,0,30,,23799,1,,,0,70,,23800,1,,,0
15900,'259.0.3',1500,,23805,1,,,0,20,,23806,1,,,0,20,,23807,1,,,0,60,,23808,1,,,0,20,,23809,1,,,0,20,,23812,1,,,0,60,,23813,1,,,0,20,,23810,1,,,0,20,,23811,1,,,0
16101,'259.0.3',1504,,23834,1,,,0,30,,23829,1,,,0,70,,23830,1,,,0,30,,23831,1,,,0,70,,23832,1,,,0,30,,23833,1,,,0
16500,'259.0.3',1517,,23835,1,,,0,30,,23836,1,,,0,70,,23837,1,,,0,30,,23838,1,,,0,70,,23839,1,,,0,30,,23840,1,,,0
1000701,'259.0.1',627,,24368,13,,,0,20,,24369,13,,,0,60,,24370,13,,,0,20,,24371,13,,,0,20,,24372,13,,,0,60,,24373,13,,,0,20,,24374,13,,,0,21,,24375,13,,,0,60,,24376,13,,,0,20,,24377,13,,,0,20,,24378,13,,,0,60,,24379,13,,,0,20,,24380,13,,,0,20,,24381,13,,,0,61,,24382,13,,,0,20,,24383,13,,,0,20,,24384,13,,,0,60,,24385,13,,,0,20,,24386,13,,,0,20,,24387,13,,,0,60,,24388,13,,,0,20,,24389,13,,,0,20,,24390,13,,,0,60,,24391,13,,,0,20,,24392,13,,,0,20,,24393,13,,,0,60,,24394,13,,,0,20,,24395,13,,,0,20,,24396,13,,,0,60,,24397,13,,,0,20,,24398,13,,,0,20,,24399,13,,,0,60,,24400,13,,,0,20,,24401,13,,,0,20,,24402,13,,,0,60,,24403,13,,,0,20,,24404,13,,,0,20,,24405,13,,,0,60,,24406,13,,,0,19,,24407,13,,,0,20,,24408,13,,,0,60,,24409,13,,,0,20,,24410,13,,,0,20,,24411,13,,,0,60,,24412,13,,,0,20,,24413,13,,,0,20,,24414,13,,,0,60,,24415,13,,,0,20,,24416,13,,,0,20,,24417,13,,,0,60,,24418,13,,,0,20,,24419,13,,,0,20,,24420,13,,,0,60,,24421,13,,,0
1000701,'259.0.2',627,,24422,13,,,0,30,,24423,13,,,0,70,,24424,13,,,0,30,,24425,13,,,0,70,,24426,13,,,0,30,,24427,13,,,0,72,,24428,13,,,0,30,,24429,13,,,0,70,,24430,13,,,0,30,,24431,13,,,0,70,,24432,13,,,0,30,,24433,13,,,0,70,,24434,13,,,0,30,,24435,13,,,0,70,,24436,13,,,0,30,,24437,13,,,0,70,,24438,13,,,0,30,,24439,13,,,0,70,,24440,13,,,0,30,,24441,13,,,0,70,,24442,13,,,0,30,,24443,13,,,0,70,,24444,13,,,0,30,,24445,13,,,0,70,,24446,13,,,0,29,,24447,13,,,0,70,,24448,13,,,0,30,,24449,13,,,0,70,,24450,13,,,0,29,,24451,13,,,0,70,,24452,13,,,0,30,,24453,13,,,0,70,,24454,13,,,0,30,,24455,13,,,0,70,,24456,13,,,0,30,,24457,13,,,0
1000701,'259.0.3',612,,24458,13,,,0,15,,24459,13,,,0,15,,24460,13,,,0,15,,24461,13,,,0,55,,24462,13,,,0,17,,24463,13,,,0,20,,24464,13,,,0,55,,24465,13,,,0,15,,24466,13,,,0,15,,24467,13,,,0,15,,24468,13,,,0,55,,24469,13,,,0,15,,24470,13,,,0,15,,24471,13,,,0,15,,24472,13,,,0,52,,24473,13,,,0,14,,24474,13,,,0,15,,24475,13,,,0,15,,24476,13,,,0,55,,24477,13,,,0,15,,24478,13,,,0,15,,24479,13,,,0,15,,24480,13,,,0,56,,24481,13,,,0,15,,24482,13,,,0,15,,24483,13,,,0,15,,24484,13,,,0,55,,24485,13,,,0,15,,24486,13,,,0,15,,24487,13,,,0,15,,24488,13,,,0,55,,24489,13,,,0,15,,24490,13,,,0,15,,24491,13,,,0,15,,24492,13,,,0,56,,24493,13,,,0,17,,24494,13,,,0,15,,24495,13,,,0,15,,24496,13,,,0,55,,24497,13,,,0,15,,24498,13,,,0,15,,24499,13,,,0,15,,24500,13,,,0,55,,24501,13,,,0,15,,24502,13,,,0,13,,24503,13,,,0,14,,24504,13,,,0,55,,24505,13,,,0,13,,24506,13,,,0,15,,24507,13,,,0,15,,24508,13,,,0,15,,24509,13,,,0,55,,24510,13,,,0,15,,24511,13,,,0,15,,24512,13,,,0,13,,24513,13,,,0,55,,24514,13,,,0,15,,24515,13,,,0,15,,24516,13,,,0,15,,24517,13,,,0,55,,24518,13,,,0,15,,24519,13,,,0,15,,24520,13,,,0,15,,24521,13,,,0,53,,24522,13,,,0,15,,24523,13,,,0,15,,24524,13,,,0,15,,24525,13,,,0,55,,24526,13,,,0,30,,24527,13,,,0,70,,24528,13,,,0,30,,24529,13,,,0
1016800,'259.0.3',1456,,25091,1,,,0,70,,25092,1,,,0,30,,25093,1,,,0,70,,25094,1,,,0,30,,25095,1,,,0,70,,25096,1,,,0,30,,25097,1,,,0
2016800,'259.0.3',1513,,26115,1,,,0,30,,26116,1,,,0,70,,26117,1,,,0,30,,26118,1,,,0,70,,26119,1,,,0,30,,26120,1,,,0
