801,'259.0.1',549,,19511,40,,,0,70,,19512,40,,,0,30,,19513,40,,,0,70,,19514,40,,,0,30,,19515,40,,,0,73,,19516,40,,,0,30,,19517,40,,,0,70,,19518,40,,,0,30,,19519,40,,,0,73,,19520,40,,,0,30,,19521,40,,,0,70,,19522,40,,,0,30,,19523,40,,,0,70,,19524,40,,,0,30,,19525,40,,,0,71,,19526,40,,,0,30,,19527,40,,,0,70,,19528,40,,,0,30,,19529,40,,,0,70,,19530,40,,,0,30,,19531,40,,,0,70,,19532,40,,,0,30,,19533,40,,,0,70,,19534,40,,,0,29,,19535,40,,,0,69,,19536,40,,,0,30,,19537,40,,,0,70,,19538,40,,,0,26,,19539,40,,,0,69,,19540,40,,,0,30,,19541,40,,,0,70,,19542,40,,,0,30,,19543,40,,,0,70,,19544,40,,,0,30,,19545,40,,,0,70,,19546,40,,,0,30,,19547,40,,,0,100,,19548,40,,,0
801,'259.0.2',553,,19549,40,,,0,70,,19550,40,,,0,30,,19551,40,,,0,70,,19552,40,,,0,30,,19553,40,,,0,70,,19554,40,,,0,30,,19555,40,,,0,74,,19556,40,,,0,30,,19557,40,,,0,70,,19558,40,,,0,30,,19559,40,,,0,70,,19560,40,,,0,30,,19561,40,,,0,70,,19562,40,,,0,30,,19563,40,,,0,70,,19564,40,,,0,30,,19565,40,,,0,70,,19566,40,,,0,30,,19567,40,,,0,70,,19568,40,,,0,30,,19569,40,,,0,70,,19570,40,,,0,30,,19571,40,,,0,70,,19572,40,,,0,30,,19573,40,,,0,69,,19574,40,,,0,30,,19575,40,,,0,70,,19576,40,,,0,30,,19577,40,,,0,70,,19578,40,,,0,30,,19579,40,,,0,67,,19580,40,,,0,30,,19581,40,,,0,70,,19582,40,,,0,100,,19583,40,,,0,100,,19584,40,,,0
801,'259.0.3',538,,19585,40,,,0,70,,19586,40,,,0,30,,19587,40,,,0,20,,19588,40,,,0,62,,19589,40,,,0,20,,19590,40,,,0,60,,19591,40,,,0,20,,19592,40,,,0,20,,19593,40,,,0,60,,19594,40,,,0,18,,19595,40,,,0,20,,19596,40,,,0,20,,19597,40,,,0,60,,19598,40,,,0,20,,19599,40,,,0,20,,19600,40,,,0,60,,19601,40,,,0,20,,19602,40,,,0,20,,19603,40,,,0,60,,19604,40,,,0,20,,19605,40,,,0,20,,19606,40,,,0,60,,19607,40,,,0,20,,19608,40,,,0,20,,19609,40,,,0,60,,19610,40,,,0,20,,19611,40,,,0,20,,19612,40,,,0,62,,19613,40,,,0,33,,19614,40,,,0,70,,19615,40,,,0,30,,19616,40,,,0,70,,19617,40,,,0,30,,19618,40,,,0,67,,19619,40,,,0,28,,19620,40,,,0,70,,19621,40,,,0,30,,19622,40,,,0,70,,19623,40,,,0,30,,19624,40,,,0,67,,19625,40,,,0,29,,19626,40,,,0,70,,19627,40,,,0,30,,19628,40,,,0,70,,19629,40,,,0,30,,19630,40,,,0,70,,19631,40,,,0,30,,19632,40,,,0
9001,'259.0.1',612,,23481,25,,,0,30,,23482,25,,,0,70,,23483,25,,,0,25,,23484,25,,,0,70,,23485,25,,,0,30,,23486,25,,,0,70,,23487,25,,,0,25,,23488,25,,,0,71,,23489,25,,,0,31,,23490,25,,,0,70,,23491,25,,,0,30,,23492,25,,,0,70,,23493,25,,,0,30,,23494,25,,,0,70,,23495,25,,,0,30,,23496,25,,,0,70,,23497,25,,,0,30,,23498,25,,,0,70,,23499,25,,,0,30,,23500,25,,,0,70,,23501,25,,,0,30,,23502,25,,,0,70,,23503,25,,,0,35,,23504,25,,,0,69,,23505,25,,,0,29,,23506,25,,,0,70,,23507,25,,,0,30,,23508,25,,,0,70,,23509,25,,,0,100,,23510,25,,,0,100,,23511,25,,,0,100,,23512,25,,,0,100,,23513,25,,,0
9001,'259.0.2',600,,23514,25,,,0,100,,23515,25,,,0,100,,23516,25,,,0,100,,23517,25,,,0,55,,23518,25,,,0,102,,23519,25,,,0,100,,23520,25,,,0,102,,23521,25,,,0,100,,23522,25,,,0,98,,23523,25,,,0,100,,23524,25,,,0,100,,23525,25,,,0,99,,23526,25,,,0,103,,23527,25,,,0,145,,23528,25,,,0,98,,23529,25,,,0,100,,23530,25,,,0,99,,23531,25,,,0
9001,'259.0.3',543,,23532,25,,,0,70,,23533,25,,,0,30,,23534,25,,,0,57,,23566,25,,,0,13,,23535,25,,,0,15,,23567,25,,,0,10,,23536,25,,,0,15,,23568,25,,,0,55,,23537,25,,,0,17,,23569,25,,,0,16,,23538,25,,,0,15,,23570,25,,,0,55,,23539,25,,,0,30,,23540,25,,,0,65,,23541,25,,,0,30,,23542,25,,,0,70,,23543,25,,,0,30,,23544,25,,,0,70,,23545,25,,,0,30,,23546,25,,,0,70,,23547,25,,,0,30,,23548,25,,,0,70,,23549,25,,,0,30,,23550,25,,,0,70,,23551,25,,,0,32,,23552,25,,,0,21,,23571,25,,,0,62,,23553,25,,,0,8,,23572,25,,,0,25,,23554,25,,,0,55,,23573,25,,,0,15,,23555,25,,,0,15,,23574,25,,,0,13,,23556,25,,,0,53,,23575,25,,,0,13,,23557,25,,,0,12,,23576,25,,,0,13,,23558,25,,,0,12,,23577,25,,,0,53,,23559,25,,,0,30,,23560,25,,,0,70,,23561,25,,,0,30,,23562,25,,,0,100,,23563,25,,,0,100,,23564,25,,,0,100,,23565,25,,,0
9101,'259.0.1',806,,23632,29,,,0,100,,23633,29,,,0,100,,23634,29,,,0,100,,23635,29,,,0,100,,23636,29,,,0,100,,23637,29,,,0,100,,23638,29,,,0,100,,23639,29,,,0,100,,23640,29,,,0,100,,23641,29,,,0,100,,23642,29,,,0,100,,23643,29,,,0,100,,23644,29,,,0,100,,23645,29,,,0,100,,23646,29,,,0,100,,23647,29,,,0
9101,'259.0.2',835,,23648,29,,,0,100,,23649,29,,,0,100,,23650,29,,,0,100,,23651,29,,,0,100,,23652,29,,,0,100,,23653,29,,,0,100,,23654,29,,,0,100,,23655,29,,,0,100,,23656,29,,,0,100,,23657,29,,,0,100,,23658,29,,,0,100,,23659,29,,,0,100,,23660,29,,,0,100,,23661,29,,,0,100,,23662,29,,,0
9101,'259.0.3',610,,23663,29,,,0,30,,23664,29,,,0,75,,23665,29,,,0,24,,23666,29,,,0,70,,23667,29,,,0,37,,23668,29,,,0,68,,23669,29,,,0,29,,23670,29,,,0,100,,23671,29,,,0,103,,23672,29,,,0,100,,23673,29,,,0,99,,23674,29,,,0,108,,23675,29,,,0,101,,23676,29,,,0,71,,23677,29,,,0,30,,23678,29,,,0,72,,23679,29,,,0,30,,23680,29,,,0,65,,23681,29,,,0,94,,23682,29,,,0,100,,23683,29,,,0,100,,23684,29,,,0,100,,23685,29,,,0,100,,23686,29,,,0
9301,'259.0.3',615,,23694,26,,,0,30,,23695,26,,,0,70,,23696,26,,,0,29,,23697,26,,,0,71,,23698,26,,,0,30,,23699,26,,,0
