100,'259.0.1',606,,17670,19,,,0,15,,17671,19,,,0,15,,17672,19,,,0,15,,17673,19,,,0,55,,17674,19,,,0,15,,17675,19,,,0,15,,17676,19,,,0,15,,17677,19,,,0,57,,17678,19,,,0,15,,17679,19,,,0,15,,17680,19,,,0,15,,17681,19,,,0,55,,17682,19,,,0,15,,17683,19,,,0,17,,17684,19,,,0,15,,17685,19,,,0,55,,17686,19,,,0,15,,17687,19,,,0,15,,17688,19,,,0,16,,17689,19,,,0,56,,17690,19,,,0,15,,17691,19,,,0,15,,17692,19,,,0,15,,17693,19,,,0,55,,17694,19,,,0,15,,17695,19,,,0,15,,17696,19,,,0,15,,17697,19,,,0,55,,17698,19,,,0,15,,17699,19,,,0,15,,17700,19,,,0,15,,17701,19,,,0,55,,17702,19,,,0,15,,17703,19,,,0,15,,17704,19,,,0,15,,17705,19,,,0,55,,17706,19,,,0,15,,17707,19,,,0,15,,17708,19,,,0,15,,17709,19,,,0,55,,17710,19,,,0,15,,17711,19,,,0,15,,17712,19,,,0,15,,17713,19,,,0,55,,17714,19,,,0,15,,17715,19,,,0,15,,17716,19,,,0,15,,17717,19,,,0,55,,17718,19,,,0,15,,17719,19,,,0,15,,17720,19,,,0,15,,17721,19,,,0,54,,17722,19,,,0,14,,17723,19,,,0,15,,17724,19,,,0,15,,17725,19,,,0,55,,17726,19,,,0,15,,17727,19,,,0,15,,17728,19,,,0,15,,17729,19,,,0,55,,17730,19,,,0,15,,17731,19,,,0,15,,17732,19,,,0,15,,17733,19,,,0,54,,17734,19,,,0,13,,17735,19,,,0,15,,17736,19,,,0,15,,17737,19,,,0,55,,17738,19,,,0,15,,17739,19,,,0,15,,17740,19,,,0,15,,17741,19,,,0,55,,17742,19,,,0,15,,17743,19,,,0,15,,17744,19,,,0,15,,17745,19,,,0
100,'259.0.2',607,,17746,19,,,0,15,,17747,19,,,0,15,,17748,19,,,0,15,,17749,19,,,0,55,,17750,19,,,0,15,,17751,19,,,0,15,,17752,19,,,0,15,,17753,19,,,0,55,,17754,19,,,0,15,,17755,19,,,0,17,,17756,19,,,0,15,,17757,19,,,0,55,,17758,19,,,0,15,,17759,19,,,0,15,,17760,19,,,0,15,,17761,19,,,0,55,,17762,19,,,0,17,,17763,19,,,0,15,,17764,19,,,0,15,,17765,19,,,0,55,,17766,19,,,0,15,,17767,19,,,0,15,,17768,19,,,0,16,,17769,19,,,0,56,,17770,19,,,0,15,,17771,19,,,0,15,,17772,19,,,0,15,,17773,19,,,0,55,,17774,19,,,0,15,,17775,19,,,0,15,,17776,19,,,0,15,,17777,19,,,0,55,,17778,19,,,0,15,,17779,19,,,0,15,,17780,19,,,0,15,,17781,19,,,0,55,,17782,19,,,0,15,,17783,19,,,0,15,,17784,19,,,0,15,,17785,19,,,0,55,,17786,19,,,0,15,,17787,19,,,0,15,,17788,19,,,0,15,,17789,19,,,0,55,,17790,19,,,0,15,,17791,19,,,0,15,,17792,19,,,0,15,,17793,19,,,0,55,,17794,19,,,0,14,,17795,19,,,0,13,,17796,19,,,0,15,,17797,19,,,0,55,,17798,19,,,0,15,,17799,19,,,0,15,,17800,19,,,0,15,,17801,19,,,0,55,,17802,19,,,0,15,,17803,19,,,0,30,,17804,19,,,0,70,,17805,19,,,0,30,,17806,19,,,0,68,,17807,19,,,0,30,,17808,19,,,0,70,,17809,19,,,0,30,,17810,19,,,0
100,'259.0.3',616,,17812,19,,,0,10,,17813,19,,,0,10,,17814,19,,,0,10,,17815,19,,,0,10,,17816,19,,,0,50,,17817,19,,,0,10,,17818,19,,,0,10,,17819,19,,,0,12,,17820,19,,,0,13,,17821,19,,,0,50,,17822,19,,,0,10,,17823,19,,,0,10,,17824,19,,,0,10,,17825,19,,,0,10,,17826,19,,,0,10,,17827,19,,,0,50,,17828,19,,,0,10,,17829,19,,,0,9,,17830,19,,,0,9,,17831,19,,,0,9,,17832,19,,,0,10,,17833,19,,,0,10,,17834,19,,,0,50,,17835,19,,,0,10,,17836,19,,,0,10,,17837,19,,,0,10,,17838,19,,,0,10,,17839,19,,,0,10,,17840,19,,,0,50,,17841,19,,,0,10,,17842,19,,,0,10,,17843,19,,,0,10,,17844,19,,,0,10,,17845,19,,,0,10,,17846,19,,,0,50,,17847,19,,,0,10,,17848,19,,,0,10,,17849,19,,,0,10,,17850,19,,,0,10,,17851,19,,,0,10,,17852,19,,,0,50,,17853,19,,,0,10,,17854,19,,,0,10,,17855,19,,,0,10,,17856,19,,,0,10,,17857,19,,,0,10,,17858,19,,,0,50,,17859,19,,,0,10,,17860,19,,,0,10,,17861,19,,,0,10,,17862,19,,,0,10,,17863,19,,,0,10,,17864,19,,,0,50,,17865,19,,,0,10,,17866,19,,,0,12,,17867,19,,,0,10,,17868,19,,,0,10,,17869,19,,,0,50,,17870,19,,,0,10,,17871,19,,,0,10,,17872,19,,,0,10,,17873,19,,,0,10,,17874,19,,,0,10,,17875,19,,,0,50,,17876,19,,,0,10,,17877,19,,,0,10,,17878,19,,,0,10,,17879,19,,,0,10,,17880,19,,,0,10,,17881,19,,,0,50,,17882,19,,,0,7,,17883,19,,,0,8,,17884,19,,,0,10,,17885,19,,,0,10,,17886,19,,,0,10,,17887,19,,,0,10,,17888,19,,,0,50,,17889,19,,,0,10,,17890,19,,,0,10,,17891,19,,,0,10,,17892,19,,,0,10,,17893,19,,,0,10,,17894,19,,,0,50,,17895,19,,,0,10,,17896,19,,,0,10,,17897,19,,,0,10,,17898,19,,,0,10,,17899,19,,,0,10,,17900,19,,,0,50,,17901,19,,,0,10,,17902,19,,,0,10,,17903,19,,,0,10,,17904,19,,,0,10,,17905,19,,,0,10,,17906,19,,,0,50,,17907,19,,,0,8,,17908,19,,,0,15,,17909,19,,,0,15,,17910,19,,,0,15,,17911,19,,,0,55,,17912,19,,,0,15,,17913,19,,,0,15,,17914,19,,,0,15,,17915,19,,,0,55,,17916,19,,,0,15,,17917,19,,,0,15,,17918,19,,,0
401,'259.0.1',629,,18926,33,,,0,100,,18927,33,,,0,100,,18928,33,,,0,30,,18929,33,,,0,70,,18930,33,,,0,30,,18931,33,,,0,70,,18932,33,,,0,30,,18933,33,,,0,73,,18934,33,,,0,70,,18935,33,,,0,30,,18936,33,,,0,70,,18937,33,,,0,30,,18938,33,,,0,70,,18939,33,,,0,30,,18940,33,,,0,70,,18941,33,,,0,30,,18942,33,,,0,70,,18943,33,,,0,30,,18944,33,,,0,70,,18945,33,,,0,30,,18946,33,,,0,70,,18947,33,,,0,28,,18948,33,,,0,70,,18949,33,,,0,30,,18950,33,,,0,70,,18951,33,,,0,30,,18952,33,,,0,70,,18953,33,,,0,30,,18954,33,,,0,70,,18955,33,,,0,26,,18956,33,,,0,100,,18957,33,,,0,100,,18958,33,,,0
401,'259.0.2',729,,18959,33,,,0,30,,18960,33,,,0,70,,18961,33,,,0,30,,18962,33,,,0,70,,18963,33,,,0,30,,18964,33,,,0,70,,18965,33,,,0,30,,18966,33,,,0,69,,18967,33,,,0,30,,18968,33,,,0,70,,18969,33,,,0,30,,18970,33,,,0,70,,18971,33,,,0,30,,18972,33,,,0,70,,18973,33,,,0,30,,18974,33,,,0,70,,18975,33,,,0,30,,18976,33,,,0,70,,18977,33,,,0,30,,18978,33,,,0,70,,18979,33,,,0,30,,18980,33,,,0,70,,18981,33,,,0,30,,18982,33,,,0,70,,18983,33,,,0,72,,18984,33,,,0,26,,18985,33,,,0,100,,18986,33,,,0,100,,18987,33,,,0,100,,18988,33,,,0,100,,18989,33,,,0
401,'259.0.3',608,,18990,33,,,0,15,,18991,33,,,0,15,,18992,33,,,0,15,,18993,33,,,0,57,,18994,33,,,0,20,,18995,33,,,0,8,,18996,33,,,0,8,,18997,33,,,0,8,,18998,33,,,0,48,,18999,33,,,0,8,,19000,33,,,0,8,,19001,33,,,0,8,,19002,33,,,0,8,,19003,33,,,0,8,,19004,33,,,0,8,,19005,33,,,0,8,,19006,33,,,0,48,,19007,33,,,0,7,,19008,33,,,0,6,,19009,33,,,0,8,,19010,33,,,0,8,,19011,33,,,0,8,,19012,33,,,0,8,,19013,33,,,0,8,,19014,33,,,0,48,,19015,33,,,0,8,,19016,33,,,0,8,,19017,33,,,0,8,,19018,33,,,0,11,,19019,33,,,0,15,,19020,33,,,0,55,,19021,33,,,0,15,,19022,33,,,0,15,,19023,33,,,0,15,,19024,33,,,0,55,,19025,33,,,0,15,,19026,33,,,0,15,,19027,33,,,0,15,,19028,33,,,0,55,,19029,33,,,0,15,,19030,33,,,0,15,,19031,33,,,0,15,,19032,33,,,0,55,,19033,33,,,0,15,,19034,33,,,0,15,,19035,33,,,0,15,,19036,33,,,0,56,,19037,33,,,0,16,,19038,33,,,0,18,,19039,33,,,0,55,,19040,33,,,0,15,,19041,33,,,0,15,,19042,33,,,0,15,,19043,33,,,0,55,,19044,33,,,0,15,,19045,33,,,0,15,,19046,33,,,0,15,,19047,33,,,0,54,,19048,33,,,0,12,,19049,33,,,0,11,,19050,33,,,0,15,,19051,33,,,0,15,,19052,33,,,0,60,,19053,33,,,0,20,,19054,33,,,0,20,,19055,33,,,0,60,,19056,33,,,0,20,,19057,33,,,0,20,,19058,33,,,0,60,,19059,33,,,0,20,,19060,33,,,0,20,,19061,33,,,0,60,,19062,33,,,0,28,,19063,33,,,0,70,,19064,33,,,0,30,,19065,33,,,0,70,,19066,33,,,0,30,,19067,33,,,0,70,,19068,33,,,0
801,'259.0.1',615,,19511,75,,,0,30,,19512,75,,,0,70,,19513,75,,,0,30,,19514,75,,,0,73,,19515,75,,,0,33,,19516,75,,,0,70,,19517,75,,,0,31,,19518,75,,,0,74,,19519,75,,,0,74,,19520,75,,,0,30,,19521,75,,,0,70,,19522,75,,,0,30,,19523,75,,,0,71,,19524,75,,,0,31,,19525,75,,,0,71,,19526,75,,,0,30,,19527,75,,,0,70,,19528,75,,,0,30,,19529,75,,,0,70,,19530,75,,,0,30,,19531,75,,,0,70,,19532,75,,,0,30,,19533,75,,,0,67,,19534,75,,,0,28,,19535,75,,,0,29,,19536,75,,,0,70,,19537,75,,,0,26,,19538,75,,,0,65,,19539,75,,,0,29,,19540,75,,,0,70,,19541,75,,,0,30,,19542,75,,,0,70,,19543,75,,,0,30,,19544,75,,,0,70,,19545,75,,,0,30,,19546,75,,,0,70,,19547,75,,,0,100,,19548,75,,,0
801,'259.0.2',621,,19549,75,,,0,30,,19550,75,,,0,70,,19551,75,,,0,30,,19552,75,,,0,70,,19553,75,,,0,30,,19554,75,,,0,72,,19555,75,,,0,35,,19556,75,,,0,70,,19557,75,,,0,31,,19558,75,,,0,73,,19559,75,,,0,70,,19560,75,,,0,30,,19561,75,,,0,70,,19562,75,,,0,30,,19563,75,,,0,70,,19564,75,,,0,30,,19565,75,,,0,70,,19566,75,,,0,30,,19567,75,,,0,70,,19568,75,,,0,30,,19569,75,,,0,70,,19570,75,,,0,30,,19571,75,,,0,70,,19572,75,,,0,26,,19573,75,,,0,28,,19574,75,,,0,70,,19575,75,,,0,30,,19576,75,,,0,70,,19577,75,,,0,30,,19578,75,,,0,66,,19579,75,,,0,27,,19580,75,,,0,70,,19581,75,,,0,30,,19582,75,,,0,100,,19583,75,,,0,100,,19584,75,,,0
801,'259.0.3',610,,19585,75,,,0,30,,19586,75,,,0,72,,19587,75,,,0,24,,19588,75,,,0,70,,19589,75,,,0,20,,19590,75,,,0,20,,19591,75,,,0,60,,19592,75,,,0,16,,19593,75,,,0,16,,19594,75,,,0,17,,19595,75,,,0,60,,19596,75,,,0,20,,19597,75,,,0,20,,19598,75,,,0,60,,19599,75,,,0,20,,19600,75,,,0,20,,19601,75,,,0,60,,19602,75,,,0,20,,19603,75,,,0,20,,19604,75,,,0,60,,19605,75,,,0,20,,19606,75,,,0,20,,19607,75,,,0,60,,19608,75,,,0,20,,19609,75,,,0,20,,19610,75,,,0,62,,19611,75,,,0,20,,19612,75,,,0,63,,19613,75,,,0,33,,19614,75,,,0,70,,19615,75,,,0,30,,19616,75,,,0,70,,19617,75,,,0,20,,19618,75,,,0,25,,19619,75,,,0,68,,19620,75,,,0,30,,19621,75,,,0,70,,19622,75,,,0,30,,19623,75,,,0,70,,19624,75,,,0,26,,19625,75,,,0,69,,19626,75,,,0,30,,19627,75,,,0,70,,19628,75,,,0,30,,19629,75,,,0,70,,19630,75,,,0,30,,19631,75,,,0,70,,19632,75,,,0
12300,'259.0.3',639,,23700,35,,,0,70,,23702,35,,,0,110,,23703,35,,,0,29,,23704,35,,,0,66,,23701,35,,,0
12300,'259.1141.3',746,,23705,35,,,0
12300,'259.1143.3',746,,23706,35,,,0
12700,'259.0.3',642,,23720,25,,,0,58,,23721,25,,,0,21,,23722,25,,,0,11,,23723,25,,,0,9,,23724,25,,,0,60,,23725,25,,,0,15,,23726,25,,,0,15,,23727,25,,,0,5,,23728,25,,,0
18200,'259.0.3',1451,,23847,2,,,0,55,,23848,2,,,0,15,,23849,2,,,0,15,,23850,2,,,0,13,,23851,2,,,0,55,,23852,2,,,0,14,,23853,2,,,0,15,,23854,2,,,0,15,,23855,2,,,0,58,,23856,2,,,0,15,,23857,2,,,0,16,,23858,2,,,0,15,,23860,2,,,0,54,,23859,2,,,0,16,,23861,2,,,0
18300,'259.0.3',1455,,23875,2,,,0,70,,23876,2,,,0,30,,23877,2,,,0,70,,23878,2,,,0,30,,23879,2,,,0,69,,23880,2,,,0,30,,23881,2,,,0
18500,'259.0.3',1503,,23888,2,,,0,15,,23889,2,,,0,15,,23890,2,,,0,15,,23891,2,,,0,55,,23892,2,,,0,15,,23893,2,,,0,15,,23894,2,,,0,15,,23895,2,,,0,54,,23896,2,,,0,15,,23899,2,,,0,15,,23897,2,,,0,15,,23900,2,,,0,55,,23898,2,,,0,15,,23901,2,,,0
18600,'259.0.3',1510,,23914,2,,,0,30,,23915,2,,,0,70,,23916,2,,,0,30,,23919,2,,,0,69,,23917,2,,,0,30,,23918,2,,,0
19200,'259.0.3',1513,,23926,2,,,0,30,,23927,2,,,0,70,,23928,2,,,0,30,,23929,2,,,0,70,,23930,2,,,0,30,,23931,2,,,0
19401,'259.0.3',1533,,23942,2,,,0,70,,23943,2,,,0,30,,23944,2,,,0,70,,23945,2,,,0
19600,'259.0.3',1536,,23946,2,,,0,70,,23947,2,,,0,30,,23948,2,,,0,71,,23949,2,,,0
1000901,'259.0.1',716,,24620,49,,,0,100,,24621,49,,,0,102,,24622,49,,,0,100,,24623,49,,,0,100,,24624,49,,,0,100,,24625,49,,,0,100,,24626,49,,,0,100,,24627,49,,,0,100,,24628,49,,,0,100,,24629,49,,,0,100,,24630,49,,,0,97,,24631,49,,,0,100,,24632,49,,,0,100,,24633,49,,,0,97,,24634,49,,,0,100,,24635,49,,,0,100,,24636,49,,,0,100,,24637,49,,,0
1000901,'259.0.2',710,,24638,49,,,0,98,,24639,49,,,0,105,,24640,49,,,0,100,,24641,49,,,0,102,,24642,49,,,0,100,,24643,49,,,0,100,,24644,49,,,0,100,,24645,49,,,0,100,,24646,49,,,0,100,,24647,49,,,0,100,,24648,49,,,0,100,,24649,49,,,0,100,,24650,49,,,0,98,,24651,49,,,0,96,,24652,49,,,0,100,,24653,49,,,0,99,,24654,49,,,0,99,,24655,49,,,0
1000901,'259.0.3',600,,24656,49,,,0,27,,24657,49,,,0,25,,24658,49,,,0,50,,24659,49,,,0,5,,24660,49,,,0,17,,24661,49,,,0,23,,24662,49,,,0,5,,24663,49,,,0,55,,24664,49,,,0,10,,24665,49,,,0,20,,24666,49,,,0,10,,24667,49,,,0,60,,24668,49,,,0,9,,24669,49,,,0,8,,24670,49,,,0,10,,24671,49,,,0,25,,24672,49,,,0,55,,24673,49,,,0,15,,24674,49,,,0,30,,24675,49,,,0,55,,24676,49,,,0,15,,24677,49,,,0,30,,24678,49,,,0,55,,24679,49,,,0,15,,24680,49,,,0,30,,24681,49,,,0,55,,24682,49,,,0,15,,24683,49,,,0,30,,24684,49,,,0,55,,24685,49,,,0,15,,24686,49,,,0,30,,24687,49,,,0,56,,24688,49,,,0,15,,24689,49,,,0,29,,24690,49,,,0,65,,24691,49,,,0,5,,24692,49,,,0,25,,24693,49,,,0,50,,24694,49,,,0,20,,24695,49,,,0,10,,24696,49,,,0,20,,24697,49,,,0,50,,24698,49,,,0,19,,24699,49,,,0,9,,24700,49,,,0,17,,24701,49,,,0,10,,24702,49,,,0,65,,24703,49,,,0,30,,24704,49,,,0,71,,24705,49,,,0,29,,24706,49,,,0,68,,24707,49,,,0,25,,24708,49,,,0,70,,24709,49,,,0,35,,24710,49,,,0,60,,24711,49,,,0,40,,24712,49,,,0,60,,24713,49,,,0,40,,24714,49,,,0,60,,24715,49,,,0
2000901,'259.0.1',646,,25643,65,,,0,100,,25644,65,,,0,99,,25645,65,,,0,103,,25646,65,,,0,100,,25647,65,,,0,100,,25648,65,,,0,100,,25649,65,,,0,100,,25650,65,,,0,100,,25651,65,,,0,100,,25652,65,,,0,100,,25653,65,,,0,100,,25654,65,,,0,97,,25655,65,,,0,100,,25656,65,,,0,97,,25657,65,,,0,100,,25658,65,,,0,100,,25659,65,,,0,100,,25660,65,,,0,100,,25661,65,,,0
2000901,'259.0.2',640,,25662,65,,,0,100,,25663,65,,,0,98,,25664,65,,,0,105,,25665,65,,,0,100,,25666,65,,,0,102,,25667,65,,,0,100,,25668,65,,,0,100,,25669,65,,,0,100,,25670,65,,,0,100,,25671,65,,,0,100,,25672,65,,,0,100,,25673,65,,,0,100,,25674,65,,,0,100,,25675,65,,,0,94,,25676,65,,,0,100,,25677,65,,,0,100,,25678,65,,,0,97,,25679,65,,,0,100,,25680,65,,,0
2000901,'259.0.3',612,,25681,65,,,0,30,,25682,65,,,0,70,,25683,65,,,0,45,,25684,65,,,0,70,,25685,65,,,0,30,,25686,65,,,0,58,,25687,65,,,0,29,,25688,65,,,0,100,,25689,65,,,0,100,,25690,65,,,0,100,,25691,65,,,0,100,,25692,65,,,0,100,,25693,65,,,0,100,,25694,65,,,0,70,,25695,65,,,0,30,,25696,65,,,0,70,,25697,65,,,0,30,,25698,65,,,0,70,,25699,65,,,0,26,,25700,65,,,0,69,,25701,65,,,0,30,,25702,65,,,0,70,,25703,65,,,0,30,,25704,65,,,0,70,,25705,65,,,0,26,,25706,65,,,0,22,,25707,65,,,0,70,,25708,65,,,0,100,,25709,65,,,0,100,,25710,65,,,0
