201,'244.0.1',614,,9504,24,,,0,100,,9505,24,,,0,100,,9506,24,,,0,15,,9507,24,,,0,15,,9508,24,,,0,15,,9509,24,,,0,55,,9510,24,,,0,15,,9511,24,,,0,15,,9512,24,,,0,15,,9513,24,,,0,58,,9514,24,,,0,16,,9515,24,,,0,15,,9516,24,,,0,55,,9517,24,,,0,15,,9518,24,,,0,15,,9519,24,,,0,15,,9520,24,,,0,55,,9521,24,,,0,15,,9522,24,,,0,15,,9523,24,,,0,15,,9524,24,,,0,55,,9525,24,,,0,15,,9526,24,,,0,15,,9527,24,,,0,15,,9528,24,,,0,55,,9529,24,,,0,15,,9530,24,,,0,15,,9531,24,,,0,15,,9532,24,,,0,55,,9533,24,,,0,15,,9534,24,,,0,15,,9535,24,,,0,15,,9536,24,,,0,55,,9537,24,,,0,15,,9538,24,,,0,15,,9539,24,,,0,14,,9540,24,,,0,55,,9541,24,,,0,15,,9542,24,,,0,15,,9543,24,,,0,15,,9544,24,,,0,55,,9545,24,,,0,15,,9546,24,,,0,15,,9547,24,,,0,13,,9548,24,,,0,14,,9549,24,,,0,55,,9550,24,,,0,30,,9551,24,,,0,70,,9552,24,,,0,30,,9553,24,,,0,70,,9554,24,,,0,30,,9555,24,,,0,70,,9556,24,,,0,30,,9557,24,,,0,70,,9558,24,,,0,30,,9559,24,,,0,70,,9560,24,,,0,30,,9561,24,,,0
201,'244.0.2',624,,9562,24,,,0,100,,9563,24,,,0,95,,9564,24,,,0,20,,9565,24,,,0,20,,9566,24,,,0,60,,9567,24,,,0,20,,9568,24,,,0,62,,9569,24,,,0,20,,9570,24,,,0,20,,9571,24,,,0,60,,9572,24,,,0,20,,9573,24,,,0,20,,9574,24,,,0,60,,9575,24,,,0,20,,9576,24,,,0,20,,9577,24,,,0,60,,9578,24,,,0,20,,9579,24,,,0,20,,9580,24,,,0,60,,9581,24,,,0,20,,9582,24,,,0,20,,9583,24,,,0,60,,9584,24,,,0,20,,9585,24,,,0,20,,9586,24,,,0,60,,9587,24,,,0,20,,9588,24,,,0,20,,9589,24,,,0,60,,9590,24,,,0,20,,9591,24,,,0,20,,9592,24,,,0,60,,9593,24,,,0,15,,9594,24,,,0,29,,9595,24,,,0,69,,9596,24,,,0,30,,9597,24,,,0,70,,9598,24,,,0,30,,9599,24,,,0,70,,9600,24,,,0,30,,9601,24,,,0,70,,9602,24,,,0,30,,9603,24,,,0,70,,9604,24,,,0,30,,9605,24,,,0,70,,9606,24,,,0
201,'244.0.3',546,,9607,24,,,0,70,,9608,24,,,0,30,,9609,24,,,0,55,,9610,24,,,0,15,,9611,24,,,0,19,,9612,24,,,0,18,,9613,24,,,0,55,,9614,24,,,0,15,,9615,24,,,0,15,,9616,24,,,0,15,,9617,24,,,0,53,,9618,24,,,0,14,,9619,24,,,0,15,,9620,24,,,0,15,,9621,24,,,0,55,,9622,24,,,0,15,,9623,24,,,0,15,,9624,24,,,0,15,,9625,24,,,0,55,,9626,24,,,0,15,,9627,24,,,0,15,,9628,24,,,0,15,,9629,24,,,0,55,,9630,24,,,0,15,,9631,24,,,0,15,,9632,24,,,0,15,,9633,24,,,0,55,,9634,24,,,0,15,,9635,24,,,0,15,,9636,24,,,0,15,,9637,24,,,0,55,,9638,24,,,0,15,,9639,24,,,0,15,,9640,24,,,0,15,,9641,24,,,0,55,,9642,24,,,0,15,,9643,24,,,0,16,,9644,24,,,0,16,,9645,24,,,0,55,,9646,24,,,0,15,,9647,24,,,0,15,,9648,24,,,0,15,,9649,24,,,0,55,,9650,24,,,0,15,,9651,24,,,0,15,,9652,24,,,0,13,,9653,24,,,0,54,,9654,24,,,0,15,,9655,24,,,0,15,,9656,24,,,0,15,,9657,24,,,0,69,,9658,24,,,0,30,,9659,24,,,0,70,,9660,24,,,0,30,,9661,24,,,0,70,,9662,24,,,0,30,,9663,24,,,0,70,,9664,24,,,0,30,,9665,24,,,0,70,,9666,24,,,0,30,,9667,24,,,0,70,,9668,24,,,0,30,,9669,24,,,0
301,'244.0.1',621,,9812,20,,,0,100,,9813,20,,,0,100,,9814,20,,,0,30,,9815,20,,,0,70,,9816,20,,,0,30,,9817,20,,,0,70,,9818,20,,,0,33,,9819,20,,,0,70,,9820,20,,,0,30,,9821,20,,,0,70,,9822,20,,,0,30,,9823,20,,,0,70,,9824,20,,,0,30,,9825,20,,,0,70,,9826,20,,,0,30,,9827,20,,,0,70,,9828,20,,,0,30,,9829,20,,,0,70,,9830,20,,,0,30,,9831,20,,,0,70,,9832,20,,,0,30,,9833,20,,,0,67,,9834,20,,,0,30,,9835,20,,,0,70,,9836,20,,,0,30,,9837,20,,,0,70,,9838,20,,,0,30,,9839,20,,,0,70,,9840,20,,,0,30,,9841,20,,,0,70,,9842,20,,,0,30,,9843,20,,,0,70,,9844,20,,,0,30,,9845,20,,,0,70,,9846,20,,,0,30,,9847,20,,,0
301,'244.0.2',620,,9848,20,,,0,100,,9849,20,,,0,100,,9850,20,,,0,30,,9851,20,,,0,70,,9852,20,,,0,20,,9853,20,,,0,60,,9854,20,,,0,20,,9855,20,,,0,22,,9856,20,,,0,60,,9857,20,,,0,20,,9858,20,,,0,20,,9859,20,,,0,60,,9860,20,,,0,20,,9861,20,,,0,20,,9862,20,,,0,60,,9863,20,,,0,20,,9864,20,,,0,20,,9865,20,,,0,60,,9866,20,,,0,20,,9867,20,,,0,20,,9868,20,,,0,60,,9869,20,,,0,20,,9870,20,,,0,20,,9871,20,,,0,60,,9872,20,,,0,20,,9873,20,,,0,20,,9874,20,,,0,60,,9875,20,,,0,20,,9876,20,,,0,20,,9877,20,,,0,60,,9878,20,,,0,20,,9879,20,,,0,30,,9880,20,,,0,70,,9881,20,,,0,30,,9882,20,,,0,70,,9883,20,,,0,30,,9884,20,,,0,68,,9885,20,,,0,30,,9886,20,,,0,70,,9887,20,,,0,30,,9888,20,,,0,70,,9889,20,,,0,30,,9890,20,,,0,70,,9891,20,,,0
301,'244.0.3',552,,9892,20,,,0,70,,9893,20,,,0,15,,9894,20,,,0,15,,9895,20,,,0,55,,9896,20,,,0,15,,9897,20,,,0,18,,9898,20,,,0,18,,9899,20,,,0,55,,9900,20,,,0,15,,9901,20,,,0,15,,9902,20,,,0,15,,9903,20,,,0,55,,9904,20,,,0,14,,9905,20,,,0,16,,9906,20,,,0,60,,9907,20,,,0,20,,9908,20,,,0,20,,9909,20,,,0,60,,9910,20,,,0,20,,9911,20,,,0,20,,9912,20,,,0,60,,9913,20,,,0,20,,9914,20,,,0,20,,9915,20,,,0,60,,9916,20,,,0,20,,9917,20,,,0,20,,9918,20,,,0,60,,9919,20,,,0,20,,9920,20,,,0,20,,9921,20,,,0,60,,9922,20,,,0,22,,9923,20,,,0,15,,9924,20,,,0,15,,9925,20,,,0,55,,9926,20,,,0,15,,9927,20,,,0,15,,9928,20,,,0,15,,9929,20,,,0,55,,9930,20,,,0,15,,9931,20,,,0,15,,9932,20,,,0,15,,9933,20,,,0,53,,9934,20,,,0,14,,9935,20,,,0,15,,9936,20,,,0,15,,9937,20,,,0,60,,9938,20,,,0,20,,9939,20,,,0,20,,9940,20,,,0,60,,9941,20,,,0,20,,9942,20,,,0,20,,9943,20,,,0,60,,9944,20,,,0,10,,9945,20,,,0,30,,9946,20,,,0,70,,9947,20,,,0,27,,9948,20,,,0,70,,9949,20,,,0,33,,9950,20,,,0,70,,9951,20,,,0,30,,9952,20,,,0
2400,'244.0.1',626,,11184,42,,,0,30,,11185,42,,,0,70,,11186,42,,,0,30,,11187,42,,,0,70,,11188,42,,,0,30,,11189,42,,,0,70,,11190,42,,,0,31,,11191,42,,,0,71,,11192,42,,,0,30,,11193,42,,,0,70,,11194,42,,,0,72,,11195,42,,,0,30,,11196,42,,,0,70,,11197,42,,,0,30,,11198,42,,,0,70,,11199,42,,,0,30,,11200,42,,,0,28,,11201,42,,,0,70,,11202,42,,,0,30,,11203,42,,,0,70,,11204,42,,,0,30,,11205,42,,,0,70,,11206,42,,,0,30,,11207,42,,,0,70,,11208,42,,,0,27,,11209,42,,,0,70,,11210,42,,,0,30,,11211,42,,,0,70,,11212,42,,,0,30,,11213,42,,,0,70,,11214,42,,,0,30,,11215,42,,,0,70,,11216,42,,,0,30,,11217,42,,,0,70,,11218,42,,,0,30,,11219,42,,,0
2400,'244.0.2',624,,11220,42,,,0,30,,11221,42,,,0,70,,11222,42,,,0,30,,11223,42,,,0,70,,11224,42,,,0,30,,11225,42,,,0,70,,11226,42,,,0,33,,11227,42,,,0,70,,11228,42,,,0,30,,11229,42,,,0,70,,11230,42,,,0,30,,11231,42,,,0,70,,11232,42,,,0,30,,11233,42,,,0,70,,11234,42,,,0,30,,11235,42,,,0,70,,11236,42,,,0,30,,11237,42,,,0,70,,11238,42,,,0,30,,11239,42,,,0,70,,11240,42,,,0,30,,11241,42,,,0,70,,11242,42,,,0,30,,11243,42,,,0,70,,11244,42,,,0,28,,11245,42,,,0,70,,11246,42,,,0,30,,11247,42,,,0,70,,11248,42,,,0,30,,11249,42,,,0,70,,11250,42,,,0,30,,11251,42,,,0,70,,11252,42,,,0,30,,11253,42,,,0,70,,11254,42,,,0,30,,11255,42,,,0
2400,'244.0.3',628,,11256,42,,,0,30,,11257,42,,,0,70,,11258,42,,,0,31,,11259,42,,,0,70,,11260,42,,,0,73,,11261,42,,,0,25,,11262,42,,,0,30,,11263,42,,,0,70,,11264,42,,,0,30,,11265,42,,,0,70,,11266,42,,,0,30,,11267,42,,,0,70,,11268,42,,,0,30,,11269,42,,,0,70,,11270,42,,,0,30,,11271,42,,,0,70,,11272,42,,,0,30,,11273,42,,,0,70,,11274,42,,,0,30,,11275,42,,,0,70,,11276,42,,,0,30,,11277,42,,,0,70,,11278,42,,,0,30,,11279,42,,,0,70,,11280,42,,,0,30,,11281,42,,,0,67,,11282,42,,,0,30,,11283,42,,,0,70,,11284,42,,,0,30,,11285,42,,,0,70,,11286,42,,,0,30,,11287,42,,,0,70,,11288,42,,,0,30,,11289,42,,,0,70,,11290,42,,,0,30,,11291,42,,,0
2900,'244.0.1',627,,11695,6,,,0,30,,11696,6,,,0,70,,11697,6,,,0,30,,11698,6,,,0,70,,11699,6,,,0,30,,11700,6,,,0,70,,11701,6,,,0,30,,11702,6,,,0,71,,11703,6,,,0,26,,11704,6,,,0,70,,11705,6,,,0,30,,11706,6,,,0,70,,11707,6,,,0,30,,11708,6,,,0,70,,11709,6,,,0,30,,11710,6,,,0,70,,11711,6,,,0,30,,11712,6,,,0,70,,11713,6,,,0,30,,11714,6,,,0,70,,11715,6,,,0,31,,11716,6,,,0,71,,11717,6,,,0,30,,11718,6,,,0,70,,11719,6,,,0,30,,11720,6,,,0,70,,11721,6,,,0,30,,11722,6,,,0,70,,11723,6,,,0,102,,11724,6,,,0,100,,11725,6,,,0,100,,11726,6,,,0,81,,11727,6,,,0
2900,'244.0.2',632,,11728,6,,,0,70,,11729,6,,,0,30,,11730,6,,,0,70,,11731,6,,,0,30,,11732,6,,,0,70,,11733,6,,,0,30,,11734,6,,,0,70,,11735,6,,,0,30,,11736,6,,,0,71,,11737,6,,,0,27,,11738,6,,,0,70,,11739,6,,,0,30,,11740,6,,,0,70,,11741,6,,,0,30,,11742,6,,,0,70,,11743,6,,,0,30,,11744,6,,,0,70,,11745,6,,,0,30,,11746,6,,,0,70,,11747,6,,,0,30,,11748,6,,,0,70,,11749,6,,,0,30,,11750,6,,,0,70,,11751,6,,,0,32,,11752,6,,,0,100,,11753,6,,,0,100,,11754,6,,,0,100,,11755,6,,,0,100,,11756,6,,,0,100,,11757,6,,,0,78,,11758,6,,,0
2900,'244.0.3',544,,11759,6,,,0,15,,11760,6,,,0,55,,11761,6,,,0,14,,11762,6,,,0,12,,11763,6,,,0,15,,11764,6,,,0,55,,11765,6,,,0,15,,11766,6,,,0,15,,11767,6,,,0,15,,11768,6,,,0,55,,11769,6,,,0,15,,11770,6,,,0,16,,11771,6,,,0,18,,11772,6,,,0,55,,11773,6,,,0,30,,11774,6,,,0,70,,11775,6,,,0,30,,11776,6,,,0,70,,11777,6,,,0,30,,11778,6,,,0,70,,11779,6,,,0,30,,11780,6,,,0,70,,11781,6,,,0,30,,11782,6,,,0,70,,11783,6,,,0,29,,11784,6,,,0,65,,11785,6,,,0,15,,11786,6,,,0,15,,11787,6,,,0,15,,11788,6,,,0,55,,11789,6,,,0,15,,11790,6,,,0,15,,11791,6,,,0,15,,11792,6,,,0,55,,11793,6,,,0,15,,11794,6,,,0,22,,11795,6,,,0,57,,11796,6,,,0,15,,11797,6,,,0,15,,11798,6,,,0,15,,11799,6,,,0,70,,11800,6,,,0,30,,11801,6,,,0,70,,11802,6,,,0,30,,11803,6,,,0,70,,11804,6,,,0,30,,11805,6,,,0,70,,11806,6,,,0,100,,11807,6,,,0,88,,11808,6,,,0
