101,'259.0.1',609,,17919,12,,,0,15,,17920,12,,,0,15,,17921,12,,,0,15,,17922,12,,,0,55,,17923,12,,,0,15,,17924,12,,,0,17,,17925,12,,,0,15,,17926,12,,,0,55,,17927,12,,,0,15,,17928,12,,,0,15,,17929,12,,,0,15,,17930,12,,,0,55,,17931,12,,,0,15,,17932,12,,,0,15,,17933,12,,,0,15,,17934,12,,,0,55,,17935,12,,,0,15,,17936,12,,,0,15,,17937,12,,,0,15,,17938,12,,,0,58,,17939,12,,,0,15,,17940,12,,,0,15,,17941,12,,,0,15,,17942,12,,,0,55,,17943,12,,,0,15,,17944,12,,,0,15,,17945,12,,,0,15,,17946,12,,,0,55,,17947,12,,,0,15,,17948,12,,,0,15,,17949,12,,,0,15,,17950,12,,,0,55,,17951,12,,,0,15,,17952,12,,,0,15,,17953,12,,,0,15,,17954,12,,,0,55,,17955,12,,,0,15,,17956,12,,,0,15,,17957,12,,,0,15,,17958,12,,,0,55,,17959,12,,,0,15,,17960,12,,,0,15,,17961,12,,,0,15,,17962,12,,,0,55,,17963,12,,,0,15,,17964,12,,,0,15,,17965,12,,,0,15,,17966,12,,,0,54,,17967,12,,,0,14,,17968,12,,,0,15,,17969,12,,,0,15,,17970,12,,,0,55,,17971,12,,,0,15,,17972,12,,,0,15,,17973,12,,,0,15,,17974,12,,,0,55,,17975,12,,,0,15,,17976,12,,,0,15,,17977,12,,,0,15,,17978,12,,,0,52,,17979,12,,,0,15,,17980,12,,,0,15,,17981,12,,,0,15,,17982,12,,,0,55,,17983,12,,,0,15,,17984,12,,,0,15,,17985,12,,,0,15,,17986,12,,,0,55,,17987,12,,,0,15,,17988,12,,,0,15,,17989,12,,,0,15,,17990,12,,,0,55,,17991,12,,,0,15,,17992,12,,,0,15,,17993,12,,,0
101,'259.0.2',608,,17994,12,,,0,25,,17995,12,,,0,15,,17996,12,,,0,55,,17997,12,,,0,15,,17998,12,,,0,15,,17999,12,,,0,15,,18000,12,,,0,55,,18001,12,,,0,15,,18002,12,,,0,16,,18003,12,,,0,16,,18004,12,,,0,55,,18005,12,,,0,15,,18006,12,,,0,15,,18007,12,,,0,15,,18008,12,,,0,55,,18009,12,,,0,15,,18010,12,,,0,15,,18011,12,,,0,15,,18012,12,,,0,55,,18013,12,,,0,16,,18014,12,,,0,16,,18015,12,,,0,15,,18016,12,,,0,55,,18017,12,,,0,15,,18018,12,,,0,15,,18019,12,,,0,15,,18020,12,,,0,55,,18021,12,,,0,15,,18022,12,,,0,15,,18023,12,,,0,15,,18024,12,,,0,55,,18025,12,,,0,15,,18026,12,,,0,15,,18027,12,,,0,15,,18028,12,,,0,55,,18029,12,,,0,15,,18030,12,,,0,15,,18031,12,,,0,15,,18032,12,,,0,55,,18033,12,,,0,15,,18034,12,,,0,15,,18035,12,,,0,15,,18036,12,,,0,55,,18037,12,,,0,15,,18038,12,,,0,15,,18039,12,,,0,15,,18040,12,,,0,55,,18041,12,,,0,14,,18042,12,,,0,13,,18043,12,,,0,15,,18044,12,,,0,55,,18045,12,,,0,15,,18046,12,,,0,15,,18047,12,,,0,15,,18048,12,,,0,55,,18049,12,,,0,30,,18050,12,,,0,70,,18051,12,,,0,30,,18052,12,,,0,70,,18053,12,,,0,30,,18054,12,,,0,70,,18055,12,,,0,30,,18056,12,,,0,70,,18057,12,,,0
101,'259.0.3',557,,18058,12,,,0,70,,18059,12,,,0,13,,18060,12,,,0,15,,18061,12,,,0,55,,18062,12,,,0,10,,18063,12,,,0,10,,18064,12,,,0,13,,18065,12,,,0,12,,18066,12,,,0,50,,18067,12,,,0,10,,18068,12,,,0,10,,18069,12,,,0,12,,18070,12,,,0,10,,18071,12,,,0,8,,18072,12,,,0,48,,18073,12,,,0,10,,18074,12,,,0,10,,18075,12,,,0,10,,18076,12,,,0,10,,18077,12,,,0,10,,18078,12,,,0,49,,18079,12,,,0,9,,18080,12,,,0,10,,18081,12,,,0,10,,18082,12,,,0,10,,18083,12,,,0,10,,18084,12,,,0,50,,18085,12,,,0,10,,18086,12,,,0,10,,18087,12,,,0,11,,18088,12,,,0,10,,18089,12,,,0,10,,18090,12,,,0,50,,18091,12,,,0,10,,18092,12,,,0,10,,18093,12,,,0,10,,18094,12,,,0,10,,18095,12,,,0,10,,18096,12,,,0,50,,18097,12,,,0,10,,18098,12,,,0,10,,18099,12,,,0,10,,18100,12,,,0,10,,18101,12,,,0,10,,18102,12,,,0,50,,18103,12,,,0,10,,18104,12,,,0,10,,18105,12,,,0,10,,18106,12,,,0,10,,18107,12,,,0,10,,18108,12,,,0,50,,18109,12,,,0,10,,18110,12,,,0,10,,18111,12,,,0,10,,18112,12,,,0,12,,18113,12,,,0,12,,18114,12,,,0,50,,18115,12,,,0,10,,18116,12,,,0,10,,18117,12,,,0,10,,18118,12,,,0,10,,18119,12,,,0,10,,18120,12,,,0,50,,18121,12,,,0,10,,18122,12,,,0,10,,18123,12,,,0,10,,18124,12,,,0,10,,18125,12,,,0,10,,18126,12,,,0,49,,18127,12,,,0,7,,18128,12,,,0,9,,18129,12,,,0,10,,18130,12,,,0,10,,18131,12,,,0,10,,18132,12,,,0,50,,18133,12,,,0,10,,18134,12,,,0,10,,18135,12,,,0,10,,18136,12,,,0,10,,18137,12,,,0,10,,18138,12,,,0,50,,18139,12,,,0,9,,18140,12,,,0,9,,18141,12,,,0,10,,18142,12,,,0,10,,18143,12,,,0,10,,18144,12,,,0,10,,18145,12,,,0,50,,18146,12,,,0,10,,18147,12,,,0,10,,18148,12,,,0,10,,18149,12,,,0,10,,18150,12,,,0,10,,18151,12,,,0,50,,18152,12,,,0,10,,18153,12,,,0,15,,18154,12,,,0,15,,18155,12,,,0,55,,18156,12,,,0,15,,18157,12,,,0,15,,18158,12,,,0,15,,18159,12,,,0,55,,18160,12,,,0,15,,18161,12,,,0,15,,18162,12,,,0,15,,18163,12,,,0,55,,18164,12,,,0
800,'259.0.1',543,,19386,6,,,0,70,,19387,6,,,0,30,,19388,6,,,0,70,,19389,6,,,0,30,,19390,6,,,0,60,,19391,6,,,0,20,,19392,6,,,0,30,,19393,6,,,0,70,,19394,6,,,0,30,,19395,6,,,0,70,,19396,6,,,0,26,,19397,6,,,0,70,,19398,6,,,0,30,,19399,6,,,0,70,,19400,6,,,0,30,,19401,6,,,0,70,,19402,6,,,0,30,,19403,6,,,0,71,,19404,6,,,0,30,,19405,6,,,0,70,,19406,6,,,0,30,,19407,6,,,0,70,,19408,6,,,0,30,,19409,6,,,0,70,,19410,6,,,0,30,,19411,6,,,0,74,,19412,6,,,0,30,,19413,6,,,0,70,,19414,6,,,0,30,,19415,6,,,0,70,,19416,6,,,0,30,,19417,6,,,0,70,,19418,6,,,0,30,,19419,6,,,0,70,,19420,6,,,0,29,,19421,6,,,0,70,,19422,6,,,0,100,,19423,6,,,0
800,'259.0.2',558,,19424,6,,,0,70,,19425,6,,,0,30,,19426,6,,,0,70,,19427,6,,,0,30,,19428,6,,,0,70,,19429,6,,,0,30,,19430,6,,,0,70,,19431,6,,,0,30,,19432,6,,,0,71,,19433,6,,,0,30,,19434,6,,,0,65,,19435,6,,,0,30,,19436,6,,,0,70,,19437,6,,,0,30,,19438,6,,,0,70,,19439,6,,,0,30,,19440,6,,,0,70,,19441,6,,,0,30,,19442,6,,,0,70,,19443,6,,,0,30,,19444,6,,,0,75,,19445,6,,,0,30,,19446,6,,,0,70,,19447,6,,,0,30,,19448,6,,,0,70,,19449,6,,,0,30,,19450,6,,,0,70,,19451,6,,,0,30,,19452,6,,,0,69,,19453,6,,,0,30,,19454,6,,,0,70,,19455,6,,,0,30,,19456,6,,,0,70,,19457,6,,,0,100,,19458,6,,,0,100,,19459,6,,,0
800,'259.0.3',530,,19462,6,,,0,70,,19463,6,,,0,30,,19464,6,,,0,70,,19465,6,,,0,31,,19466,6,,,0,71,,19467,6,,,0,30,,19468,6,,,0,70,,19469,6,,,0,30,,19470,6,,,0,20,,19471,6,,,0,60,,19472,6,,,0,20,,19473,6,,,0,20,,19474,6,,,0,60,,19475,6,,,0,20,,19476,6,,,0,20,,19477,6,,,0,60,,19478,6,,,0,20,,19479,6,,,0,20,,19480,6,,,0,60,,19481,6,,,0,20,,19482,6,,,0,20,,19483,6,,,0,60,,19484,6,,,0,20,,19485,6,,,0,20,,19486,6,,,0,62,,19487,6,,,0,20,,19488,6,,,0,20,,19489,6,,,0,60,,19490,6,,,0,20,,19491,6,,,0,20,,19492,6,,,0,60,,19493,6,,,0,20,,19494,6,,,0,77,,19495,6,,,0,10,,19510,6,,,0,10,,19496,6,,,0,70,,19497,6,,,0,30,,19498,6,,,0,70,,19499,6,,,0,30,,19500,6,,,0,70,,19501,6,,,0,30,,19502,6,,,0,70,,19503,6,,,0,30,,19504,6,,,0,70,,19505,6,,,0,30,,19506,6,,,0,70,,19507,6,,,0,30,,19508,6,,,0,70,,19509,6,,,0
12301,'259.0.3',1525,,23715,4,,,0,30,,23717,4,,,0,70,,23718,4,,,0,30,,23707,4,,,0,70,,23712,4,,,0,29,,23716,4,,,0,70,,23719,4,,,0
12701,'259.0.3',1542,,23729,4,,,0,15,,23730,4,,,0,55,,23731,4,,,0,45,,23732,4,,,0,55,,23733,4,,,0,15,,23734,4,,,0,15,,23735,4,,,0
12701,'259.1141.3',1622,,23736,4,,,0,20,,23737,4,,,0
12701,'259.1143.3',1622,,23738,4,,,0,20,,23739,4,,,0
18201,'259.0.3',617,,23862,52,,,0,15,,23863,52,,,0,15,,23864,52,,,0,56,,23865,52,,,0,19,,23866,52,,,0,17,,23867,52,,,0,18,,23868,52,,,0,53,,23874,52,,,0,15,,23869,52,,,0,15,,23870,52,,,0,15,,23871,52,,,0,55,,23873,52,,,0,15,,23872,52,,,0
18301,'259.0.3',650,,23882,28,,,0,72,,23883,28,,,0,78,,23884,28,,,0,30,,23885,28,,,0,70,,23886,28,,,0,30,,23887,28,,,0
18501,'259.0.3',628,,23902,33,,,0,21,,23912,33,,,0,10,,23903,33,,,0,56,,23904,33,,,0,16,,23905,33,,,0,20,,23911,33,,,0,58,,23906,33,,,0,14,,23907,33,,,0,15,,23908,33,,,0,15,,23909,33,,,0,55,,23910,33,,,0,15,,23913,33,,,0
18601,'259.0.3',635,,23920,32,,,0,72,,23921,32,,,0,32,,23922,32,,,0,77,,23923,32,,,0,29,,23924,32,,,0,70,,23925,32,,,0
19201,'259.0.3',649,,23937,23,,,0,70,,23932,23,,,0,30,,23933,23,,,0,70,,23934,23,,,0,30,,23935,23,,,0,70,,23936,23,,,0
19400,'259.0.3',719,,23938,19,,,0,30,,23939,19,,,0,69,,23940,19,,,0,30,,23941,19,,,0
19601,'259.0.3',720,,23950,34,,,0,29,,23951,34,,,0,65,,23952,34,,,0,34,,23953,34,,,0
1000900,'259.0.1',651,,24530,6,,,0,100,,24531,6,,,0,100,,24532,6,,,0,95,,24533,6,,,0,100,,24534,6,,,0,96,,24535,6,,,0,100,,24536,6,,,0,100,,24537,6,,,0,100,,24538,6,,,0,100,,24539,6,,,0,100,,24540,6,,,0,100,,24541,6,,,0,100,,24542,6,,,0,104,,24543,6,,,0,100,,24544,6,,,0,100,,24545,6,,,0,100,,24546,6,,,0,100,,24547,6,,,0
1000900,'259.0.2',649,,24548,6,,,0,96,,24549,6,,,0,100,,24550,6,,,0,100,,24551,6,,,0,101,,24552,6,,,0,100,,24553,6,,,0,100,,24554,6,,,0,100,,24555,6,,,0,100,,24556,6,,,0,100,,24557,6,,,0,100,,24558,6,,,0,100,,24559,6,,,0,100,,24560,6,,,0,100,,24561,6,,,0,101,,24562,6,,,0,100,,24563,6,,,0,100,,24564,6,,,0,100,,24565,6,,,0
1000900,'259.0.3',603,,24566,6,,,0,30,,24567,6,,,0,70,,24568,6,,,0,30,,24569,6,,,0,71,,24570,6,,,0,29,,24571,6,,,0,12,,24572,6,,,0,55,,24573,6,,,0,30,,24574,6,,,0,15,,24575,6,,,0,55,,24576,6,,,0,30,,24577,6,,,0,15,,24578,6,,,0,12,,24579,6,,,0,67,,24580,6,,,0,15,,24581,6,,,0,15,,24582,6,,,0,70,,24583,6,,,0,15,,24584,6,,,0,15,,24585,6,,,0,70,,24586,6,,,0,15,,24587,6,,,0,15,,24588,6,,,0,70,,24589,6,,,0,26,,24590,6,,,0,60,,24591,6,,,0,9,,24592,6,,,0,19,,24593,6,,,0,10,,24594,6,,,0,60,,24595,6,,,0,10,,24596,6,,,0,20,,24597,6,,,0,10,,24598,6,,,0,10,,24599,6,,,0,61,,24600,6,,,0,9,,24601,6,,,0,7,,24602,6,,,0,16,,24603,6,,,0,50,,24604,6,,,0,20,,24605,6,,,0,10,,24606,6,,,0,70,,24607,6,,,0,30,,24608,6,,,0,70,,24609,6,,,0,30,,24610,6,,,0,70,,24611,6,,,0,29,,24612,6,,,0,15,,24613,6,,,0,55,,24614,6,,,0,35,,24615,6,,,0,20,,24616,6,,,0,80,,24617,6,,,0,20,,24618,6,,,0,80,,24619,6,,,0
1001001,'259.0.3',646,,24739,12,,,0,65,,24740,12,,,0,20,,24741,12,,,0,20,,24742,12,,,0,60,,24743,12,,,0,20,,24744,12,,,0,20,,24745,12,,,0,56,,24746,12,,,0,20,,24747,12,,,0,507,,24748,12,,,0,15,,24749,12,,,0,64,,24750,12,,,0,21,,24751,12,,,0,20,,24752,12,,,0,60,,24753,12,,,0,20,,24754,12,,,0,25,,24755,12,,,0,64,,24756,12,,,0,22,,24757,12,,,0,60,,24758,12,,,0,9,,24759,12,,,0,20,,24760,12,,,0
2000900,'259.0.1',621,,25574,6,,,0,100,,25575,6,,,0,100,,25576,6,,,0,94,,25577,6,,,0,100,,25578,6,,,0,100,,25579,6,,,0,96,,25580,6,,,0,100,,25581,6,,,0,100,,25582,6,,,0,100,,25583,6,,,0,100,,25584,6,,,0,100,,25585,6,,,0,100,,25586,6,,,0,104,,25587,6,,,0,100,,25588,6,,,0,100,,25589,6,,,0,100,,25590,6,,,0,100,,25591,6,,,0,100,,25592,6,,,0
2000900,'259.0.2',620,,25593,6,,,0,97,,25594,6,,,0,98,,25595,6,,,0,100,,25596,6,,,0,100,,25597,6,,,0,100,,25598,6,,,0,100,,25599,6,,,0,100,,25600,6,,,0,100,,25601,6,,,0,100,,25602,6,,,0,100,,25603,6,,,0,100,,25604,6,,,0,100,,25605,6,,,0,100,,25606,6,,,0,102,,25607,6,,,0,100,,25608,6,,,0,100,,25609,6,,,0,100,,25610,6,,,0,100,,25611,6,,,0
2000900,'259.0.3',618,,25614,6,,,0,30,,25615,6,,,0,70,,25616,6,,,0,26,,25617,6,,,0,70,,25618,6,,,0,100,,25619,6,,,0,100,,25620,6,,,0,96,,25621,6,,,0,96,,25622,6,,,0,100,,25623,6,,,0,100,,25624,6,,,0,28,,25625,6,,,0,25,,25626,6,,,0,68,,25627,6,,,0,30,,25628,6,,,0,70,,25629,6,,,0,80,,25630,6,,,0,33,,25631,6,,,0,70,,25632,6,,,0,30,,25633,6,,,0,70,,25634,6,,,0,30,,25635,6,,,0,70,,25636,6,,,0,30,,25637,6,,,0,70,,25638,6,,,0,100,,25639,6,,,0,100,,25640,6,,,0,100,,25641,6,,,0,100,,25642,6,,,0
2001001,'259.0.1',655,,25812,23,,,0,94,,25813,23,,,0,88,,25814,23,,,0,72,,25815,23,,,0,30,,25816,23,,,0,71,,25817,23,,,0,33,,25818,23,,,0,71,,25819,23,,,0,31,,25820,23,,,0,72,,25821,23,,,0,33,,25822,23,,,0,72,,25823,23,,,0,30,,25824,23,,,0,70,,25825,23,,,0,30,,25826,23,,,0,70,,25827,23,,,0,30,,25828,23,,,0,70,,25829,23,,,0,30,,25830,23,,,0,70,,25831,23,,,0,30,,25832,23,,,0,70,,25833,23,,,0,30,,25834,23,,,0,66,,25835,23,,,0,26,,25836,23,,,0,70,,25837,23,,,0,30,,25838,23,,,0,100,,25839,23,,,0,99,,25840,23,,,0,99,,25841,23,,,0,100,,25842,23,,,0
2001001,'259.0.2',649,,25843,23,,,0,92,,25844,23,,,0,90,,25845,23,,,0,72,,25846,23,,,0,31,,25847,23,,,0,72,,25848,23,,,0,32,,25849,23,,,0,72,,25850,23,,,0,31,,25851,23,,,0,70,,25852,23,,,0,30,,25853,23,,,0,70,,25854,23,,,0,30,,25855,23,,,0,70,,25856,23,,,0,32,,25857,23,,,0,71,,25858,23,,,0,30,,25859,23,,,0,70,,25860,23,,,0,30,,25861,23,,,0,69,,25862,23,,,0,30,,25863,23,,,0,70,,25864,23,,,0,30,,25865,23,,,0,101,,25866,23,,,0,100,,25867,23,,,0,100,,25868,23,,,0,100,,25869,23,,,0,100,,25870,23,,,0,100,,25871,23,,,0
2001001,'259.0.3',607,,25872,23,,,0,30,,25873,23,,,0,64,,25874,23,,,0,23,,25875,23,,,0,22,,25910,23,,,0,60,,25876,23,,,0,20,,25877,23,,,0,20,,25878,23,,,0,60,,25879,23,,,0,50,,25880,23,,,0,60,,25881,23,,,0,24,,25882,23,,,0,70,,25883,23,,,0,31,,25884,23,,,0,70,,25885,23,,,0,30,,25886,23,,,0,70,,25887,23,,,0,30,,25888,23,,,0,79,,25889,23,,,0,21,,25890,23,,,0,64,,25891,23,,,0,15,,25892,23,,,0,21,,25893,23,,,0,60,,25894,23,,,0,20,,25895,23,,,0,21,,25896,23,,,0,64,,25897,23,,,0,25,,25898,23,,,0,21,,25899,23,,,0,60,,25900,23,,,0,9,,25901,23,,,0,20,,25902,23,,,0,70,,25903,23,,,0,26,,25904,23,,,0,72,,25905,23,,,0,30,,25906,23,,,0,70,,25907,23,,,0,30,,25908,23,,,0,70,,25909,23,,,0
3001001,'259.0.1',625,,26385,31,,,0,94,,26386,31,,,0,100,,26387,31,,,0,35,,26388,31,,,0,70,,26389,31,,,0,30,,26390,31,,,0,70,,26391,31,,,0,34,,26392,31,,,0,72,,26393,31,,,0,71,,26394,31,,,0,32,,26395,31,,,0,74,,26396,31,,,0,30,,26397,31,,,0,70,,26398,31,,,0,30,,26399,31,,,0,70,,26400,31,,,0,30,,26401,31,,,0,70,,26402,31,,,0,30,,26403,31,,,0,70,,26404,31,,,0,30,,26405,31,,,0,70,,26406,31,,,0,30,,26407,31,,,0,69,,26408,31,,,0,24,,26409,31,,,0,28,,26410,31,,,0,70,,26411,31,,,0,100,,26412,31,,,0,96,,26413,31,,,0,94,,26414,31,,,0,100,,26415,31,,,0
3001001,'259.0.2',624,,26417,31,,,0,90,,26418,31,,,0,100,,26419,31,,,0,30,,26420,31,,,0,70,,26421,31,,,0,30,,26422,31,,,0,73,,26423,31,,,0,33,,26424,31,,,0,74,,26425,31,,,0,30,,26426,31,,,0,70,,26427,31,,,0,30,,26428,31,,,0,71,,26429,31,,,0,30,,26430,31,,,0,70,,26431,31,,,0,30,,26432,31,,,0,73,,26433,31,,,0,30,,26434,31,,,0,70,,26435,31,,,0,30,,26436,31,,,0,70,,26437,31,,,0,30,,26438,31,,,0,70,,26439,31,,,0,30,,26440,31,,,0,67,,26441,31,,,0,100,,26442,31,,,0,94,,26443,31,,,0,100,,26444,31,,,0,100,,26445,31,,,0
3001001,'259.0.3',552,,26447,31,,,0,70,,26448,31,,,0,32,,26449,31,,,0,65,,26450,31,,,0,22,,26451,31,,,0,60,,26452,31,,,0,18,,26453,31,,,0,19,,26454,31,,,0,20,,26455,31,,,0,56,,26456,31,,,0,32,,26457,31,,,0,60,,26458,31,,,0,20,,26459,31,,,0,28,,26460,31,,,0,72,,26461,31,,,0,30,,26462,31,,,0,70,,26463,31,,,0,30,,26464,31,,,0,70,,26465,31,,,0,30,,26466,31,,,0,70,,26467,31,,,0,30,,26468,31,,,0,70,,26469,31,,,0,21,,26470,31,,,0,60,,26471,31,,,0,20,,26472,31,,,0,21,,26473,31,,,0,67,,26474,31,,,0,23,,26475,31,,,0,20,,26476,31,,,0,60,,26477,31,,,0,18,,26478,31,,,0,16,,26479,31,,,0,57,,26480,31,,,0,13,,26481,31,,,0,12,,26482,31,,,0,19,,26483,31,,,0,79,,26484,31,,,0,70,,26485,31,,,0,30,,26486,31,,,0,70,,26487,31,,,0,30,,26488,31,,,0,68,,26489,31,,,0,24,,26490,31,,,0
