8200,'259.0.1',606,,22580,2,,,0,100,,22581,2,,,0,100,,22582,2,,,0,100,,22583,2,,,0,100,,22584,2,,,0,100,,22585,2,,,0,100,,22586,2,,,0,100,,22587,2,,,0,100,,22588,2,,,0,100,,22589,2,,,0,100,,22590,2,,,0,100,,22591,2,,,0,100,,22592,2,,,0,100,,22593,2,,,0,100,,22594,2,,,0,100,,22595,2,,,0,100,,22596,2,,,0
8200,'259.0.2',608,,22597,2,,,0,100,,22598,2,,,0,100,,22599,2,,,0,100,,22600,2,,,0,100,,22601,2,,,0,100,,22602,2,,,0,100,,22603,2,,,0,100,,22604,2,,,0,100,,22605,2,,,0,100,,22606,2,,,0,100,,22607,2,,,0,100,,22608,2,,,0,100,,22609,2,,,0,100,,22610,2,,,0,100,,22611,2,,,0,100,,22612,2,,,0
8200,'259.0.3',556,,22613,2,,,0,64,,22614,2,,,0,28,,22615,2,,,0,70,,22616,2,,,0,30,,22617,2,,,0,93,,22618,2,,,0,69,,22619,2,,,0,100,,22620,2,,,0,100,,22621,2,,,0,100,,22622,2,,,0,100,,22623,2,,,0,100,,22624,2,,,0,100,,22625,2,,,0,430,,22626,2,,,0,100,,22627,2,,,0,100,,22628,2,,,0,100,,22629,2,,,0
8400,'259.0.1',658,,22782,14,,,0,100,,22783,14,,,0,100,,22784,14,,,0,100,,22785,14,,,0,100,,22786,14,,,0,97,,22787,14,,,0,100,,22788,14,,,0,100,,22789,14,,,0,100,,22790,14,,,0,100,,22791,14,,,0,100,,22792,14,,,0,100,,22793,14,,,0,98,,22794,14,,,0,105,,22795,14,,,0,100,,22796,14,,,0,100,,22797,14,,,0,100,,22798,14,,,0
8400,'259.0.2',703,,22799,14,,,0,100,,22800,14,,,0,100,,22801,14,,,0,100,,22802,14,,,0,100,,22803,14,,,0,56,,22804,14,,,0,100,,22805,14,,,0,100,,22806,14,,,0,100,,22807,14,,,0,100,,22808,14,,,0,144,,22809,14,,,0,100,,22810,14,,,0,100,,22811,14,,,0,100,,22812,14,,,0,99,,22813,14,,,0,100,,22814,14,,,0,100,,22815,14,,,0
8400,'259.0.3',610,,22846,14,,,0,30,,22816,14,,,0,70,,22817,14,,,0,31,,22818,14,,,0,71,,22819,14,,,0,30,,22820,14,,,0,70,,22821,14,,,0,100,,22822,14,,,0,100,,22823,14,,,0,100,,22824,14,,,0,100,,22825,14,,,0,100,,22826,14,,,0,104,,22827,14,,,0,30,,22828,14,,,0,55,,22829,14,,,0,15,,22830,14,,,0,15,,22831,14,,,0,15,,22832,14,,,0,55,,22833,14,,,0,15,,22834,14,,,0,15,,22835,14,,,0,14,,22836,14,,,0,55,,22837,14,,,0,12,,22838,14,,,0,15,,22847,14,,,0,15,,22839,14,,,0,98,,22840,14,,,0,100,,22841,14,,,0,100,,22842,14,,,0,100,,22843,14,,,0,103,,22844,14,,,0,103,,22845,14,,,0
8800,'259.0.1',715,,23289,12,,,0,100,,23290,12,,,0,100,,23291,12,,,0,100,,23292,12,,,0,100,,23293,12,,,0,100,,23294,12,,,0,100,,23295,12,,,0,100,,23296,12,,,0,100,,23297,12,,,0,100,,23298,12,,,0,100,,23299,12,,,0,100,,23300,12,,,0,100,,23301,12,,,0,100,,23302,12,,,0,100,,23303,12,,,0,100,,23304,12,,,0
8800,'259.0.2',715,,23305,12,,,0,100,,23306,12,,,0,100,,23307,12,,,0,100,,23308,12,,,0,100,,23309,12,,,0,100,,23310,12,,,0,100,,23311,12,,,0,100,,23312,12,,,0,100,,23313,12,,,0,100,,23314,12,,,0,100,,23315,12,,,0,100,,23316,12,,,0,100,,23317,12,,,0,100,,23318,12,,,0,100,,23319,12,,,0
8800,'259.0.3',633,,23320,12,,,0,100,,23321,12,,,0,100,,23322,12,,,0,100,,23323,12,,,0,100,,23324,12,,,0,100,,23325,12,,,0,100,,23326,12,,,0,100,,23327,12,,,0,100,,23328,12,,,0,100,,23329,12,,,0,100,,23330,12,,,0,100,,23331,12,,,0,75,,23332,12,,,0,40,,23333,12,,,0,100,,23334,12,,,0,100,,23335,12,,,0,100,,23336,12,,,0
18200,'259.0.3',1530,,23847,20,,,0,15,,23848,20,,,0,57,,23849,20,,,0,18,,23850,20,,,0,14,,23851,20,,,0,17,,23852,20,,,0,55,,23853,20,,,0,13,,23854,20,,,0,13,,23855,20,,,0,15,,23856,20,,,0,11,,23857,20,,,0,55,,23858,20,,,0,15,,23860,20,,,0,14,,23859,20,,,0,16,,23861,20,,,0
