401,'259.0.1',622,,18926,27,,,0,100,,18927,27,,,0,100,,18928,27,,,0,30,,18929,27,,,0,70,,18930,27,,,0,30,,18931,27,,,0,70,,18932,27,,,0,30,,18933,27,,,0,73,,18934,27,,,0,30,,18935,27,,,0,70,,18936,27,,,0,30,,18937,27,,,0,70,,18938,27,,,0,30,,18939,27,,,0,70,,18940,27,,,0,30,,18941,27,,,0,70,,18942,27,,,0,30,,18943,27,,,0,70,,18944,27,,,0,30,,18945,27,,,0,70,,18946,27,,,0,30,,18947,27,,,0,68,,18948,27,,,0,30,,18949,27,,,0,70,,18950,27,,,0,30,,18951,27,,,0,70,,18952,27,,,0,30,,18953,27,,,0,70,,18954,27,,,0,30,,18955,27,,,0,67,,18956,27,,,0,100,,18957,27,,,0,100,,18958,27,,,0
401,'259.0.2',722,,18959,27,,,0,30,,18960,27,,,0,70,,18961,27,,,0,30,,18962,27,,,0,70,,18963,27,,,0,30,,18964,27,,,0,70,,18965,27,,,0,30,,18966,27,,,0,69,,18967,27,,,0,30,,18968,27,,,0,70,,18969,27,,,0,30,,18970,27,,,0,70,,18971,27,,,0,30,,18972,27,,,0,70,,18973,27,,,0,30,,18974,27,,,0,70,,18975,27,,,0,30,,18976,27,,,0,70,,18977,27,,,0,30,,18978,27,,,0,70,,18979,27,,,0,30,,18980,27,,,0,70,,18981,27,,,0,30,,18982,27,,,0,70,,18983,27,,,0,32,,18984,27,,,0,67,,18985,27,,,0,100,,18986,27,,,0,100,,18987,27,,,0,100,,18988,27,,,0,100,,18989,27,,,0
401,'259.0.3',602,,18990,27,,,0,15,,18991,27,,,0,15,,18992,27,,,0,15,,18993,27,,,0,56,,18994,27,,,0,20,,18995,27,,,0,8,,18996,27,,,0,8,,18997,27,,,0,8,,18998,27,,,0,8,,18999,27,,,0,48,,19000,27,,,0,8,,19001,27,,,0,8,,19002,27,,,0,8,,19003,27,,,0,8,,19004,27,,,0,8,,19005,27,,,0,8,,19006,27,,,0,8,,19007,27,,,0,47,,19008,27,,,0,6,,19009,27,,,0,8,,19010,27,,,0,8,,19011,27,,,0,8,,19012,27,,,0,8,,19013,27,,,0,8,,19014,27,,,0,48,,19015,27,,,0,8,,19016,27,,,0,8,,19017,27,,,0,8,,19018,27,,,0,11,,19019,27,,,0,15,,19020,27,,,0,55,,19021,27,,,0,15,,19022,27,,,0,15,,19023,27,,,0,15,,19024,27,,,0,55,,19025,27,,,0,15,,19026,27,,,0,15,,19027,27,,,0,15,,19028,27,,,0,55,,19029,27,,,0,15,,19030,27,,,0,15,,19031,27,,,0,15,,19032,27,,,0,55,,19033,27,,,0,15,,19034,27,,,0,15,,19035,27,,,0,15,,19036,27,,,0,55,,19037,27,,,0,16,,19038,27,,,0,18,,19039,27,,,0,15,,19040,27,,,0,55,,19041,27,,,0,15,,19042,27,,,0,15,,19043,27,,,0,15,,19044,27,,,0,55,,19045,27,,,0,15,,19046,27,,,0,15,,19047,27,,,0,15,,19048,27,,,0,52,,19049,27,,,0,11,,19050,27,,,0,15,,19051,27,,,0,15,,19052,27,,,0,60,,19053,27,,,0,20,,19054,27,,,0,20,,19055,27,,,0,60,,19056,27,,,0,20,,19057,27,,,0,20,,19058,27,,,0,60,,19059,27,,,0,20,,19060,27,,,0,20,,19061,27,,,0,60,,19062,27,,,0,28,,19063,27,,,0,70,,19064,27,,,0,30,,19065,27,,,0,70,,19066,27,,,0,30,,19067,27,,,0,70,,19068,27,,,0
801,'259.0.1',609,,19511,69,,,0,30,,19512,69,,,0,70,,19513,69,,,0,30,,19514,69,,,0,73,,19515,69,,,0,33,,19516,69,,,0,70,,19517,69,,,0,30,,19518,69,,,0,74,,19519,69,,,0,34,,19520,69,,,0,70,,19521,69,,,0,30,,19522,69,,,0,70,,19523,69,,,0,30,,19524,69,,,0,71,,19525,69,,,0,31,,19526,69,,,0,70,,19527,69,,,0,30,,19528,69,,,0,70,,19529,69,,,0,30,,19530,69,,,0,70,,19531,69,,,0,30,,19532,69,,,0,70,,19533,69,,,0,28,,19534,69,,,0,68,,19535,69,,,0,29,,19536,69,,,0,70,,19537,69,,,0,27,,19538,69,,,0,65,,19539,69,,,0,29,,19540,69,,,0,70,,19541,69,,,0,30,,19542,69,,,0,70,,19543,69,,,0,30,,19544,69,,,0,70,,19545,69,,,0,30,,19546,69,,,0,70,,19547,69,,,0,100,,19548,69,,,0
801,'259.0.2',615,,19549,69,,,0,30,,19550,69,,,0,70,,19551,69,,,0,30,,19552,69,,,0,70,,19553,69,,,0,30,,19554,69,,,0,72,,19555,69,,,0,35,,19556,69,,,0,70,,19557,69,,,0,30,,19558,69,,,0,73,,19559,69,,,0,30,,19560,69,,,0,70,,19561,69,,,0,30,,19562,69,,,0,70,,19563,69,,,0,30,,19564,69,,,0,70,,19565,69,,,0,30,,19566,69,,,0,70,,19567,69,,,0,30,,19568,69,,,0,70,,19569,69,,,0,30,,19570,69,,,0,70,,19571,69,,,0,30,,19572,69,,,0,67,,19573,69,,,0,28,,19574,69,,,0,70,,19575,69,,,0,30,,19576,69,,,0,70,,19577,69,,,0,30,,19578,69,,,0,66,,19579,69,,,0,27,,19580,69,,,0,70,,19581,69,,,0,30,,19582,69,,,0,100,,19583,69,,,0,100,,19584,69,,,0
801,'259.0.3',604,,19585,69,,,0,30,,19586,69,,,0,70,,19587,69,,,0,24,,19588,69,,,0,30,,19589,69,,,0,60,,19590,69,,,0,20,,19591,69,,,0,20,,19592,69,,,0,56,,19593,69,,,0,16,,19594,69,,,0,17,,19595,69,,,0,60,,19596,69,,,0,20,,19597,69,,,0,20,,19598,69,,,0,60,,19599,69,,,0,20,,19600,69,,,0,20,,19601,69,,,0,60,,19602,69,,,0,20,,19603,69,,,0,20,,19604,69,,,0,60,,19605,69,,,0,20,,19606,69,,,0,20,,19607,69,,,0,60,,19608,69,,,0,20,,19609,69,,,0,20,,19610,69,,,0,60,,19611,69,,,0,20,,19612,69,,,0,23,,19613,69,,,0,73,,19614,69,,,0,30,,19615,69,,,0,70,,19616,69,,,0,30,,19617,69,,,0,64,,19618,69,,,0,25,,19619,69,,,0,68,,19620,69,,,0,30,,19621,69,,,0,70,,19622,69,,,0,30,,19623,69,,,0,70,,19624,69,,,0,26,,19625,69,,,0,69,,19626,69,,,0,30,,19627,69,,,0,70,,19628,69,,,0,30,,19629,69,,,0,70,,19630,69,,,0,30,,19631,69,,,0,70,,19632,69,,,0
9001,'259.0.1',629,,23481,50,,,0,30,,23482,50,,,0,70,,23483,50,,,0,25,,23484,50,,,0,71,,23485,50,,,0,30,,23486,50,,,0,70,,23487,50,,,0,25,,23488,50,,,0,73,,23489,50,,,0,31,,23490,50,,,0,70,,23491,50,,,0,30,,23492,50,,,0,70,,23493,50,,,0,30,,23494,50,,,0,70,,23495,50,,,0,30,,23496,50,,,0,70,,23497,50,,,0,30,,23498,50,,,0,70,,23499,50,,,0,30,,23500,50,,,0,70,,23501,50,,,0,30,,23502,50,,,0,70,,23503,50,,,0,35,,23504,50,,,0,66,,23505,50,,,0,29,,23506,50,,,0,70,,23507,50,,,0,30,,23508,50,,,0,70,,23509,50,,,0,99,,23510,50,,,0,100,,23511,50,,,0,100,,23512,50,,,0,100,,23513,50,,,0
9001,'259.0.2',616,,23514,50,,,0,100,,23515,50,,,0,100,,23516,50,,,0,100,,23517,50,,,0,98,,23518,50,,,0,102,,23519,50,,,0,100,,23520,50,,,0,102,,23521,50,,,0,100,,23522,50,,,0,98,,23523,50,,,0,100,,23524,50,,,0,100,,23525,50,,,0,98,,23526,50,,,0,103,,23527,50,,,0,105,,23528,50,,,0,98,,23529,50,,,0,98,,23530,50,,,0,99,,23531,50,,,0
9001,'259.0.3',603,,23532,50,,,0,30,,23533,50,,,0,71,,23534,50,,,0,24,,23566,50,,,0,13,,23535,50,,,0,15,,23567,50,,,0,50,,23536,50,,,0,15,,23568,50,,,0,15,,23537,50,,,0,13,,23569,50,,,0,51,,23538,50,,,0,15,,23570,50,,,0,15,,23539,50,,,0,70,,23540,50,,,0,25,,23541,50,,,0,30,,23542,50,,,0,70,,23543,50,,,0,30,,23544,50,,,0,70,,23545,50,,,0,30,,23546,50,,,0,70,,23547,50,,,0,30,,23548,50,,,0,70,,23549,50,,,0,30,,23550,50,,,0,72,,23551,50,,,0,73,,23552,50,,,0,21,,23571,50,,,0,22,,23553,50,,,0,8,,23572,50,,,0,65,,23554,50,,,0,15,,23573,50,,,0,15,,23555,50,,,0,12,,23574,50,,,0,52,,23556,50,,,0,13,,23575,50,,,0,13,,23557,50,,,0,12,,23576,50,,,0,53,,23558,50,,,0,12,,23577,50,,,0,13,,23559,50,,,0,30,,23560,50,,,0,68,,23561,50,,,0,30,,23562,50,,,0,100,,23563,50,,,0,100,,23564,50,,,0,100,,23565,50,,,0
2000701,'259.0.1',604,,25411,14,,,0,20,,25412,14,,,0,20,,25413,14,,,0,60,,25414,14,,,0,20,,25415,14,,,0,20,,25416,14,,,0,61,,25417,14,,,0,18,,25418,14,,,0,20,,25419,14,,,0,60,,25420,14,,,0,20,,25421,14,,,0,18,,25422,14,,,0,60,,25423,14,,,0,20,,25424,14,,,0,20,,25425,14,,,0,60,,25426,14,,,0,20,,25427,14,,,0,20,,25428,14,,,0,60,,25429,14,,,0,20,,25430,14,,,0,20,,25431,14,,,0,60,,25432,14,,,0,20,,25433,14,,,0,20,,25434,14,,,0,60,,25435,14,,,0,20,,25436,14,,,0,20,,25437,14,,,0,60,,25438,14,,,0,20,,25439,14,,,0,20,,25440,14,,,0,61,,25441,14,,,0,21,,25442,14,,,0,20,,25443,14,,,0,60,,25444,14,,,0,20,,25445,14,,,0,20,,25446,14,,,0,60,,25447,14,,,0,20,,25448,14,,,0,20,,25449,14,,,0,60,,25450,14,,,0,20,,25451,14,,,0,20,,25452,14,,,0,61,,25453,14,,,0,20,,25454,14,,,0,20,,25455,14,,,0,60,,25456,14,,,0,20,,25457,14,,,0,20,,25458,14,,,0,60,,25459,14,,,0,20,,25460,14,,,0,20,,25461,14,,,0,60,,25462,14,,,0,20,,25463,14,,,0,20,,25464,14,,,0
2000701,'259.0.2',604,,25465,14,,,0,30,,25466,14,,,0,70,,25467,14,,,0,30,,25468,14,,,0,70,,25469,14,,,0,30,,25470,14,,,0,70,,25471,14,,,0,28,,25472,14,,,0,70,,25473,14,,,0,30,,25474,14,,,0,70,,25475,14,,,0,30,,25476,14,,,0,70,,25477,14,,,0,30,,25478,14,,,0,70,,25479,14,,,0,30,,25480,14,,,0,70,,25481,14,,,0,30,,25482,14,,,0,70,,25483,14,,,0,30,,25484,14,,,0,70,,25485,14,,,0,30,,25486,14,,,0,70,,25487,14,,,0,30,,25488,14,,,0,70,,25489,14,,,0,30,,25490,14,,,0,70,,25491,14,,,0,31,,25492,14,,,0,70,,25493,14,,,0,30,,25494,14,,,0,70,,25495,14,,,0,30,,25496,14,,,0,70,,25497,14,,,0,30,,25498,14,,,0,70,,25499,14,,,0,30,,25500,14,,,0
2000701,'259.0.3',556,,25501,14,,,0,55,,25502,14,,,0,15,,25503,14,,,0,15,,25504,14,,,0,15,,25505,14,,,0,55,,25506,14,,,0,15,,25507,14,,,0,15,,25508,14,,,0,17,,25509,14,,,0,55,,25510,14,,,0,15,,25511,14,,,0,15,,25512,14,,,0,15,,25513,14,,,0,53,,25514,14,,,0,15,,25515,14,,,0,15,,25516,14,,,0,15,,25517,14,,,0,55,,25518,14,,,0,15,,25519,14,,,0,15,,25520,14,,,0,15,,25521,14,,,0,55,,25522,14,,,0,15,,25523,14,,,0,15,,25524,14,,,0,15,,25525,14,,,0,55,,25526,14,,,0,15,,25527,14,,,0,15,,25528,14,,,0,15,,25529,14,,,0,55,,25530,14,,,0,15,,25531,14,,,0,15,,25532,14,,,0,15,,25533,14,,,0,55,,25534,14,,,0,15,,25535,14,,,0,15,,25536,14,,,0,15,,25537,14,,,0,55,,25538,14,,,0,15,,25539,14,,,0,15,,25540,14,,,0,15,,25541,14,,,0,55,,25542,14,,,0,15,,25543,14,,,0,15,,25544,14,,,0,15,,25545,14,,,0,55,,25546,14,,,0,15,,25547,14,,,0,15,,25548,14,,,0,15,,25549,14,,,0,55,,25550,14,,,0,15,,25551,14,,,0,15,,25552,14,,,0,15,,25553,14,,,0,53,,25554,14,,,0,15,,25555,14,,,0,15,,25556,14,,,0,15,,25557,14,,,0,55,,25558,14,,,0,15,,25559,14,,,0,15,,25560,14,,,0,15,,25561,14,,,0,55,,25562,14,,,0,15,,25563,14,,,0,15,,25564,14,,,0,15,,25565,14,,,0,55,,25566,14,,,0,15,,25567,14,,,0,15,,25568,14,,,0,15,,25569,14,,,0,70,,25570,14,,,0,30,,25571,14,,,0,70,,25572,14,,,0,30,,25573,14,,,0
