201,'259.0.1',616,,18331,27,,,0,100,,18332,27,,,0,100,,18333,27,,,0,15,,18334,27,,,0,15,,18335,27,,,0,55,,18336,27,,,0,15,,18337,27,,,0,15,,18338,27,,,0,15,,18339,27,,,0,55,,18340,27,,,0,18,,18341,27,,,0,16,,18342,27,,,0,15,,18343,27,,,0,55,,18344,27,,,0,15,,18345,27,,,0,15,,18346,27,,,0,15,,18347,27,,,0,55,,18348,27,,,0,15,,18349,27,,,0,15,,18350,27,,,0,15,,18351,27,,,0,55,,18352,27,,,0,15,,18353,27,,,0,15,,18354,27,,,0,15,,18355,27,,,0,55,,18356,27,,,0,15,,18357,27,,,0,15,,18358,27,,,0,15,,18359,27,,,0,55,,18360,27,,,0,15,,18361,27,,,0,15,,18362,27,,,0,15,,18363,27,,,0,55,,18364,27,,,0,15,,18365,27,,,0,15,,18366,27,,,0,14,,18367,27,,,0,55,,18368,27,,,0,15,,18369,27,,,0,15,,18370,27,,,0,15,,18371,27,,,0,55,,18372,27,,,0,15,,18373,27,,,0,15,,18374,27,,,0,13,,18375,27,,,0,54,,18376,27,,,0,15,,18377,27,,,0,30,,18378,27,,,0,70,,18379,27,,,0,30,,18380,27,,,0,70,,18381,27,,,0,30,,18382,27,,,0,70,,18383,27,,,0,30,,18384,27,,,0,70,,18385,27,,,0,30,,18386,27,,,0,70,,18387,27,,,0,30,,18388,27,,,0
201,'259.0.2',626,,18389,27,,,0,100,,18390,27,,,0,95,,18391,27,,,0,20,,18392,27,,,0,60,,18393,27,,,0,20,,18394,27,,,0,20,,18395,27,,,0,62,,18396,27,,,0,20,,18397,27,,,0,20,,18398,27,,,0,60,,18399,27,,,0,20,,18400,27,,,0,20,,18401,27,,,0,60,,18402,27,,,0,20,,18403,27,,,0,20,,18404,27,,,0,60,,18405,27,,,0,20,,18406,27,,,0,20,,18407,27,,,0,60,,18408,27,,,0,20,,18409,27,,,0,20,,18410,27,,,0,60,,18411,27,,,0,20,,18412,27,,,0,20,,18413,27,,,0,60,,18414,27,,,0,20,,18415,27,,,0,20,,18416,27,,,0,60,,18417,27,,,0,20,,18418,27,,,0,20,,18419,27,,,0,60,,18420,27,,,0,15,,18421,27,,,0,28,,18422,27,,,0,69,,18423,27,,,0,30,,18424,27,,,0,70,,18425,27,,,0,30,,18426,27,,,0,70,,18427,27,,,0,30,,18428,27,,,0,70,,18429,27,,,0,30,,18430,27,,,0,70,,18431,27,,,0,30,,18432,27,,,0,70,,18433,27,,,0
201,'259.0.3',548,,18434,27,,,0,70,,18435,27,,,0,30,,18436,27,,,0,55,,18437,27,,,0,15,,18438,27,,,0,19,,18439,27,,,0,18,,18440,27,,,0,55,,18441,27,,,0,15,,18442,27,,,0,15,,18443,27,,,0,15,,18444,27,,,0,53,,18445,27,,,0,14,,18446,27,,,0,15,,18447,27,,,0,15,,18448,27,,,0,55,,18449,27,,,0,15,,18450,27,,,0,15,,18451,27,,,0,15,,18452,27,,,0,55,,18453,27,,,0,15,,18454,27,,,0,15,,18455,27,,,0,15,,18456,27,,,0,55,,18457,27,,,0,15,,18458,27,,,0,15,,18459,27,,,0,15,,18460,27,,,0,55,,18461,27,,,0,15,,18462,27,,,0,15,,18463,27,,,0,15,,18464,27,,,0,55,,18465,27,,,0,15,,18466,27,,,0,15,,18467,27,,,0,15,,18468,27,,,0,55,,18469,27,,,0,15,,18470,27,,,0,17,,18471,27,,,0,16,,18472,27,,,0,55,,18473,27,,,0,15,,18474,27,,,0,15,,18475,27,,,0,15,,18476,27,,,0,55,,18477,27,,,0,15,,18478,27,,,0,14,,18479,27,,,0,13,,18480,27,,,0,54,,18481,27,,,0,15,,18482,27,,,0,15,,18483,27,,,0,15,,18484,27,,,0,69,,18485,27,,,0,30,,18486,27,,,0,70,,18487,27,,,0,30,,18488,27,,,0,70,,18489,27,,,0,30,,18490,27,,,0,70,,18491,27,,,0,30,,18492,27,,,0,70,,18493,27,,,0,30,,18494,27,,,0,70,,18495,27,,,0,30,,18496,27,,,0
301,'259.0.1',623,,18639,23,,,0,100,,18640,23,,,0,100,,18641,23,,,0,30,,18642,23,,,0,70,,18643,23,,,0,30,,18644,23,,,0,70,,18645,23,,,0,33,,18646,23,,,0,70,,18647,23,,,0,30,,18648,23,,,0,70,,18649,23,,,0,30,,18650,23,,,0,70,,18651,23,,,0,30,,18652,23,,,0,70,,18653,23,,,0,30,,18654,23,,,0,70,,18655,23,,,0,30,,18656,23,,,0,70,,18657,23,,,0,30,,18658,23,,,0,70,,18659,23,,,0,30,,18660,23,,,0,67,,18661,23,,,0,30,,18662,23,,,0,70,,18663,23,,,0,30,,18664,23,,,0,70,,18665,23,,,0,30,,18666,23,,,0,70,,18667,23,,,0,30,,18668,23,,,0,70,,18669,23,,,0,30,,18670,23,,,0,70,,18671,23,,,0,30,,18672,23,,,0,70,,18673,23,,,0,30,,18674,23,,,0
301,'259.0.2',622,,18675,23,,,0,100,,18676,23,,,0,100,,18677,23,,,0,30,,18678,23,,,0,70,,18679,23,,,0,20,,18680,23,,,0,60,,18681,23,,,0,20,,18682,23,,,0,22,,18683,23,,,0,60,,18684,23,,,0,20,,18685,23,,,0,20,,18686,23,,,0,60,,18687,23,,,0,20,,18688,23,,,0,20,,18689,23,,,0,60,,18690,23,,,0,20,,18691,23,,,0,20,,18692,23,,,0,60,,18693,23,,,0,20,,18694,23,,,0,20,,18695,23,,,0,60,,18696,23,,,0,20,,18697,23,,,0,20,,18698,23,,,0,60,,18699,23,,,0,20,,18700,23,,,0,20,,18701,23,,,0,60,,18702,23,,,0,20,,18703,23,,,0,20,,18704,23,,,0,60,,18705,23,,,0,20,,18706,23,,,0,30,,18707,23,,,0,70,,18708,23,,,0,30,,18709,23,,,0,70,,18710,23,,,0,30,,18711,23,,,0,67,,18712,23,,,0,30,,18713,23,,,0,70,,18714,23,,,0,30,,18715,23,,,0,70,,18716,23,,,0,30,,18717,23,,,0,70,,18718,23,,,0
301,'259.0.3',554,,18719,23,,,0,70,,18720,23,,,0,15,,18721,23,,,0,15,,18722,23,,,0,55,,18723,23,,,0,15,,18724,23,,,0,18,,18725,23,,,0,58,,18726,23,,,0,15,,18727,23,,,0,15,,18728,23,,,0,15,,18729,23,,,0,55,,18730,23,,,0,15,,18731,23,,,0,14,,18732,23,,,0,16,,18733,23,,,0,60,,18734,23,,,0,20,,18735,23,,,0,20,,18736,23,,,0,60,,18737,23,,,0,20,,18738,23,,,0,20,,18739,23,,,0,60,,18740,23,,,0,20,,18741,23,,,0,20,,18742,23,,,0,60,,18743,23,,,0,20,,18744,23,,,0,20,,18745,23,,,0,60,,18746,23,,,0,20,,18747,23,,,0,20,,18748,23,,,0,60,,18749,23,,,0,22,,18750,23,,,0,15,,18751,23,,,0,15,,18752,23,,,0,55,,18753,23,,,0,15,,18754,23,,,0,15,,18755,23,,,0,15,,18756,23,,,0,55,,18757,23,,,0,15,,18758,23,,,0,15,,18759,23,,,0,15,,18760,23,,,0,53,,18761,23,,,0,14,,18762,23,,,0,15,,18763,23,,,0,15,,18764,23,,,0,60,,18765,23,,,0,20,,18766,23,,,0,20,,18767,23,,,0,60,,18768,23,,,0,20,,18769,23,,,0,20,,18770,23,,,0,60,,18771,23,,,0,10,,18772,23,,,0,30,,18773,23,,,0,69,,18774,23,,,0,27,,18775,23,,,0,70,,18776,23,,,0,33,,18777,23,,,0,70,,18778,23,,,0,30,,18779,23,,,0
2400,'259.0.1',628,,20011,45,,,0,30,,20012,45,,,0,70,,20013,45,,,0,30,,20014,45,,,0,70,,20015,45,,,0,30,,20016,45,,,0,70,,20017,45,,,0,31,,20018,45,,,0,71,,20019,45,,,0,70,,20020,45,,,0,30,,20021,45,,,0,72,,20022,45,,,0,30,,20023,45,,,0,70,,20024,45,,,0,30,,20025,45,,,0,70,,20026,45,,,0,30,,20027,45,,,0,68,,20028,45,,,0,30,,20029,45,,,0,70,,20030,45,,,0,30,,20031,45,,,0,70,,20032,45,,,0,30,,20033,45,,,0,70,,20034,45,,,0,30,,20035,45,,,0,27,,20036,45,,,0,70,,20037,45,,,0,30,,20038,45,,,0,70,,20039,45,,,0,30,,20040,45,,,0,70,,20041,45,,,0,30,,20042,45,,,0,70,,20043,45,,,0,30,,20044,45,,,0,70,,20045,45,,,0,30,,20046,45,,,0
2400,'259.0.2',626,,20047,45,,,0,30,,20048,45,,,0,70,,20049,45,,,0,30,,20050,45,,,0,70,,20051,45,,,0,30,,20052,45,,,0,70,,20053,45,,,0,33,,20054,45,,,0,70,,20055,45,,,0,30,,20056,45,,,0,70,,20057,45,,,0,30,,20058,45,,,0,70,,20059,45,,,0,30,,20060,45,,,0,70,,20061,45,,,0,30,,20062,45,,,0,70,,20063,45,,,0,30,,20064,45,,,0,70,,20065,45,,,0,30,,20066,45,,,0,70,,20067,45,,,0,30,,20068,45,,,0,70,,20069,45,,,0,30,,20070,45,,,0,70,,20071,45,,,0,28,,20072,45,,,0,70,,20073,45,,,0,30,,20074,45,,,0,70,,20075,45,,,0,30,,20076,45,,,0,70,,20077,45,,,0,30,,20078,45,,,0,70,,20079,45,,,0,30,,20080,45,,,0,70,,20081,45,,,0,30,,20082,45,,,0
2400,'259.0.3',630,,20083,45,,,0,70,,20084,45,,,0,31,,20085,45,,,0,71,,20086,45,,,0,30,,20087,45,,,0,72,,20088,45,,,0,25,,20089,45,,,0,30,,20090,45,,,0,70,,20091,45,,,0,30,,20092,45,,,0,70,,20093,45,,,0,30,,20094,45,,,0,70,,20095,45,,,0,30,,20096,45,,,0,70,,20097,45,,,0,30,,20098,45,,,0,70,,20099,45,,,0,30,,20100,45,,,0,70,,20101,45,,,0,30,,20102,45,,,0,70,,20103,45,,,0,30,,20104,45,,,0,70,,20105,45,,,0,30,,20106,45,,,0,70,,20107,45,,,0,30,,20108,45,,,0,67,,20109,45,,,0,30,,20110,45,,,0,70,,20111,45,,,0,30,,20112,45,,,0,70,,20113,45,,,0,30,,20114,45,,,0,70,,20115,45,,,0,30,,20116,45,,,0,70,,20117,45,,,0,30,,20118,45,,,0
1000901,'259.0.1',705,,24620,37,,,0,100,,24621,37,,,0,101,,24622,37,,,0,100,,24623,37,,,0,100,,24624,37,,,0,100,,24625,37,,,0,100,,24626,37,,,0,100,,24627,37,,,0,100,,24628,37,,,0,100,,24629,37,,,0,100,,24630,37,,,0,97,,24631,37,,,0,100,,24632,37,,,0,100,,24633,37,,,0,98,,24634,37,,,0,100,,24635,37,,,0,100,,24636,37,,,0,100,,24637,37,,,0
1000901,'259.0.2',701,,24638,37,,,0,58,,24639,37,,,0,144,,24640,37,,,0,100,,24641,37,,,0,100,,24642,37,,,0,100,,24643,37,,,0,100,,24644,37,,,0,100,,24645,37,,,0,100,,24646,37,,,0,100,,24647,37,,,0,100,,24648,37,,,0,100,,24649,37,,,0,100,,24650,37,,,0,100,,24651,37,,,0,56,,24652,37,,,0,100,,24653,37,,,0,100,,24654,37,,,0,99,,24655,37,,,0
1000901,'259.0.3',549,,24656,37,,,0,67,,24657,37,,,0,25,,24658,37,,,0,10,,24659,37,,,0,5,,24660,37,,,0,56,,24661,37,,,0,23,,24662,37,,,0,5,,24663,37,,,0,15,,24664,37,,,0,50,,24665,37,,,0,20,,24666,37,,,0,10,,24667,37,,,0,20,,24668,37,,,0,49,,24669,37,,,0,8,,24670,37,,,0,10,,24671,37,,,0,25,,24672,37,,,0,55,,24673,37,,,0,15,,24674,37,,,0,30,,24675,37,,,0,55,,24676,37,,,0,15,,24677,37,,,0,30,,24678,37,,,0,55,,24679,37,,,0,15,,24680,37,,,0,30,,24681,37,,,0,55,,24682,37,,,0,15,,24683,37,,,0,30,,24684,37,,,0,55,,24685,37,,,0,15,,24686,37,,,0,30,,24687,37,,,0,55,,24688,37,,,0,15,,24689,37,,,0,29,,24690,37,,,0,65,,24691,37,,,0,5,,24692,37,,,0,25,,24693,37,,,0,10,,24694,37,,,0,60,,24695,37,,,0,10,,24696,37,,,0,20,,24697,37,,,0,10,,24698,37,,,0,60,,24699,37,,,0,9,,24700,37,,,0,17,,24701,37,,,0,10,,24702,37,,,0,65,,24703,37,,,0,30,,24704,37,,,0,71,,24705,37,,,0,29,,24706,37,,,0,70,,24707,37,,,0,27,,24708,37,,,0,70,,24709,37,,,0,35,,24710,37,,,0,60,,24711,37,,,0,40,,24712,37,,,0,60,,24713,37,,,0,40,,24714,37,,,0,60,,24715,37,,,0
2000901,'259.0.1',635,,25643,53,,,0,100,,25644,53,,,0,99,,25645,53,,,0,102,,25646,53,,,0,100,,25647,53,,,0,100,,25648,53,,,0,100,,25649,53,,,0,100,,25650,53,,,0,100,,25651,53,,,0,100,,25652,53,,,0,100,,25653,53,,,0,100,,25654,53,,,0,97,,25655,53,,,0,100,,25656,53,,,0,98,,25657,53,,,0,100,,25658,53,,,0,100,,25659,53,,,0,100,,25660,53,,,0,100,,25661,53,,,0
2000901,'259.0.2',631,,25662,53,,,0,100,,25663,53,,,0,98,,25664,53,,,0,104,,25665,53,,,0,100,,25666,53,,,0,100,,25667,53,,,0,100,,25668,53,,,0,100,,25669,53,,,0,100,,25670,53,,,0,100,,25671,53,,,0,100,,25672,53,,,0,100,,25673,53,,,0,100,,25674,53,,,0,100,,25675,53,,,0,96,,25676,53,,,0,100,,25677,53,,,0,100,,25678,53,,,0,98,,25679,53,,,0,100,,25680,53,,,0
2000901,'259.0.3',601,,25681,53,,,0,30,,25682,53,,,0,70,,25683,53,,,0,44,,25684,53,,,0,70,,25685,53,,,0,30,,25686,53,,,0,58,,25687,53,,,0,29,,25688,53,,,0,100,,25689,53,,,0,100,,25690,53,,,0,100,,25691,53,,,0,100,,25692,53,,,0,100,,25693,53,,,0,99,,25694,53,,,0,70,,25695,53,,,0,30,,25696,53,,,0,70,,25697,53,,,0,30,,25698,53,,,0,70,,25699,53,,,0,27,,25700,53,,,0,29,,25701,53,,,0,70,,25702,53,,,0,30,,25703,53,,,0,70,,25704,53,,,0,30,,25705,53,,,0,69,,25706,53,,,0,22,,25707,53,,,0,70,,25708,53,,,0,100,,25709,53,,,0,100,,25710,53,,,0
