800,'259.0.1',602,,19386,31,,,0,30,,19387,31,,,0,70,,19388,31,,,0,30,,19389,31,,,0,70,,19390,31,,,0,23,,19391,31,,,0,22,,19392,31,,,0,70,,19393,31,,,0,30,,19394,31,,,0,70,,19395,31,,,0,31,,19396,31,,,0,69,,19397,31,,,0,30,,19398,31,,,0,70,,19399,31,,,0,30,,19400,31,,,0,70,,19401,31,,,0,30,,19402,31,,,0,70,,19403,31,,,0,32,,19404,31,,,0,70,,19405,31,,,0,30,,19406,31,,,0,70,,19407,31,,,0,30,,19408,31,,,0,70,,19409,31,,,0,30,,19410,31,,,0,70,,19411,31,,,0,30,,19412,31,,,0,70,,19413,31,,,0,30,,19414,31,,,0,70,,19415,31,,,0,30,,19416,31,,,0,70,,19417,31,,,0,30,,19418,31,,,0,70,,19419,31,,,0,26,,19420,31,,,0,69,,19421,31,,,0,30,,19422,31,,,0,100,,19423,31,,,0
800,'259.0.2',621,,19424,31,,,0,30,,19425,31,,,0,70,,19426,31,,,0,30,,19427,31,,,0,70,,19428,31,,,0,30,,19429,31,,,0,70,,19430,31,,,0,30,,19431,31,,,0,70,,19432,31,,,0,33,,19433,31,,,0,70,,19434,31,,,0,25,,19435,31,,,0,71,,19436,31,,,0,32,,19437,31,,,0,70,,19438,31,,,0,30,,19439,31,,,0,70,,19440,31,,,0,30,,19441,31,,,0,70,,19442,31,,,0,30,,19443,31,,,0,70,,19444,31,,,0,35,,19445,31,,,0,69,,19446,31,,,0,30,,19447,31,,,0,70,,19448,31,,,0,29,,19449,31,,,0,68,,19450,31,,,0,30,,19451,31,,,0,69,,19452,31,,,0,29,,19453,31,,,0,70,,19454,31,,,0,30,,19455,31,,,0,70,,19456,31,,,0,30,,19457,31,,,0,100,,19458,31,,,0,100,,19459,31,,,0
800,'259.0.3',551,,19462,31,,,0,70,,19463,31,,,0,30,,19464,31,,,0,76,,19465,31,,,0,32,,19466,31,,,0,71,,19467,31,,,0,70,,19468,31,,,0,30,,19469,31,,,0,70,,19470,31,,,0,20,,19471,31,,,0,20,,19472,31,,,0,60,,19473,31,,,0,20,,19474,31,,,0,20,,19475,31,,,0,60,,19476,31,,,0,20,,19477,31,,,0,20,,19478,31,,,0,60,,19479,31,,,0,20,,19480,31,,,0,20,,19481,31,,,0,60,,19482,31,,,0,20,,19483,31,,,0,20,,19484,31,,,0,60,,19485,31,,,0,28,,19486,31,,,0,24,,19487,31,,,0,60,,19488,31,,,0,20,,19489,31,,,0,20,,19490,31,,,0,60,,19491,31,,,0,20,,19492,31,,,0,20,,19493,31,,,0,59,,19494,31,,,0,26,,19495,31,,,0,10,,19510,31,,,0,10,,19496,31,,,0,70,,19497,31,,,0,30,,19498,31,,,0,70,,19499,31,,,0,30,,19500,31,,,0,68,,19501,31,,,0,29,,19502,31,,,0,70,,19503,31,,,0,30,,19504,31,,,0,70,,19505,31,,,0,30,,19506,31,,,0,70,,19507,31,,,0,30,,19508,31,,,0,70,,19509,31,,,0
3901,'259.0.1',628,,20827,12,,,0,30,,20828,12,,,0,70,,20829,12,,,0,30,,20830,12,,,0,71,,20831,12,,,0,71,,20832,12,,,0,30,,20833,12,,,0,70,,20834,12,,,0,30,,20835,12,,,0,70,,20836,12,,,0,30,,20837,12,,,0,70,,20838,12,,,0,30,,20839,12,,,0,70,,20840,12,,,0,30,,20841,12,,,0,70,,20842,12,,,0,30,,20843,12,,,0,70,,20844,12,,,0,30,,20845,12,,,0,70,,20846,12,,,0,30,,20847,12,,,0,70,,20848,12,,,0,30,,20849,12,,,0,70,,20850,12,,,0,30,,20851,12,,,0,70,,20852,12,,,0,30,,20853,12,,,0,70,,20854,12,,,0,30,,20855,12,,,0,70,,20856,12,,,0,30,,20857,12,,,0,70,,20858,12,,,0,30,,20859,12,,,0,70,,20860,12,,,0,30,,20861,12,,,0
3901,'259.0.2',658,,20862,12,,,0,100,,20863,12,,,0,100,,20864,12,,,0,101,,20865,12,,,0,141,,20866,12,,,0,100,,20867,12,,,0,100,,20868,12,,,0,100,,20869,12,,,0,100,,20870,12,,,0,100,,20871,12,,,0,100,,20872,12,,,0,100,,20873,12,,,0,100,,20874,12,,,0,100,,20875,12,,,0,100,,20876,12,,,0,100,,20877,12,,,0
3901,'259.0.3',612,,20878,12,,,0,30,,20879,12,,,0,71,,20880,12,,,0,30,,20881,12,,,0,70,,20882,12,,,0,30,,20883,12,,,0,70,,20884,12,,,0,30,,20885,12,,,0,70,,20886,12,,,0,30,,20887,12,,,0,70,,20888,12,,,0,30,,20889,12,,,0,70,,20890,12,,,0,30,,20891,12,,,0,70,,20892,12,,,0,30,,20893,12,,,0,70,,20894,12,,,0,30,,20895,12,,,0,70,,20896,12,,,0,35,,20897,12,,,0,70,,20898,12,,,0,30,,20899,12,,,0,70,,20900,12,,,0,30,,20901,12,,,0,65,,20902,12,,,0,100,,20903,12,,,0,100,,20904,12,,,0,100,,20905,12,,,0,100,,20906,12,,,0,100,,20907,12,,,0
9000,'259.0.1',627,,23385,23,,,0,25,,23386,23,,,0,70,,23387,23,,,0,30,,23388,23,,,0,70,,23389,23,,,0,25,,23390,23,,,0,70,,23391,23,,,0,30,,23392,23,,,0,65,,23393,23,,,0,33,,23394,23,,,0,70,,23395,23,,,0,30,,23396,23,,,0,70,,23397,23,,,0,27,,23398,23,,,0,70,,23399,23,,,0,30,,23400,23,,,0,70,,23401,23,,,0,30,,23402,23,,,0,70,,23403,23,,,0,30,,23404,23,,,0,70,,23405,23,,,0,33,,23406,23,,,0,70,,23407,23,,,0,30,,23408,23,,,0,70,,23409,23,,,0,30,,23410,23,,,0,70,,23411,23,,,0,30,,23412,23,,,0,70,,23413,23,,,0,104,,23414,23,,,0,100,,23415,23,,,0,100,,23416,23,,,0,100,,23417,23,,,0
9000,'259.0.2',615,,23418,23,,,0,100,,23419,23,,,0,100,,23420,23,,,0,95,,23421,23,,,0,97,,23422,23,,,0,100,,23423,23,,,0,102,,23424,23,,,0,100,,23425,23,,,0,98,,23426,23,,,0,100,,23427,23,,,0,100,,23428,23,,,0,100,,23429,23,,,0,103,,23430,23,,,0,104,,23431,23,,,0,101,,23432,23,,,0,100,,23433,23,,,0,100,,23434,23,,,0,100,,23435,23,,,0
9000,'259.0.3',611,,23469,23,,,0,15,,23468,23,,,0,15,,23436,23,,,0,15,,23470,23,,,0,55,,23437,23,,,0,15,,23471,23,,,0,15,,23438,23,,,0,15,,23472,23,,,0,60,,23439,23,,,0,30,,23440,23,,,0,65,,23441,23,,,0,31,,23442,23,,,0,69,,23443,23,,,0,30,,23444,23,,,0,70,,23445,23,,,0,27,,23446,23,,,0,71,,23447,23,,,0,30,,23448,23,,,0,70,,23449,23,,,0,30,,23450,23,,,0,70,,23451,23,,,0,35,,23452,23,,,0,57,,23473,23,,,0,15,,23453,23,,,0,15,,23474,23,,,0,15,,23454,23,,,0,55,,23475,23,,,0,15,,23455,23,,,0,15,,23476,23,,,0,15,,23480,23,,,0,55,,23477,23,,,0,15,,23456,23,,,0,15,,23478,23,,,0,15,,23457,23,,,0,10,,23479,23,,,0,52,,23458,23,,,0,35,,23459,23,,,0,70,,23460,23,,,0,30,,23461,23,,,0,70,,23462,23,,,0,30,,23463,23,,,0,100,,23464,23,,,0,98,,23465,23,,,0,100,,23466,23,,,0,100,,23467,23,,,0
9100,'259.0.1',718,,23578,10,,,0,100,,23579,10,,,0,100,,23580,10,,,0,100,,23581,10,,,0,100,,23582,10,,,0,100,,23583,10,,,0,100,,23584,10,,,0,100,,23585,10,,,0,100,,23586,10,,,0,100,,23587,10,,,0,100,,23588,10,,,0,100,,23589,10,,,0,100,,23590,10,,,0,100,,23591,10,,,0,100,,23592,10,,,0,100,,23593,10,,,0
9100,'259.0.2',747,,23594,10,,,0,100,,23595,10,,,0,100,,23596,10,,,0,100,,23597,10,,,0,100,,23598,10,,,0,100,,23599,10,,,0,100,,23600,10,,,0,100,,23601,10,,,0,100,,23602,10,,,0,100,,23603,10,,,0,100,,23604,10,,,0,100,,23605,10,,,0,100,,23606,10,,,0,100,,23607,10,,,0,100,,23608,10,,,0
9100,'259.0.3',628,,23609,10,,,0,24,,23610,10,,,0,67,,23611,10,,,0,36,,23612,10,,,0,69,,23613,10,,,0,31,,23614,10,,,0,100,,23615,10,,,0,103,,23616,10,,,0,100,,23617,10,,,0,99,,23618,10,,,0,100,,23619,10,,,0,100,,23620,10,,,0,70,,23621,10,,,0,30,,23622,10,,,0,70,,23623,10,,,0,30,,23624,10,,,0,70,,23625,10,,,0,31,,23626,10,,,0,70,,23627,10,,,0,98,,23628,10,,,0,100,,23629,10,,,0,100,,23630,10,,,0,100,,23631,10,,,0
9300,'259.0.3',1534,,23687,17,,,0,66,,23688,17,,,0,40,,23689,17,,,0,63,,23690,17,,,0,36,,23691,17,,,0,20,,23692,17,,,0,71,,23693,17,,,0
