200,'259.0.1',605,,18165,1,,,0,100,,18166,1,,,0,100,,18167,1,,,0,15,,18168,1,,,0,15,,18169,1,,,0,15,,18170,1,,,0,55,,18171,1,,,0,15,,18172,1,,,0,15,,18173,1,,,0,15,,18174,1,,,0,55,,18175,1,,,0,15,,18176,1,,,0,15,,18177,1,,,0,15,,18178,1,,,0,55,,18179,1,,,0,15,,18180,1,,,0,15,,18181,1,,,0,15,,18182,1,,,0,55,,18183,1,,,0,15,,18184,1,,,0,15,,18185,1,,,0,15,,18186,1,,,0,55,,18187,1,,,0,15,,18188,1,,,0,15,,18189,1,,,0,15,,18190,1,,,0,55,,18191,1,,,0,15,,18192,1,,,0,15,,18193,1,,,0,15,,18194,1,,,0,55,,18195,1,,,0,15,,18196,1,,,0,15,,18197,1,,,0,15,,18198,1,,,0,55,,18199,1,,,0,15,,18200,1,,,0,15,,18201,1,,,0,15,,18202,1,,,0,55,,18203,1,,,0,15,,18204,1,,,0,15,,18205,1,,,0,15,,18206,1,,,0,55,,18207,1,,,0,15,,18208,1,,,0,15,,18209,1,,,0,15,,18210,1,,,0,55,,18211,1,,,0,15,,18212,1,,,0,30,,18213,1,,,0,70,,18214,1,,,0,30,,18215,1,,,0,70,,18216,1,,,0,30,,18217,1,,,0,70,,18218,1,,,0,30,,18219,1,,,0,70,,18220,1,,,0,30,,18221,1,,,0,70,,18222,1,,,0
200,'259.0.2',555,,18223,1,,,0,100,,18224,1,,,0,100,,18225,1,,,0,70,,18226,1,,,0,20,,18227,1,,,0,60,,18228,1,,,0,20,,18229,1,,,0,20,,18230,1,,,0,60,,18231,1,,,0,20,,18232,1,,,0,20,,18233,1,,,0,60,,18234,1,,,0,20,,18235,1,,,0,20,,18236,1,,,0,60,,18237,1,,,0,20,,18238,1,,,0,20,,18239,1,,,0,60,,18240,1,,,0,20,,18241,1,,,0,20,,18242,1,,,0,60,,18243,1,,,0,20,,18244,1,,,0,20,,18245,1,,,0,60,,18246,1,,,0,20,,18247,1,,,0,20,,18248,1,,,0,60,,18249,1,,,0,20,,18250,1,,,0,20,,18251,1,,,0,60,,18252,1,,,0,20,,18253,1,,,0,20,,18254,1,,,0,60,,18255,1,,,0,30,,18256,1,,,0,70,,18257,1,,,0,30,,18258,1,,,0,70,,18259,1,,,0,30,,18260,1,,,0,70,,18261,1,,,0,30,,18262,1,,,0,70,,18263,1,,,0,30,,18264,1,,,0,70,,18265,1,,,0,30,,18266,1,,,0,70,,18267,1,,,0
200,'259.0.3',535,,18268,1,,,0,70,,18269,1,,,0,30,,18270,1,,,0,15,,18271,1,,,0,55,,18272,1,,,0,15,,18273,1,,,0,15,,18274,1,,,0,15,,18275,1,,,0,55,,18276,1,,,0,15,,18277,1,,,0,15,,18278,1,,,0,15,,18279,1,,,0,55,,18280,1,,,0,15,,18281,1,,,0,15,,18282,1,,,0,15,,18283,1,,,0,55,,18284,1,,,0,15,,18285,1,,,0,15,,18286,1,,,0,15,,18287,1,,,0,55,,18288,1,,,0,15,,18289,1,,,0,15,,18290,1,,,0,15,,18291,1,,,0,55,,18292,1,,,0,15,,18293,1,,,0,15,,18294,1,,,0,15,,18295,1,,,0,55,,18296,1,,,0,15,,18297,1,,,0,15,,18298,1,,,0,15,,18299,1,,,0,55,,18300,1,,,0,15,,18301,1,,,0,15,,18302,1,,,0,15,,18303,1,,,0,55,,18304,1,,,0,15,,18305,1,,,0,15,,18306,1,,,0,15,,18307,1,,,0,55,,18308,1,,,0,15,,18309,1,,,0,15,,18310,1,,,0,15,,18311,1,,,0,55,,18312,1,,,0,15,,18313,1,,,0,15,,18314,1,,,0,15,,18315,1,,,0,55,,18316,1,,,0,15,,18317,1,,,0,15,,18318,1,,,0,15,,18319,1,,,0,70,,18320,1,,,0,30,,18321,1,,,0,70,,18322,1,,,0,30,,18323,1,,,0,70,,18324,1,,,0,30,,18325,1,,,0,70,,18326,1,,,0,30,,18327,1,,,0,70,,18328,1,,,0,30,,18329,1,,,0,70,,18330,1,,,0
201,'259.0.1',633,,18331,45,4,,0,100,,18332,45,4,,0,100,,18333,45,4,,0,15,,18334,45,4,,0,55,,18335,45,4,,0,15,,18336,45,4,,0,15,,18337,45,4,,0,15,,18338,45,4,,0,55,,18339,45,4,,0,16,,18340,45,4,,0,18,,18341,45,4,,0,16,,18342,45,4,,0,55,,18343,45,4,,0,15,,18344,45,4,,0,15,,18345,45,4,,0,15,,18346,45,4,,0,55,,18347,45,4,,0,15,,18348,45,4,,0,15,,18349,45,4,,0,15,,18350,45,4,,0,55,,18351,45,4,,0,15,,18352,45,4,,0,15,,18353,45,4,,0,15,,18354,45,4,,0,55,,18355,45,4,,0,15,,18356,45,4,,0,15,,18357,45,4,,0,15,,18358,45,4,,0,55,,18359,45,4,,0,15,,18360,45,4,,0,15,,18361,45,4,,0,15,,18362,45,4,,0,55,,18363,45,4,,0,15,,18364,45,4,,0,15,,18365,45,4,,0,14,,18366,45,4,,0,54,,18367,45,4,,0,15,,18368,45,4,,0,15,,18369,45,4,,0,15,,18370,45,4,,0,55,,18371,45,4,,0,15,,18372,45,4,,0,15,,18373,45,4,,0,14,,18374,45,4,,0,53,,18375,45,4,,0,14,,18376,45,4,,0,15,,18377,45,4,,0,70,,18378,45,4,,0,30,,18379,45,4,,0,70,,18380,45,4,,0,30,,18381,45,4,,0,70,,18382,45,4,,0,30,,18383,45,4,,0,70,,18384,45,4,,0,30,,18385,45,4,,0,70,,18386,45,4,,0,30,,18387,45,4,,0,70,,18388,45,4,,0
201,'259.0.2',640,,18389,45,4,,0,100,,18390,45,4,,0,95,,18391,45,4,,0,20,,18392,45,4,,0,60,,18393,45,4,,0,22,,18394,45,4,,0,20,,18395,45,4,,0,62,,18396,45,4,,0,20,,18397,45,4,,0,20,,18398,45,4,,0,60,,18399,45,4,,0,20,,18400,45,4,,0,20,,18401,45,4,,0,60,,18402,45,4,,0,20,,18403,45,4,,0,20,,18404,45,4,,0,60,,18405,45,4,,0,20,,18406,45,4,,0,20,,18407,45,4,,0,60,,18408,45,4,,0,20,,18409,45,4,,0,20,,18410,45,4,,0,60,,18411,45,4,,0,20,,18412,45,4,,0,20,,18413,45,4,,0,60,,18414,45,4,,0,20,,18415,45,4,,0,20,,18416,45,4,,0,60,,18417,45,4,,0,20,,18418,45,4,,0,20,,18419,45,4,,0,60,,18420,45,4,,0,15,,18421,45,4,,0,67,,18422,45,4,,0,29,,18423,45,4,,0,70,,18424,45,4,,0,30,,18425,45,4,,0,70,,18426,45,4,,0,30,,18427,45,4,,0,70,,18428,45,4,,0,30,,18429,45,4,,0,70,,18430,45,4,,0,30,,18431,45,4,,0,70,,18432,45,4,,0,30,,18433,45,4,,0
201,'259.0.3',604,,18434,45,4,,0,30,,18435,45,4,,0,70,,18436,45,4,,0,15,,18437,45,4,,0,15,,18438,45,4,,0,22,,18439,45,4,,0,58,,18440,45,4,,0,15,,18441,45,4,,0,15,,18442,45,4,,0,15,,18443,45,4,,0,55,,18444,45,4,,0,13,,18445,45,4,,0,14,,18446,45,4,,0,15,,18447,45,4,,0,55,,18448,45,4,,0,15,,18449,45,4,,0,15,,18450,45,4,,0,15,,18451,45,4,,0,55,,18452,45,4,,0,15,,18453,45,4,,0,15,,18454,45,4,,0,15,,18455,45,4,,0,55,,18456,45,4,,0,15,,18457,45,4,,0,15,,18458,45,4,,0,15,,18459,45,4,,0,55,,18460,45,4,,0,15,,18461,45,4,,0,15,,18462,45,4,,0,15,,18463,45,4,,0,55,,18464,45,4,,0,15,,18465,45,4,,0,15,,18466,45,4,,0,15,,18467,45,4,,0,55,,18468,45,4,,0,15,,18469,45,4,,0,17,,18470,45,4,,0,57,,18471,45,4,,0,16,,18472,45,4,,0,15,,18473,45,4,,0,15,,18474,45,4,,0,55,,18475,45,4,,0,15,,18476,45,4,,0,15,,18477,45,4,,0,15,,18478,45,4,,0,12,,18479,45,4,,0,52,,18480,45,4,,0,14,,18481,45,4,,0,15,,18482,45,4,,0,15,,18483,45,4,,0,54,,18484,45,4,,0,27,,18485,45,4,,0,70,,18486,45,4,,0,30,,18487,45,4,,0,70,,18488,45,4,,0,30,,18489,45,4,,0,70,,18490,45,4,,0,30,,18491,45,4,,0,70,,18492,45,4,,0,30,,18493,45,4,,0,70,,18494,45,4,,0,30,,18495,45,4,,0,70,,18496,45,4,,0
2900,'259.0.1',648,,20522,34,,,0,70,,20523,34,,,0,30,,20524,34,,,0,70,,20525,34,,,0,30,,20526,34,,,0,70,,20527,34,,,0,30,,20528,34,,,0,70,,20529,34,,,0,34,,20530,34,,,0,66,,20531,34,,,0,30,,20532,34,,,0,70,,20533,34,,,0,30,,20534,34,,,0,70,,20535,34,,,0,30,,20536,34,,,0,70,,20537,34,,,0,30,,20538,34,,,0,70,,20539,34,,,0,30,,20540,34,,,0,70,,20541,34,,,0,29,,20542,34,,,0,70,,20543,34,,,0,31,,20544,34,,,0,70,,20545,34,,,0,30,,20546,34,,,0,70,,20547,34,,,0,30,,20548,34,,,0,70,,20549,34,,,0,28,,20550,34,,,0,102,,20551,34,,,0,100,,20552,34,,,0,100,,20553,34,,,0,81,,20554,34,,,0
2900,'259.0.2',653,,20555,34,,,0,70,,20556,34,,,0,30,,20557,34,,,0,70,,20558,34,,,0,30,,20559,34,,,0,70,,20560,34,,,0,30,,20561,34,,,0,70,,20562,34,,,0,30,,20563,34,,,0,73,,20564,34,,,0,27,,20565,34,,,0,70,,20566,34,,,0,30,,20567,34,,,0,70,,20568,34,,,0,30,,20569,34,,,0,70,,20570,34,,,0,30,,20571,34,,,0,70,,20572,34,,,0,30,,20573,34,,,0,70,,20574,34,,,0,30,,20575,34,,,0,70,,20576,34,,,0,30,,20577,34,,,0,68,,20578,34,,,0,32,,20579,34,,,0,100,,20580,34,,,0,100,,20581,34,,,0,100,,20582,34,,,0,100,,20583,34,,,0,100,,20584,34,,,0,78,,20585,34,,,0
2900,'259.0.3',608,,20586,34,,,0,15,,20587,34,,,0,15,,20588,34,,,0,15,,20589,34,,,0,55,,20590,34,,,0,15,,20591,34,,,0,15,,20592,34,,,0,15,,20593,34,,,0,55,,20594,34,,,0,15,,20595,34,,,0,15,,20596,34,,,0,15,,20597,34,,,0,55,,20598,34,,,0,15,,20599,34,,,0,15,,20600,34,,,0,70,,20601,34,,,0,30,,20602,34,,,0,70,,20603,34,,,0,30,,20604,34,,,0,70,,20605,34,,,0,30,,20606,34,,,0,70,,20607,34,,,0,30,,20608,34,,,0,70,,20609,34,,,0,30,,20610,34,,,0,70,,20611,34,,,0,30,,20612,34,,,0,15,,20613,34,,,0,55,,20614,34,,,0,15,,20615,34,,,0,15,,20616,34,,,0,15,,20617,34,,,0,55,,20618,34,,,0,15,,20619,34,,,0,15,,20620,34,,,0,15,,20621,34,,,0,55,,20622,34,,,0,15,,20623,34,,,0,15,,20624,34,,,0,15,,20625,34,,,0,55,,20626,34,,,0,30,,20627,34,,,0,70,,20628,34,,,0,30,,20629,34,,,0,70,,20630,34,,,0,30,,20631,34,,,0,70,,20632,34,,,0,30,,20633,34,,,0,100,,20634,34,,,0,88,,20635,34,,,0
2901,'259.0.1',635,,20636,13,,,0,70,,20637,13,,,0,30,,20638,13,,,0,70,,20639,13,,,0,30,,20640,13,,,0,70,,20641,13,,,0,30,,20642,13,,,0,70,,20643,13,,,0,32,,20644,13,,,0,68,,20645,13,,,0,30,,20646,13,,,0,70,,20647,13,,,0,30,,20648,13,,,0,70,,20649,13,,,0,30,,20650,13,,,0,70,,20651,13,,,0,30,,20652,13,,,0,70,,20653,13,,,0,30,,20654,13,,,0,70,,20655,13,,,0,30,,20656,13,,,0,70,,20657,13,,,0,30,,20658,13,,,0,70,,20659,13,,,0,30,,20660,13,,,0,70,,20661,13,,,0,30,,20662,13,,,0,100,,20663,13,,,0,100,,20664,13,,,0,100,,20665,13,,,0,100,,20666,13,,,0,81,,20667,13,,,0
2901,'259.0.2',633,,20668,13,,,0,70,,20669,13,,,0,30,,20670,13,,,0,70,,20671,13,,,0,30,,20672,13,,,0,70,,20673,13,,,0,30,,20674,13,,,0,71,,20675,13,,,0,29,,20676,13,,,0,70,,20677,13,,,0,30,,20678,13,,,0,70,,20679,13,,,0,30,,20680,13,,,0,70,,20681,13,,,0,30,,20682,13,,,0,70,,20683,13,,,0,30,,20684,13,,,0,70,,20685,13,,,0,30,,20686,13,,,0,70,,20687,13,,,0,30,,20688,13,,,0,70,,20689,13,,,0,30,,20690,13,,,0,70,,20691,13,,,0,30,,20692,13,,,0,100,,20693,13,,,0,100,,20694,13,,,0,100,,20695,13,,,0,100,,20696,13,,,0,100,,20697,13,,,0,83,,20698,13,,,0
2901,'259.0.3',619,,20699,13,,,0,15,,20700,13,,,0,15,,20701,13,,,0,55,,20702,13,,,0,15,,20703,13,,,0,15,,20704,13,,,0,15,,20705,13,,,0,55,,20706,13,,,0,15,,20707,13,,,0,14,,20708,13,,,0,16,,20709,13,,,0,70,,20710,13,,,0,30,,20711,13,,,0,70,,20712,13,,,0,30,,20713,13,,,0,70,,20714,13,,,0,30,,20715,13,,,0,70,,20716,13,,,0,30,,20717,13,,,0,70,,20718,13,,,0,30,,20719,13,,,0,70,,20720,13,,,0,30,,20721,13,,,0,70,,20722,13,,,0,15,,20723,13,,,0,15,,20724,13,,,0,55,,20725,13,,,0,15,,20726,13,,,0,15,,20727,13,,,0,15,,20728,13,,,0,55,,20729,13,,,0,15,,20730,13,,,0,15,,20731,13,,,0,15,,20732,13,,,0,55,,20733,13,,,0,15,,20734,13,,,0,15,,20735,13,,,0,15,,20736,13,,,0,70,,20737,13,,,0,30,,20738,13,,,0,70,,20739,13,,,0,30,,20740,13,,,0,70,,20741,13,,,0,30,,20742,13,,,0,70,,20743,13,,,0,100,,20744,13,,,0,94,,20745,13,,,0
9000,'259.0.1',605,,23385,1,,,0,25,,23386,1,,,0,70,,23387,1,,,0,30,,23388,1,,,0,70,,23389,1,,,0,25,,23390,1,,,0,30,,23391,1,,,0,70,,23392,1,,,0,25,,23393,1,,,0,70,,23394,1,,,0,30,,23395,1,,,0,70,,23396,1,,,0,30,,23397,1,,,0,67,,23398,1,,,0,30,,23399,1,,,0,70,,23400,1,,,0,30,,23401,1,,,0,70,,23402,1,,,0,30,,23403,1,,,0,70,,23404,1,,,0,30,,23405,1,,,0,73,,23406,1,,,0,30,,23407,1,,,0,70,,23408,1,,,0,30,,23409,1,,,0,70,,23410,1,,,0,30,,23411,1,,,0,70,,23412,1,,,0,30,,23413,1,,,0,105,,23414,1,,,0,100,,23415,1,,,0,100,,23416,1,,,0,100,,23417,1,,,0
9000,'259.0.2',554,,23418,1,,,0,100,,23419,1,,,0,100,,23420,1,,,0,95,,23421,1,,,0,97,,23422,1,,,0,99,,23423,1,,,0,100,,23424,1,,,0,100,,23425,1,,,0,98,,23426,1,,,0,100,,23427,1,,,0,100,,23428,1,,,0,100,,23429,1,,,0,103,,23430,1,,,0,105,,23431,1,,,0,102,,23432,1,,,0,100,,23433,1,,,0,100,,23434,1,,,0,100,,23435,1,,,0
9000,'259.0.3',548,,23469,1,,,0,55,,23468,1,,,0,15,,23436,1,,,0,15,,23470,1,,,0,15,,23437,1,,,0,55,,23471,1,,,0,15,,23438,1,,,0,15,,23472,1,,,0,20,,23439,1,,,0,70,,23440,1,,,0,25,,23441,1,,,0,71,,23442,1,,,0,29,,23443,1,,,0,70,,23444,1,,,0,30,,23445,1,,,0,67,,23446,1,,,0,30,,23447,1,,,0,70,,23448,1,,,0,30,,23449,1,,,0,70,,23450,1,,,0,30,,23451,1,,,0,70,,23452,1,,,0,15,,23473,1,,,0,15,,23453,1,,,0,55,,23474,1,,,0,15,,23454,1,,,0,15,,23475,1,,,0,15,,23455,1,,,0,55,,23476,1,,,0,15,,23480,1,,,0,15,,23477,1,,,0,15,,23456,1,,,0,55,,23478,1,,,0,15,,23457,1,,,0,15,,23479,1,,,0,15,,23458,1,,,0,75,,23459,1,,,0,30,,23460,1,,,0,70,,23461,1,,,0,30,,23462,1,,,0,70,,23463,1,,,0,100,,23464,1,,,0,100,,23465,1,,,0,100,,23466,1,,,0,100,,23467,1,,,0
9001,'259.0.1',641,,23481,63,4,,0,70,,23482,63,4,,0,30,,23483,63,4,,0,66,,23484,63,4,,0,31,,23485,63,4,,0,70,,23486,63,4,,0,30,,23487,63,4,,0,68,,23488,63,4,,0,34,,23489,63,4,,0,71,,23490,63,4,,0,30,,23491,63,4,,0,70,,23492,63,4,,0,30,,23493,63,4,,0,70,,23494,63,4,,0,30,,23495,63,4,,0,70,,23496,63,4,,0,30,,23497,63,4,,0,70,,23498,63,4,,0,30,,23499,63,4,,0,70,,23500,63,4,,0,30,,23501,63,4,,0,70,,23502,63,4,,0,30,,23503,63,4,,0,73,,23504,63,4,,0,25,,23505,63,4,,0,69,,23506,63,4,,0,30,,23507,63,4,,0,70,,23508,63,4,,0,30,,23509,63,4,,0,97,,23510,63,4,,0,100,,23511,63,4,,0,100,,23512,63,4,,0,100,,23513,63,4,,0
9001,'259.0.2',630,,23514,63,4,,0,100,,23515,63,4,,0,100,,23516,63,4,,0,100,,23517,63,4,,0,101,,23518,63,4,,0,102,,23519,63,4,,0,100,,23520,63,4,,0,102,,23521,63,4,,0,100,,23522,63,4,,0,98,,23523,63,4,,0,100,,23524,63,4,,0,98,,23525,63,4,,0,98,,23526,63,4,,0,103,,23527,63,4,,0,105,,23528,63,4,,0,98,,23529,63,4,,0,96,,23530,63,4,,0,99,,23531,63,4,,0
9001,'259.0.3',616,,23532,63,4,,0,30,,23533,63,4,,0,76,,23534,63,4,,0,24,,23566,63,4,,0,13,,23535,63,4,,0,55,,23567,63,4,,0,10,,23536,63,4,,0,16,,23568,63,4,,0,15,,23537,63,4,,0,53,,23569,63,4,,0,11,,23538,63,4,,0,15,,23570,63,4,,0,15,,23539,63,4,,0,70,,23540,63,4,,0,25,,23541,63,4,,0,70,,23542,63,4,,0,30,,23543,63,4,,0,70,,23544,63,4,,0,30,,23545,63,4,,0,70,,23546,63,4,,0,30,,23547,63,4,,0,70,,23548,63,4,,0,30,,23549,63,4,,0,70,,23550,63,4,,0,34,,23551,63,4,,0,73,,23552,63,4,,0,21,,23571,63,4,,0,62,,23553,63,4,,0,8,,23572,63,4,,0,25,,23554,63,4,,0,15,,23573,63,4,,0,51,,23555,63,4,,0,12,,23574,63,4,,0,12,,23556,63,4,,0,13,,23575,63,4,,0,13,,23557,63,4,,0,52,,23576,63,4,,0,13,,23558,63,4,,0,12,,23577,63,4,,0,13,,23559,63,4,,0,70,,23560,63,4,,0,24,,23561,63,4,,0,70,,23562,63,4,,0,100,,23563,63,4,,0,100,,23564,63,4,,0,100,,23565,63,4,,0
