3900,'259.0.1',636,,20746,36,4,,0,70,,20747,36,4,,0,30,,20748,36,4,,0,70,,20749,36,4,,0,30,,20750,36,4,,0,70,,20751,36,4,,0,30,,20752,36,4,,0,70,,20753,36,4,,0,32,,20754,36,4,,0,71,,20755,36,4,,0,30,,20756,36,4,,0,70,,20757,36,4,,0,30,,20758,36,4,,0,70,,20759,36,4,,0,30,,20760,36,4,,0,70,,20761,36,4,,0,30,,20762,36,4,,0,70,,20763,36,4,,0,30,,20764,36,4,,0,70,,20765,36,4,,0,30,,20766,36,4,,0,70,,20767,36,4,,0,30,,20768,36,4,,0,70,,20769,36,4,,0,30,,20770,36,4,,0,70,,20771,36,4,,0,28,,20772,36,4,,0,70,,20773,36,4,,0,30,,20774,36,4,,0,70,,20775,36,4,,0,30,,20776,36,4,,0,70,,20777,36,4,,0,30,,20778,36,4,,0,70,,20779,36,4,,0,30,,20780,36,4,,0
3900,'259.0.2',637,,20781,36,4,,0,100,,20782,36,4,,0,100,,20783,36,4,,0,100,,20784,36,4,,0,100,,20785,36,4,,0,102,,20786,36,4,,0,101,,20787,36,4,,0,100,,20788,36,4,,0,100,,20789,36,4,,0,100,,20790,36,4,,0,100,,20791,36,4,,0,100,,20792,36,4,,0,98,,20793,36,4,,0,100,,20794,36,4,,0,100,,20795,36,4,,0,100,,20796,36,4,,0
3900,'259.0.3',643,,20797,36,4,,0,70,,20798,36,4,,0,34,,20799,36,4,,0,71,,20800,36,4,,0,30,,20801,36,4,,0,68,,20802,36,4,,0,26,,20803,36,4,,0,70,,20804,36,4,,0,30,,20805,36,4,,0,70,,20806,36,4,,0,30,,20807,36,4,,0,70,,20808,36,4,,0,30,,20809,36,4,,0,70,,20810,36,4,,0,30,,20811,36,4,,0,70,,20812,36,4,,0,30,,20813,36,4,,0,71,,20814,36,4,,0,35,,20815,36,4,,0,70,,20816,36,4,,0,30,,20817,36,4,,0,70,,20818,36,4,,0,30,,20819,36,4,,0,69,,20820,36,4,,0,26,,20821,36,4,,0,70,,20822,36,4,,0,99,,20823,36,4,,0,98,,20824,36,4,,0,100,,20825,36,4,,0,100,,20826,36,4,,0
3901,'259.0.1',615,,20827,1,,,0,30,,20828,1,,,0,70,,20829,1,,,0,30,,20830,1,,,0,70,,20831,1,,,0,30,,20832,1,,,0,70,,20833,1,,,0,30,,20834,1,,,0,70,,20835,1,,,0,30,,20836,1,,,0,70,,20837,1,,,0,30,,20838,1,,,0,70,,20839,1,,,0,30,,20840,1,,,0,70,,20841,1,,,0,30,,20842,1,,,0,70,,20843,1,,,0,30,,20844,1,,,0,70,,20845,1,,,0,30,,20846,1,,,0,70,,20847,1,,,0,30,,20848,1,,,0,70,,20849,1,,,0,30,,20850,1,,,0,70,,20851,1,,,0,30,,20852,1,,,0,70,,20853,1,,,0,30,,20854,1,,,0,70,,20855,1,,,0,30,,20856,1,,,0,70,,20857,1,,,0,30,,20858,1,,,0,70,,20859,1,,,0,30,,20860,1,,,0,70,,20861,1,,,0
3901,'259.0.2',645,,20862,1,,,0,100,,20863,1,,,0,100,,20864,1,,,0,100,,20865,1,,,0,100,,20866,1,,,0,100,,20867,1,,,0,100,,20868,1,,,0,100,,20869,1,,,0,100,,20870,1,,,0,100,,20871,1,,,0,100,,20872,1,,,0,100,,20873,1,,,0,100,,20874,1,,,0,100,,20875,1,,,0,100,,20876,1,,,0,100,,20877,1,,,0
3901,'259.0.3',557,,20878,1,,,0,70,,20879,1,,,0,30,,20880,1,,,0,70,,20881,1,,,0,30,,20882,1,,,0,70,,20883,1,,,0,30,,20884,1,,,0,70,,20885,1,,,0,30,,20886,1,,,0,70,,20887,1,,,0,30,,20888,1,,,0,70,,20889,1,,,0,30,,20890,1,,,0,70,,20891,1,,,0,30,,20892,1,,,0,70,,20893,1,,,0,30,,20894,1,,,0,70,,20895,1,,,0,30,,20896,1,,,0,70,,20897,1,,,0,30,,20898,1,,,0,70,,20899,1,,,0,30,,20900,1,,,0,70,,20901,1,,,0,30,,20902,1,,,0,100,,20903,1,,,0,100,,20904,1,,,0,100,,20905,1,,,0,100,,20906,1,,,0,100,,20907,1,,,0
5600,'259.0.1',606,,21295,1,,,0,30,,21296,1,,,0,70,,21297,1,,,0,30,,21298,1,,,0,70,,21299,1,,,0,30,,21300,1,,,0,70,,21301,1,,,0,30,,21302,1,,,0,70,,21303,1,,,0,29,,21304,1,,,0,70,,21305,1,,,0,30,,21306,1,,,0,70,,21307,1,,,0,30,,21308,1,,,0,70,,21309,1,,,0,30,,21310,1,,,0,70,,21311,1,,,0,30,,21312,1,,,0,70,,21313,1,,,0,30,,21314,1,,,0,70,,21315,1,,,0,30,,21316,1,,,0,70,,21317,1,,,0,30,,21318,1,,,0,70,,21319,1,,,0,31,,21320,1,,,0,70,,21321,1,,,0,30,,21322,1,,,0,70,,21323,1,,,0,30,,21324,1,,,0,70,,21325,1,,,0,30,,21326,1,,,0,70,,21327,1,,,0,30,,21328,1,,,0,70,,21329,1,,,0,30,,21330,1,,,0
5600,'259.0.2',706,,21331,1,,,0,30,,21332,1,,,0,70,,21333,1,,,0,30,,21334,1,,,0,70,,21335,1,,,0,30,,21336,1,,,0,70,,21337,1,,,0,30,,21338,1,,,0,70,,21339,1,,,0,30,,21340,1,,,0,70,,21341,1,,,0,30,,21342,1,,,0,70,,21343,1,,,0,30,,21344,1,,,0,70,,21345,1,,,0,30,,21346,1,,,0,70,,21347,1,,,0,30,,21348,1,,,0,70,,21349,1,,,0,30,,21350,1,,,0,70,,21351,1,,,0,30,,21352,1,,,0,70,,21353,1,,,0,30,,21354,1,,,0,70,,21355,1,,,0,30,,21356,1,,,0,70,,21357,1,,,0,30,,21358,1,,,0,70,,21359,1,,,0,30,,21360,1,,,0,70,,21361,1,,,0
5600,'259.0.3',606,,21362,1,,,0,30,,21363,1,,,0,70,,21364,1,,,0,30,,21365,1,,,0,70,,21366,1,,,0,30,,21367,1,,,0,70,,21368,1,,,0,30,,21369,1,,,0,70,,21370,1,,,0,30,,21371,1,,,0,70,,21372,1,,,0,30,,21373,1,,,0,70,,21374,1,,,0,30,,21375,1,,,0,70,,21376,1,,,0,30,,21377,1,,,0,70,,21378,1,,,0,30,,21379,1,,,0,70,,21380,1,,,0,30,,21381,1,,,0,70,,21382,1,,,0,30,,21383,1,,,0,70,,21384,1,,,0,30,,21385,1,,,0,70,,21386,1,,,0,30,,21387,1,,,0,70,,21388,1,,,0,30,,21389,1,,,0,70,,21390,1,,,0,30,,21391,1,,,0,70,,21392,1,,,0,30,,21393,1,,,0,70,,21394,1,,,0,30,,21395,1,,,0,70,,21396,1,,,0,30,,21397,1,,,0
5601,'259.0.1',644,,21398,33,4,,0,70,,21399,33,4,,0,30,,21400,33,4,,0,70,,21401,33,4,,0,30,,21402,33,4,,0,70,,21403,33,4,,0,30,,21404,33,4,,0,70,,21405,33,4,,0,36,,21406,33,4,,0,70,,21407,33,4,,0,30,,21408,33,4,,0,70,,21409,33,4,,0,30,,21410,33,4,,0,70,,21411,33,4,,0,30,,21412,33,4,,0,70,,21413,33,4,,0,30,,21414,33,4,,0,70,,21415,33,4,,0,30,,21416,33,4,,0,70,,21417,33,4,,0,30,,21418,33,4,,0,68,,21419,33,4,,0,30,,21420,33,4,,0,70,,21421,33,4,,0,30,,21422,33,4,,0,70,,21423,33,4,,0,30,,21424,33,4,,0,70,,21425,33,4,,0,30,,21426,33,4,,0,66,,21427,33,4,,0,30,,21428,33,4,,0,70,,21429,33,4,,0,30,,21430,33,4,,0,70,,21431,33,4,,0,30,,21432,33,4,,0,70,,21433,33,4,,0
5601,'259.0.2',807,,21434,33,4,,0,30,,21435,33,4,,0,70,,21436,33,4,,0,30,,21437,33,4,,0,70,,21438,33,4,,0,30,,21439,33,4,,0,70,,21440,33,4,,0,30,,21441,33,4,,0,74,,21442,33,4,,0,30,,21443,33,4,,0,70,,21444,33,4,,0,30,,21445,33,4,,0,70,,21446,33,4,,0,30,,21447,33,4,,0,70,,21448,33,4,,0,30,,21449,33,4,,0,70,,21450,33,4,,0,30,,21451,33,4,,0,70,,21452,33,4,,0,30,,21453,33,4,,0,70,,21454,33,4,,0,30,,21455,33,4,,0,70,,21456,33,4,,0,27,,21457,33,4,,0,70,,21458,33,4,,0,30,,21459,33,4,,0,70,,21460,33,4,,0,30,,21461,33,4,,0,70,,21462,33,4,,0,30,,21463,33,4,,0
5601,'259.0.3',647,,21464,33,4,,0,70,,21465,33,4,,0,30,,21466,33,4,,0,70,,21467,33,4,,0,30,,21468,33,4,,0,70,,21469,33,4,,0,30,,21470,33,4,,0,70,,21471,33,4,,0,34,,21472,33,4,,0,70,,21473,33,4,,0,30,,21474,33,4,,0,70,,21475,33,4,,0,30,,21476,33,4,,0,70,,21477,33,4,,0,30,,21478,33,4,,0,70,,21479,33,4,,0,30,,21480,33,4,,0,70,,21481,33,4,,0,31,,21482,33,4,,0,70,,21483,33,4,,0,30,,21484,33,4,,0,70,,21485,33,4,,0,30,,21486,33,4,,0,70,,21487,33,4,,0,30,,21488,33,4,,0,67,,21489,33,4,,0,27,,21490,33,4,,0,70,,21491,33,4,,0,30,,21492,33,4,,0,70,,21493,33,4,,0,29,,21494,33,4,,0,69,,21495,33,4,,0,30,,21496,33,4,,0,70,,21497,33,4,,0,30,,21498,33,4,,0,70,,21499,33,4,,0
