201,'244.0.1',613,,9504,23,,,0,100,,9505,23,,,0,100,,9506,23,,,0,15,,9507,23,,,0,15,,9508,23,,,0,15,,9509,23,,,0,55,,9510,23,,,0,15,,9511,23,,,0,15,,9512,23,,,0,15,,9513,23,,,0,57,,9514,23,,,0,16,,9515,23,,,0,15,,9516,23,,,0,55,,9517,23,,,0,15,,9518,23,,,0,15,,9519,23,,,0,15,,9520,23,,,0,55,,9521,23,,,0,15,,9522,23,,,0,15,,9523,23,,,0,15,,9524,23,,,0,55,,9525,23,,,0,15,,9526,23,,,0,15,,9527,23,,,0,15,,9528,23,,,0,55,,9529,23,,,0,15,,9530,23,,,0,15,,9531,23,,,0,15,,9532,23,,,0,55,,9533,23,,,0,15,,9534,23,,,0,15,,9535,23,,,0,15,,9536,23,,,0,55,,9537,23,,,0,15,,9538,23,,,0,15,,9539,23,,,0,14,,9540,23,,,0,55,,9541,23,,,0,15,,9542,23,,,0,15,,9543,23,,,0,15,,9544,23,,,0,55,,9545,23,,,0,15,,9546,23,,,0,15,,9547,23,,,0,13,,9548,23,,,0,14,,9549,23,,,0,55,,9550,23,,,0,30,,9551,23,,,0,70,,9552,23,,,0,30,,9553,23,,,0,70,,9554,23,,,0,30,,9555,23,,,0,70,,9556,23,,,0,30,,9557,23,,,0,70,,9558,23,,,0,30,,9559,23,,,0,70,,9560,23,,,0,30,,9561,23,,,0
201,'244.0.2',622,,9562,23,,,0,100,,9563,23,,,0,95,,9564,23,,,0,20,,9565,23,,,0,20,,9566,23,,,0,60,,9567,23,,,0,20,,9568,23,,,0,22,,9569,23,,,0,60,,9570,23,,,0,20,,9571,23,,,0,20,,9572,23,,,0,60,,9573,23,,,0,20,,9574,23,,,0,20,,9575,23,,,0,60,,9576,23,,,0,20,,9577,23,,,0,20,,9578,23,,,0,60,,9579,23,,,0,20,,9580,23,,,0,20,,9581,23,,,0,60,,9582,23,,,0,20,,9583,23,,,0,20,,9584,23,,,0,60,,9585,23,,,0,20,,9586,23,,,0,20,,9587,23,,,0,60,,9588,23,,,0,20,,9589,23,,,0,20,,9590,23,,,0,60,,9591,23,,,0,20,,9592,23,,,0,20,,9593,23,,,0,55,,9594,23,,,0,29,,9595,23,,,0,69,,9596,23,,,0,30,,9597,23,,,0,70,,9598,23,,,0,30,,9599,23,,,0,70,,9600,23,,,0,30,,9601,23,,,0,70,,9602,23,,,0,30,,9603,23,,,0,70,,9604,23,,,0,30,,9605,23,,,0,70,,9606,23,,,0
201,'244.0.3',544,,9607,23,,,0,70,,9608,23,,,0,30,,9609,23,,,0,15,,9610,23,,,0,55,,9611,23,,,0,19,,9612,23,,,0,18,,9613,23,,,0,55,,9614,23,,,0,15,,9615,23,,,0,15,,9616,23,,,0,15,,9617,23,,,0,53,,9618,23,,,0,14,,9619,23,,,0,15,,9620,23,,,0,15,,9621,23,,,0,55,,9622,23,,,0,15,,9623,23,,,0,15,,9624,23,,,0,15,,9625,23,,,0,55,,9626,23,,,0,15,,9627,23,,,0,15,,9628,23,,,0,15,,9629,23,,,0,55,,9630,23,,,0,15,,9631,23,,,0,15,,9632,23,,,0,15,,9633,23,,,0,55,,9634,23,,,0,15,,9635,23,,,0,15,,9636,23,,,0,15,,9637,23,,,0,55,,9638,23,,,0,15,,9639,23,,,0,15,,9640,23,,,0,15,,9641,23,,,0,55,,9642,23,,,0,15,,9643,23,,,0,16,,9644,23,,,0,16,,9645,23,,,0,55,,9646,23,,,0,15,,9647,23,,,0,15,,9648,23,,,0,15,,9649,23,,,0,55,,9650,23,,,0,15,,9651,23,,,0,15,,9652,23,,,0,13,,9653,23,,,0,54,,9654,23,,,0,15,,9655,23,,,0,15,,9656,23,,,0,15,,9657,23,,,0,69,,9658,23,,,0,30,,9659,23,,,0,70,,9660,23,,,0,30,,9661,23,,,0,70,,9662,23,,,0,30,,9663,23,,,0,70,,9664,23,,,0,30,,9665,23,,,0,70,,9666,23,,,0,30,,9667,23,,,0,70,,9668,23,,,0,30,,9669,23,,,0
301,'244.0.1',620,,9812,19,,,0,100,,9813,19,,,0,100,,9814,19,,,0,30,,9815,19,,,0,70,,9816,19,,,0,30,,9817,19,,,0,70,,9818,19,,,0,32,,9819,19,,,0,70,,9820,19,,,0,30,,9821,19,,,0,70,,9822,19,,,0,30,,9823,19,,,0,70,,9824,19,,,0,30,,9825,19,,,0,70,,9826,19,,,0,30,,9827,19,,,0,70,,9828,19,,,0,30,,9829,19,,,0,70,,9830,19,,,0,30,,9831,19,,,0,70,,9832,19,,,0,30,,9833,19,,,0,68,,9834,19,,,0,30,,9835,19,,,0,70,,9836,19,,,0,30,,9837,19,,,0,70,,9838,19,,,0,30,,9839,19,,,0,70,,9840,19,,,0,30,,9841,19,,,0,70,,9842,19,,,0,30,,9843,19,,,0,70,,9844,19,,,0,30,,9845,19,,,0,70,,9846,19,,,0,30,,9847,19,,,0
301,'244.0.2',619,,9848,19,,,0,100,,9849,19,,,0,100,,9850,19,,,0,30,,9851,19,,,0,70,,9852,19,,,0,20,,9853,19,,,0,20,,9854,19,,,0,60,,9855,19,,,0,21,,9856,19,,,0,60,,9857,19,,,0,20,,9858,19,,,0,20,,9859,19,,,0,60,,9860,19,,,0,20,,9861,19,,,0,20,,9862,19,,,0,60,,9863,19,,,0,20,,9864,19,,,0,20,,9865,19,,,0,60,,9866,19,,,0,20,,9867,19,,,0,20,,9868,19,,,0,60,,9869,19,,,0,20,,9870,19,,,0,20,,9871,19,,,0,60,,9872,19,,,0,20,,9873,19,,,0,20,,9874,19,,,0,60,,9875,19,,,0,20,,9876,19,,,0,20,,9877,19,,,0,60,,9878,19,,,0,20,,9879,19,,,0,30,,9880,19,,,0,70,,9881,19,,,0,30,,9882,19,,,0,70,,9883,19,,,0,30,,9884,19,,,0,69,,9885,19,,,0,30,,9886,19,,,0,70,,9887,19,,,0,30,,9888,19,,,0,70,,9889,19,,,0,30,,9890,19,,,0,70,,9891,19,,,0
301,'244.0.3',550,,9892,19,,,0,70,,9893,19,,,0,15,,9894,19,,,0,15,,9895,19,,,0,55,,9896,19,,,0,15,,9897,19,,,0,18,,9898,19,,,0,18,,9899,19,,,0,55,,9900,19,,,0,15,,9901,19,,,0,15,,9902,19,,,0,15,,9903,19,,,0,55,,9904,19,,,0,14,,9905,19,,,0,16,,9906,19,,,0,60,,9907,19,,,0,20,,9908,19,,,0,20,,9909,19,,,0,60,,9910,19,,,0,20,,9911,19,,,0,20,,9912,19,,,0,60,,9913,19,,,0,20,,9914,19,,,0,20,,9915,19,,,0,60,,9916,19,,,0,20,,9917,19,,,0,20,,9918,19,,,0,60,,9919,19,,,0,20,,9920,19,,,0,20,,9921,19,,,0,60,,9922,19,,,0,22,,9923,19,,,0,15,,9924,19,,,0,15,,9925,19,,,0,55,,9926,19,,,0,15,,9927,19,,,0,15,,9928,19,,,0,15,,9929,19,,,0,55,,9930,19,,,0,15,,9931,19,,,0,15,,9932,19,,,0,15,,9933,19,,,0,53,,9934,19,,,0,14,,9935,19,,,0,15,,9936,19,,,0,15,,9937,19,,,0,60,,9938,19,,,0,20,,9939,19,,,0,20,,9940,19,,,0,60,,9941,19,,,0,20,,9942,19,,,0,20,,9943,19,,,0,60,,9944,19,,,0,10,,9945,19,,,0,30,,9946,19,,,0,70,,9947,19,,,0,28,,9948,19,,,0,70,,9949,19,,,0,33,,9950,19,,,0,70,,9951,19,,,0,30,,9952,19,,,0
2400,'244.0.1',625,,11184,41,,,0,30,,11185,41,,,0,70,,11186,41,,,0,30,,11187,41,,,0,70,,11188,41,,,0,30,,11189,41,,,0,70,,11190,41,,,0,31,,11191,41,,,0,71,,11192,41,,,0,30,,11193,41,,,0,70,,11194,41,,,0,32,,11195,41,,,0,70,,11196,41,,,0,30,,11197,41,,,0,70,,11198,41,,,0,30,,11199,41,,,0,70,,11200,41,,,0,28,,11201,41,,,0,70,,11202,41,,,0,30,,11203,41,,,0,70,,11204,41,,,0,30,,11205,41,,,0,70,,11206,41,,,0,30,,11207,41,,,0,70,,11208,41,,,0,27,,11209,41,,,0,70,,11210,41,,,0,30,,11211,41,,,0,70,,11212,41,,,0,30,,11213,41,,,0,70,,11214,41,,,0,30,,11215,41,,,0,70,,11216,41,,,0,30,,11217,41,,,0,70,,11218,41,,,0,30,,11219,41,,,0
2400,'244.0.2',623,,11220,41,,,0,30,,11221,41,,,0,70,,11222,41,,,0,30,,11223,41,,,0,70,,11224,41,,,0,30,,11225,41,,,0,70,,11226,41,,,0,33,,11227,41,,,0,70,,11228,41,,,0,30,,11229,41,,,0,70,,11230,41,,,0,30,,11231,41,,,0,70,,11232,41,,,0,30,,11233,41,,,0,70,,11234,41,,,0,30,,11235,41,,,0,70,,11236,41,,,0,30,,11237,41,,,0,70,,11238,41,,,0,30,,11239,41,,,0,70,,11240,41,,,0,30,,11241,41,,,0,70,,11242,41,,,0,30,,11243,41,,,0,70,,11244,41,,,0,28,,11245,41,,,0,70,,11246,41,,,0,30,,11247,41,,,0,70,,11248,41,,,0,30,,11249,41,,,0,70,,11250,41,,,0,30,,11251,41,,,0,70,,11252,41,,,0,30,,11253,41,,,0,70,,11254,41,,,0,30,,11255,41,,,0
2400,'244.0.3',627,,11256,41,,,0,30,,11257,41,,,0,69,,11258,41,,,0,31,,11259,41,,,0,70,,11260,41,,,0,73,,11261,41,,,0,26,,11262,41,,,0,30,,11263,41,,,0,70,,11264,41,,,0,30,,11265,41,,,0,70,,11266,41,,,0,30,,11267,41,,,0,70,,11268,41,,,0,30,,11269,41,,,0,70,,11270,41,,,0,30,,11271,41,,,0,70,,11272,41,,,0,30,,11273,41,,,0,70,,11274,41,,,0,30,,11275,41,,,0,70,,11276,41,,,0,30,,11277,41,,,0,70,,11278,41,,,0,30,,11279,41,,,0,70,,11280,41,,,0,30,,11281,41,,,0,67,,11282,41,,,0,30,,11283,41,,,0,70,,11284,41,,,0,30,,11285,41,,,0,70,,11286,41,,,0,30,,11287,41,,,0,70,,11288,41,,,0,30,,11289,41,,,0,70,,11290,41,,,0,30,,11291,41,,,0
2600,'244.0.3',726,,11514,9,,,0,32,,11515,9,,,0,67,,11516,9,,,0,700,,11519,9,,,0,85,,11517,9,,,0,30,,11518,9,,,0,99,,11520,9,,,0
2900,'244.0.1',626,,11695,5,,,0,30,,11696,5,,,0,70,,11697,5,,,0,30,,11698,5,,,0,70,,11699,5,,,0,30,,11700,5,,,0,70,,11701,5,,,0,30,,11702,5,,,0,70,,11703,5,,,0,26,,11704,5,,,0,70,,11705,5,,,0,30,,11706,5,,,0,70,,11707,5,,,0,30,,11708,5,,,0,70,,11709,5,,,0,30,,11710,5,,,0,70,,11711,5,,,0,30,,11712,5,,,0,70,,11713,5,,,0,30,,11714,5,,,0,70,,11715,5,,,0,31,,11716,5,,,0,72,,11717,5,,,0,30,,11718,5,,,0,70,,11719,5,,,0,30,,11720,5,,,0,70,,11721,5,,,0,30,,11722,5,,,0,70,,11723,5,,,0,102,,11724,5,,,0,100,,11725,5,,,0,100,,11726,5,,,0,81,,11727,5,,,0
2900,'244.0.2',631,,11728,5,,,0,70,,11729,5,,,0,30,,11730,5,,,0,70,,11731,5,,,0,30,,11732,5,,,0,70,,11733,5,,,0,30,,11734,5,,,0,70,,11735,5,,,0,30,,11736,5,,,0,70,,11737,5,,,0,27,,11738,5,,,0,30,,11739,5,,,0,70,,11740,5,,,0,30,,11741,5,,,0,70,,11742,5,,,0,30,,11743,5,,,0,70,,11744,5,,,0,30,,11745,5,,,0,70,,11746,5,,,0,30,,11747,5,,,0,70,,11748,5,,,0,30,,11749,5,,,0,70,,11750,5,,,0,30,,11751,5,,,0,73,,11752,5,,,0,100,,11753,5,,,0,100,,11754,5,,,0,100,,11755,5,,,0,100,,11756,5,,,0,100,,11757,5,,,0,78,,11758,5,,,0
2900,'244.0.3',543,,11759,5,,,0,15,,11760,5,,,0,55,,11761,5,,,0,14,,11762,5,,,0,12,,11763,5,,,0,14,,11764,5,,,0,55,,11765,5,,,0,15,,11766,5,,,0,15,,11767,5,,,0,15,,11768,5,,,0,55,,11769,5,,,0,15,,11770,5,,,0,16,,11771,5,,,0,18,,11772,5,,,0,56,,11773,5,,,0,30,,11774,5,,,0,70,,11775,5,,,0,30,,11776,5,,,0,70,,11777,5,,,0,30,,11778,5,,,0,70,,11779,5,,,0,30,,11780,5,,,0,70,,11781,5,,,0,30,,11782,5,,,0,70,,11783,5,,,0,29,,11784,5,,,0,64,,11785,5,,,0,15,,11786,5,,,0,15,,11787,5,,,0,15,,11788,5,,,0,55,,11789,5,,,0,15,,11790,5,,,0,15,,11791,5,,,0,15,,11792,5,,,0,55,,11793,5,,,0,15,,11794,5,,,0,22,,11795,5,,,0,58,,11796,5,,,0,15,,11797,5,,,0,15,,11798,5,,,0,15,,11799,5,,,0,70,,11800,5,,,0,30,,11801,5,,,0,70,,11802,5,,,0,30,,11803,5,,,0,70,,11804,5,,,0,30,,11805,5,,,0,70,,11806,5,,,0,100,,11807,5,,,0,88,,11808,5,,,0
9101,'244.0.1',823,,14805,49,,,0,100,,14806,49,,,0,102,,14807,49,,,0,100,,14808,49,,,0,100,,14809,49,,,0,100,,14810,49,,,0,100,,14811,49,,,0,100,,14812,49,,,0,100,,14813,49,,,0,100,,14814,49,,,0,100,,14815,49,,,0,98,,14816,49,,,0,100,,14817,49,,,0,100,,14818,49,,,0,100,,14819,49,,,0,100,,14820,49,,,0
9101,'244.0.2',852,,14821,49,,,0,100,,14822,49,,,0,102,,14823,49,,,0,100,,14824,49,,,0,100,,14825,49,,,0,100,,14826,49,,,0,100,,14827,49,,,0,100,,14828,49,,,0,100,,14829,49,,,0,98,,14830,49,,,0,100,,14831,49,,,0,100,,14832,49,,,0,100,,14833,49,,,0,100,,14834,49,,,0,100,,14835,49,,,0
9101,'244.0.3',624,,14836,49,,,0,30,,14837,49,,,0,83,,14838,49,,,0,64,,14839,49,,,0,30,,14840,49,,,0,74,,14841,49,,,0,25,,14842,49,,,0,29,,14843,49,,,0,100,,14844,49,,,0,143,,14845,49,,,0,100,,14846,49,,,0,101,,14847,49,,,0,111,,14848,49,,,0,101,,14849,49,,,0,31,,14850,49,,,0,70,,14851,49,,,0,30,,14852,49,,,0,70,,14853,49,,,0,20,,14854,49,,,0,94,,14855,49,,,0,100,,14856,49,,,0,100,,14857,49,,,0,100,,14858,49,,,0,100,,14859,49,,,0
