8201,'244.0.1',701,,13803,33,,,0,100,,13804,33,,,0,100,,13805,33,,,0,100,,13806,33,,,0,100,,13807,33,,,0,100,,13808,33,,,0,100,,13809,33,,,0,100,,13810,33,,,0,100,,13811,33,,,0,100,,13812,33,,,0,100,,13813,33,,,0,100,,13814,33,,,0,100,,13815,33,,,0,100,,13816,33,,,0,100,,13817,33,,,0,100,,13818,33,,,0,100,,13819,33,,,0
8201,'244.0.2',702,,13820,33,,,0,100,,13821,33,,,0,100,,13822,33,,,0,100,,13823,33,,,0,100,,13824,33,,,0,100,,13825,33,,,0,100,,13826,33,,,0,100,,13827,33,,,0,100,,13828,33,,,0,100,,13829,33,,,0,100,,13830,33,,,0,100,,13831,33,,,0,100,,13832,33,,,0,100,,13833,33,,,0,100,,13834,33,,,0,100,,13835,33,,,0
8201,'244.0.3',907,,13836,33,,,0,100,,13837,33,,,0,100,,13838,33,,,0,100,,13839,33,,,0,100,,13840,33,,,0,100,,13841,33,,,0,100,,13842,33,,,0,101,,13843,33,,,0,27,,13844,33,,,0,70,,13845,33,,,0,30,,13846,33,,,0,70,,13847,33,,,0,28,,13848,33,,,0,75,,13849,33,,,0,100,,13850,33,,,0,100,,13851,33,,,0,100,,13852,33,,,0,100,,13853,33,,,0
8401,'244.0.1',612,,14021,20,,,0,100,,14022,20,,,0,100,,14023,20,,,0,100,,14024,20,,,0,101,,14025,20,,,0,100,,14026,20,,,0,100,,14027,20,,,0,101,,14028,20,,,0,100,,14029,20,,,0,100,,14030,20,,,0,100,,14031,20,,,0,99,,14032,20,,,0,100,,14033,20,,,0,100,,14034,20,,,0,99,,14035,20,,,0,100,,14036,20,,,0,100,,14037,20,,,0
8401,'244.0.2',616,,14038,20,,,0,100,,14039,20,,,0,100,,14040,20,,,0,102,,14041,20,,,0,100,,14042,20,,,0,100,,14043,20,,,0,100,,14044,20,,,0,100,,14045,20,,,0,100,,14046,20,,,0,100,,14047,20,,,0,100,,14048,20,,,0,100,,14049,20,,,0,99,,14050,20,,,0,100,,14051,20,,,0,100,,14052,20,,,0,100,,14053,20,,,0,100,,14054,20,,,0
8401,'244.0.3',518,,14055,20,,,0,30,,14056,20,,,0,70,,14057,20,,,0,15,,14058,20,,,0,15,,14086,20,,,0,55,,14059,20,,,0,15,,14060,20,,,0,15,,14061,20,,,0,15,,14062,20,,,0,55,,14063,20,,,0,15,,14064,20,,,0,15,,14065,20,,,0,15,,14066,20,,,0,56,,14087,20,,,0,15,,14067,20,,,0,100,,14068,20,,,0,100,,14069,20,,,0,100,,14070,20,,,0,100,,14071,20,,,0,100,,14072,20,,,0,100,,14073,20,,,0,30,,14074,20,,,0,71,,14075,20,,,0,30,,14076,20,,,0,70,,14077,20,,,0,30,,14078,20,,,0,68,,14079,20,,,0,100,,14080,20,,,0,99,,14081,20,,,0,100,,14082,20,,,0,100,,14083,20,,,0,100,,14084,20,,,0,100,,14085,20,,,0
8801,'244.0.1',729,,14510,5,,,0,100,,14511,5,,,0,100,,14512,5,,,0,100,,14513,5,,,0,100,,14514,5,,,0,100,,14515,5,,,0,100,,14516,5,,,0,100,,14517,5,,,0,100,,14518,5,,,0,100,,14519,5,,,0,100,,14520,5,,,0,99,,14521,5,,,0,100,,14522,5,,,0,100,,14523,5,,,0,100,,14524,5,,,0,100,,14525,5,,,0
8801,'244.0.2',729,,14526,5,,,0,100,,14527,5,,,0,100,,14528,5,,,0,100,,14529,5,,,0,100,,14530,5,,,0,100,,14531,5,,,0,100,,14532,5,,,0,100,,14533,5,,,0,100,,14534,5,,,0,100,,14535,5,,,0,100,,14536,5,,,0,100,,14537,5,,,0,100,,14538,5,,,0,100,,14539,5,,,0,100,,14540,5,,,0
8801,'244.0.3',650,,14541,5,,,0,100,,14542,5,,,0,100,,14543,5,,,0,100,,14544,5,,,0,100,,14545,5,,,0,100,,14546,5,,,0,100,,14547,5,,,0,100,,14548,5,,,0,101,,14549,5,,,0,100,,14550,5,,,0,100,,14551,5,,,0,99,,14552,5,,,0,73,,14553,5,,,0,92,,14554,5,,,0,100,,14555,5,,,0,100,,14556,5,,,0,100,,14557,5,,,0
18201,'244.0.3',543,,15035,35,,,0,15,,15036,35,,,0,55,,15037,35,,,0,15,,15038,35,,,0,15,,15039,35,,,0,15,,15040,35,,,0,55,,15041,35,,,0,15,,15047,35,,,0,15,,15042,35,,,0,15,,15043,35,,,0,55,,15044,35,,,0,15,,15046,35,,,0,15,,15045,35,,,0
