401,'244.0.1',625,,10099,31,,,0,100,,10100,31,,,0,100,,10101,31,,,0,30,,10102,31,,,0,70,,10103,31,,,0,30,,10104,31,,,0,70,,10105,31,,,0,30,,10106,31,,,0,73,,10107,31,,,0,30,,10108,31,,,0,70,,10109,31,,,0,30,,10110,31,,,0,70,,10111,31,,,0,30,,10112,31,,,0,70,,10113,31,,,0,30,,10114,31,,,0,70,,10115,31,,,0,30,,10116,31,,,0,70,,10117,31,,,0,30,,10118,31,,,0,70,,10119,31,,,0,30,,10120,31,,,0,68,,10121,31,,,0,30,,10122,31,,,0,70,,10123,31,,,0,30,,10124,31,,,0,70,,10125,31,,,0,30,,10126,31,,,0,70,,10127,31,,,0,30,,10128,31,,,0,67,,10129,31,,,0,100,,10130,31,,,0,100,,10131,31,,,0
401,'244.0.2',725,,10132,31,,,0,30,,10133,31,,,0,70,,10134,31,,,0,30,,10135,31,,,0,70,,10136,31,,,0,30,,10137,31,,,0,70,,10138,31,,,0,30,,10139,31,,,0,69,,10140,31,,,0,30,,10141,31,,,0,70,,10142,31,,,0,30,,10143,31,,,0,70,,10144,31,,,0,30,,10145,31,,,0,70,,10146,31,,,0,30,,10147,31,,,0,70,,10148,31,,,0,30,,10149,31,,,0,70,,10150,31,,,0,30,,10151,31,,,0,70,,10152,31,,,0,30,,10153,31,,,0,70,,10154,31,,,0,30,,10155,31,,,0,70,,10156,31,,,0,32,,10157,31,,,0,67,,10158,31,,,0,100,,10159,31,,,0,100,,10160,31,,,0,100,,10161,31,,,0,100,,10162,31,,,0
401,'244.0.3',604,,10163,31,,,0,15,,10164,31,,,0,15,,10165,31,,,0,15,,10166,31,,,0,57,,10167,31,,,0,20,,10168,31,,,0,8,,10169,31,,,0,8,,10170,31,,,0,8,,10171,31,,,0,8,,10172,31,,,0,48,,10173,31,,,0,8,,10174,31,,,0,8,,10175,31,,,0,8,,10176,31,,,0,8,,10177,31,,,0,8,,10178,31,,,0,8,,10179,31,,,0,48,,10180,31,,,0,7,,10181,31,,,0,6,,10182,31,,,0,8,,10183,31,,,0,8,,10184,31,,,0,8,,10185,31,,,0,8,,10186,31,,,0,8,,10187,31,,,0,48,,10188,31,,,0,8,,10189,31,,,0,8,,10190,31,,,0,8,,10191,31,,,0,11,,10192,31,,,0,15,,10193,31,,,0,55,,10194,31,,,0,15,,10195,31,,,0,15,,10196,31,,,0,15,,10197,31,,,0,55,,10198,31,,,0,15,,10199,31,,,0,15,,10200,31,,,0,15,,10201,31,,,0,55,,10202,31,,,0,15,,10203,31,,,0,15,,10204,31,,,0,15,,10205,31,,,0,55,,10206,31,,,0,15,,10207,31,,,0,15,,10208,31,,,0,15,,10209,31,,,0,56,,10210,31,,,0,16,,10211,31,,,0,18,,10212,31,,,0,15,,10213,31,,,0,55,,10214,31,,,0,15,,10215,31,,,0,15,,10216,31,,,0,15,,10217,31,,,0,55,,10218,31,,,0,15,,10219,31,,,0,15,,10220,31,,,0,14,,10221,31,,,0,52,,10222,31,,,0,11,,10223,31,,,0,15,,10224,31,,,0,15,,10225,31,,,0,60,,10226,31,,,0,20,,10227,31,,,0,20,,10228,31,,,0,60,,10229,31,,,0,20,,10230,31,,,0,20,,10231,31,,,0,60,,10232,31,,,0,20,,10233,31,,,0,20,,10234,31,,,0,60,,10235,31,,,0,28,,10236,31,,,0,70,,10237,31,,,0,30,,10238,31,,,0,70,,10239,31,,,0,30,,10240,31,,,0,70,,10241,31,,,0
801,'244.0.1',613,,10684,73,,,0,30,,10685,73,,,0,70,,10686,73,,,0,30,,10687,73,,,0,73,,10688,73,,,0,33,,10689,73,,,0,70,,10690,73,,,0,30,,10691,73,,,0,74,,10692,73,,,0,34,,10693,73,,,0,70,,10694,73,,,0,30,,10695,73,,,0,70,,10696,73,,,0,31,,10697,73,,,0,71,,10698,73,,,0,71,,10699,73,,,0,30,,10700,73,,,0,70,,10701,73,,,0,30,,10702,73,,,0,70,,10703,73,,,0,30,,10704,73,,,0,70,,10705,73,,,0,30,,10706,73,,,0,28,,10707,73,,,0,68,,10708,73,,,0,29,,10709,73,,,0,70,,10710,73,,,0,26,,10711,73,,,0,65,,10712,73,,,0,29,,10713,73,,,0,70,,10714,73,,,0,30,,10715,73,,,0,70,,10716,73,,,0,30,,10717,73,,,0,70,,10718,73,,,0,30,,10719,73,,,0,70,,10720,73,,,0,100,,10721,73,,,0
801,'244.0.2',619,,10722,73,,,0,30,,10723,73,,,0,70,,10724,73,,,0,30,,10725,73,,,0,70,,10726,73,,,0,30,,10727,73,,,0,72,,10728,73,,,0,35,,10729,73,,,0,70,,10730,73,,,0,31,,10731,73,,,0,73,,10732,73,,,0,70,,10733,73,,,0,30,,10734,73,,,0,70,,10735,73,,,0,30,,10736,73,,,0,70,,10737,73,,,0,30,,10738,73,,,0,70,,10739,73,,,0,30,,10740,73,,,0,70,,10741,73,,,0,30,,10742,73,,,0,70,,10743,73,,,0,30,,10744,73,,,0,70,,10745,73,,,0,26,,10746,73,,,0,28,,10747,73,,,0,70,,10748,73,,,0,30,,10749,73,,,0,70,,10750,73,,,0,30,,10751,73,,,0,66,,10752,73,,,0,27,,10753,73,,,0,70,,10754,73,,,0,30,,10755,73,,,0,100,,10756,73,,,0,100,,10757,73,,,0
801,'244.0.3',608,,10758,73,,,0,30,,10759,73,,,0,71,,10760,73,,,0,24,,10761,73,,,0,70,,10762,73,,,0,20,,10763,73,,,0,20,,10764,73,,,0,60,,10765,73,,,0,16,,10766,73,,,0,16,,10767,73,,,0,17,,10768,73,,,0,60,,10769,73,,,0,20,,10770,73,,,0,20,,10771,73,,,0,60,,10772,73,,,0,20,,10773,73,,,0,20,,10774,73,,,0,60,,10775,73,,,0,20,,10776,73,,,0,20,,10777,73,,,0,60,,10778,73,,,0,20,,10779,73,,,0,20,,10780,73,,,0,60,,10781,73,,,0,20,,10782,73,,,0,20,,10783,73,,,0,61,,10784,73,,,0,20,,10785,73,,,0,23,,10786,73,,,0,73,,10787,73,,,0,30,,10788,73,,,0,70,,10789,73,,,0,30,,10790,73,,,0,62,,10791,73,,,0,25,,10792,73,,,0,68,,10793,73,,,0,30,,10794,73,,,0,70,,10795,73,,,0,30,,10796,73,,,0,70,,10797,73,,,0,26,,10798,73,,,0,69,,10799,73,,,0,30,,10800,73,,,0,70,,10801,73,,,0,30,,10802,73,,,0,70,,10803,73,,,0,30,,10804,73,,,0,70,,10805,73,,,0
9001,'244.0.1',632,,14654,54,,,0,70,,14655,54,,,0,30,,14656,54,,,0,25,,14657,54,,,0,71,,14658,54,,,0,30,,14659,54,,,0,70,,14660,54,,,0,26,,14661,54,,,0,74,,14662,54,,,0,31,,14663,54,,,0,70,,14664,54,,,0,30,,14665,54,,,0,70,,14666,54,,,0,30,,14667,54,,,0,70,,14668,54,,,0,30,,14669,54,,,0,70,,14670,54,,,0,30,,14671,54,,,0,70,,14672,54,,,0,30,,14673,54,,,0,70,,14674,54,,,0,30,,14675,54,,,0,70,,14676,54,,,0,75,,14677,54,,,0,25,,14678,54,,,0,29,,14679,54,,,0,70,,14680,54,,,0,30,,14681,54,,,0,70,,14682,54,,,0,98,,14683,54,,,0,100,,14684,54,,,0,100,,14685,54,,,0,100,,14686,54,,,0
9001,'244.0.2',620,,14687,54,,,0,100,,14688,54,,,0,100,,14689,54,,,0,100,,14690,54,,,0,99,,14691,54,,,0,102,,14692,54,,,0,100,,14693,54,,,0,102,,14694,54,,,0,100,,14695,54,,,0,98,,14696,54,,,0,100,,14697,54,,,0,100,,14698,54,,,0,98,,14699,54,,,0,103,,14700,54,,,0,105,,14701,54,,,0,98,,14702,54,,,0,96,,14703,54,,,0,99,,14704,54,,,0
9001,'244.0.3',606,,14705,54,,,0,30,,14706,54,,,0,73,,14707,54,,,0,24,,14739,54,,,0,13,,14708,54,,,0,55,,14740,54,,,0,10,,14709,54,,,0,15,,14741,54,,,0,15,,14710,54,,,0,13,,14742,54,,,0,51,,14711,54,,,0,15,,14743,54,,,0,15,,14712,54,,,0,70,,14713,54,,,0,25,,14714,54,,,0,70,,14715,54,,,0,30,,14716,54,,,0,70,,14717,54,,,0,30,,14718,54,,,0,70,,14719,54,,,0,30,,14720,54,,,0,70,,14721,54,,,0,30,,14722,54,,,0,70,,14723,54,,,0,33,,14724,54,,,0,73,,14725,54,,,0,21,,14744,54,,,0,22,,14726,54,,,0,8,,14745,54,,,0,65,,14727,54,,,0,15,,14746,54,,,0,14,,14728,54,,,0,52,,14747,54,,,0,12,,14729,54,,,0,13,,14748,54,,,0,13,,14730,54,,,0,12,,14749,54,,,0,53,,14731,54,,,0,12,,14750,54,,,0,13,,14732,54,,,0,70,,14733,54,,,0,26,,14734,54,,,0,30,,14735,54,,,0,100,,14736,54,,,0,100,,14737,54,,,0,100,,14738,54,,,0
2000701,'244.0.1',606,,16597,18,,,0,20,,16598,18,,,0,20,,16599,18,,,0,60,,16600,18,,,0,20,,16601,18,,,0,20,,16602,18,,,0,61,,16603,18,,,0,18,,16604,18,,,0,20,,16605,18,,,0,60,,16606,18,,,0,20,,16607,18,,,0,18,,16608,18,,,0,60,,16609,18,,,0,20,,16610,18,,,0,20,,16611,18,,,0,60,,16612,18,,,0,20,,16613,18,,,0,20,,16614,18,,,0,60,,16615,18,,,0,20,,16616,18,,,0,20,,16617,18,,,0,60,,16618,18,,,0,20,,16619,18,,,0,20,,16620,18,,,0,60,,16621,18,,,0,20,,16622,18,,,0,20,,16623,18,,,0,60,,16624,18,,,0,20,,16625,18,,,0,20,,16626,18,,,0,61,,16627,18,,,0,21,,16628,18,,,0,20,,16629,18,,,0,60,,16630,18,,,0,20,,16631,18,,,0,20,,16632,18,,,0,60,,16633,18,,,0,20,,16634,18,,,0,20,,16635,18,,,0,60,,16636,18,,,0,20,,16637,18,,,0,20,,16638,18,,,0,61,,16639,18,,,0,20,,16640,18,,,0,20,,16641,18,,,0,60,,16642,18,,,0,20,,16643,18,,,0,20,,16644,18,,,0,60,,16645,18,,,0,20,,16646,18,,,0,20,,16647,18,,,0,60,,16648,18,,,0,20,,16649,18,,,0,20,,16650,18,,,0
2000701,'244.0.2',606,,16651,18,,,0,30,,16652,18,,,0,70,,16653,18,,,0,30,,16654,18,,,0,70,,16655,18,,,0,30,,16656,18,,,0,70,,16657,18,,,0,28,,16658,18,,,0,70,,16659,18,,,0,30,,16660,18,,,0,70,,16661,18,,,0,30,,16662,18,,,0,70,,16663,18,,,0,30,,16664,18,,,0,70,,16665,18,,,0,30,,16666,18,,,0,70,,16667,18,,,0,30,,16668,18,,,0,70,,16669,18,,,0,30,,16670,18,,,0,70,,16671,18,,,0,30,,16672,18,,,0,70,,16673,18,,,0,30,,16674,18,,,0,70,,16675,18,,,0,30,,16676,18,,,0,70,,16677,18,,,0,31,,16678,18,,,0,70,,16679,18,,,0,30,,16680,18,,,0,70,,16681,18,,,0,30,,16682,18,,,0,70,,16683,18,,,0,30,,16684,18,,,0,70,,16685,18,,,0,30,,16686,18,,,0
2000701,'244.0.3',558,,16687,18,,,0,55,,16688,18,,,0,15,,16689,18,,,0,15,,16690,18,,,0,15,,16691,18,,,0,55,,16692,18,,,0,15,,16693,18,,,0,16,,16694,18,,,0,58,,16695,18,,,0,15,,16696,18,,,0,15,,16697,18,,,0,15,,16698,18,,,0,55,,16699,18,,,0,13,,16700,18,,,0,15,,16701,18,,,0,15,,16702,18,,,0,55,,16703,18,,,0,15,,16704,18,,,0,15,,16705,18,,,0,15,,16706,18,,,0,55,,16707,18,,,0,15,,16708,18,,,0,15,,16709,18,,,0,15,,16710,18,,,0,55,,16711,18,,,0,15,,16712,18,,,0,15,,16713,18,,,0,15,,16714,18,,,0,55,,16715,18,,,0,15,,16716,18,,,0,15,,16717,18,,,0,15,,16718,18,,,0,55,,16719,18,,,0,15,,16720,18,,,0,15,,16721,18,,,0,15,,16722,18,,,0,55,,16723,18,,,0,15,,16724,18,,,0,15,,16725,18,,,0,15,,16726,18,,,0,55,,16727,18,,,0,15,,16728,18,,,0,15,,16729,18,,,0,15,,16730,18,,,0,55,,16731,18,,,0,15,,16732,18,,,0,14,,16733,18,,,0,14,,16734,18,,,0,15,,16735,18,,,0,55,,16736,18,,,0,15,,16737,18,,,0,15,,16738,18,,,0,15,,16739,18,,,0,53,,16740,18,,,0,15,,16741,18,,,0,15,,16742,18,,,0,15,,16743,18,,,0,55,,16744,18,,,0,15,,16745,18,,,0,15,,16746,18,,,0,15,,16747,18,,,0,55,,16748,18,,,0,15,,16749,18,,,0,15,,16750,18,,,0,15,,16751,18,,,0,55,,16752,18,,,0,15,,16753,18,,,0,15,,16754,18,,,0,15,,16755,18,,,0,70,,16756,18,,,0,30,,16757,18,,,0,70,,16758,18,,,0,30,,16759,18,,,0
