801,'259.0.1',549,,19511,41,,,0,70,,19512,41,,,0,30,,19513,41,,,0,70,,19514,41,,,0,30,,19515,41,,,0,73,,19516,41,,,0,30,,19517,41,,,0,70,,19518,41,,,0,30,,19519,41,,,0,73,,19520,41,,,0,30,,19521,41,,,0,70,,19522,41,,,0,30,,19523,41,,,0,70,,19524,41,,,0,31,,19525,41,,,0,71,,19526,41,,,0,30,,19527,41,,,0,70,,19528,41,,,0,30,,19529,41,,,0,70,,19530,41,,,0,30,,19531,41,,,0,70,,19532,41,,,0,30,,19533,41,,,0,70,,19534,41,,,0,28,,19535,41,,,0,69,,19536,41,,,0,30,,19537,41,,,0,70,,19538,41,,,0,26,,19539,41,,,0,69,,19540,41,,,0,30,,19541,41,,,0,70,,19542,41,,,0,30,,19543,41,,,0,70,,19544,41,,,0,30,,19545,41,,,0,70,,19546,41,,,0,30,,19547,41,,,0,100,,19548,41,,,0
801,'259.0.2',554,,19549,41,,,0,70,,19550,41,,,0,30,,19551,41,,,0,70,,19552,41,,,0,30,,19553,41,,,0,70,,19554,41,,,0,30,,19555,41,,,0,74,,19556,41,,,0,30,,19557,41,,,0,70,,19558,41,,,0,30,,19559,41,,,0,70,,19560,41,,,0,30,,19561,41,,,0,70,,19562,41,,,0,30,,19563,41,,,0,70,,19564,41,,,0,30,,19565,41,,,0,70,,19566,41,,,0,30,,19567,41,,,0,70,,19568,41,,,0,30,,19569,41,,,0,70,,19570,41,,,0,30,,19571,41,,,0,70,,19572,41,,,0,30,,19573,41,,,0,68,,19574,41,,,0,30,,19575,41,,,0,70,,19576,41,,,0,30,,19577,41,,,0,70,,19578,41,,,0,30,,19579,41,,,0,68,,19580,41,,,0,30,,19581,41,,,0,70,,19582,41,,,0,100,,19583,41,,,0,100,,19584,41,,,0
801,'259.0.3',539,,19585,41,,,0,70,,19586,41,,,0,30,,19587,41,,,0,20,,19588,41,,,0,62,,19589,41,,,0,20,,19590,41,,,0,60,,19591,41,,,0,20,,19592,41,,,0,20,,19593,41,,,0,60,,19594,41,,,0,18,,19595,41,,,0,20,,19596,41,,,0,20,,19597,41,,,0,60,,19598,41,,,0,20,,19599,41,,,0,20,,19600,41,,,0,60,,19601,41,,,0,20,,19602,41,,,0,20,,19603,41,,,0,60,,19604,41,,,0,20,,19605,41,,,0,20,,19606,41,,,0,60,,19607,41,,,0,20,,19608,41,,,0,20,,19609,41,,,0,60,,19610,41,,,0,20,,19611,41,,,0,20,,19612,41,,,0,62,,19613,41,,,0,33,,19614,41,,,0,70,,19615,41,,,0,30,,19616,41,,,0,70,,19617,41,,,0,30,,19618,41,,,0,66,,19619,41,,,0,28,,19620,41,,,0,70,,19621,41,,,0,30,,19622,41,,,0,70,,19623,41,,,0,30,,19624,41,,,0,68,,19625,41,,,0,29,,19626,41,,,0,70,,19627,41,,,0,30,,19628,41,,,0,70,,19629,41,,,0,30,,19630,41,,,0,70,,19631,41,,,0,30,,19632,41,,,0
9001,'259.0.1',613,,23481,26,,,0,30,,23482,26,,,0,70,,23483,26,,,0,25,,23484,26,,,0,70,,23485,26,,,0,30,,23486,26,,,0,70,,23487,26,,,0,25,,23488,26,,,0,71,,23489,26,,,0,31,,23490,26,,,0,70,,23491,26,,,0,30,,23492,26,,,0,70,,23493,26,,,0,30,,23494,26,,,0,70,,23495,26,,,0,30,,23496,26,,,0,70,,23497,26,,,0,30,,23498,26,,,0,70,,23499,26,,,0,30,,23500,26,,,0,70,,23501,26,,,0,30,,23502,26,,,0,70,,23503,26,,,0,35,,23504,26,,,0,69,,23505,26,,,0,29,,23506,26,,,0,70,,23507,26,,,0,30,,23508,26,,,0,70,,23509,26,,,0,100,,23510,26,,,0,100,,23511,26,,,0,100,,23512,26,,,0,100,,23513,26,,,0
9001,'259.0.2',601,,23514,26,,,0,100,,23515,26,,,0,100,,23516,26,,,0,100,,23517,26,,,0,55,,23518,26,,,0,102,,23519,26,,,0,100,,23520,26,,,0,142,,23521,26,,,0,100,,23522,26,,,0,58,,23523,26,,,0,100,,23524,26,,,0,100,,23525,26,,,0,99,,23526,26,,,0,143,,23527,26,,,0,105,,23528,26,,,0,98,,23529,26,,,0,100,,23530,26,,,0,99,,23531,26,,,0
9001,'259.0.3',544,,23532,26,,,0,70,,23533,26,,,0,30,,23534,26,,,0,57,,23566,26,,,0,13,,23535,26,,,0,15,,23567,26,,,0,10,,23536,26,,,0,15,,23568,26,,,0,55,,23537,26,,,0,17,,23569,26,,,0,15,,23538,26,,,0,15,,23570,26,,,0,55,,23539,26,,,0,30,,23540,26,,,0,65,,23541,26,,,0,30,,23542,26,,,0,70,,23543,26,,,0,30,,23544,26,,,0,70,,23545,26,,,0,30,,23546,26,,,0,70,,23547,26,,,0,30,,23548,26,,,0,70,,23549,26,,,0,30,,23550,26,,,0,70,,23551,26,,,0,33,,23552,26,,,0,61,,23571,26,,,0,22,,23553,26,,,0,8,,23572,26,,,0,25,,23554,26,,,0,55,,23573,26,,,0,15,,23555,26,,,0,15,,23574,26,,,0,13,,23556,26,,,0,53,,23575,26,,,0,13,,23557,26,,,0,12,,23576,26,,,0,13,,23558,26,,,0,12,,23577,26,,,0,53,,23559,26,,,0,30,,23560,26,,,0,70,,23561,26,,,0,30,,23562,26,,,0,100,,23563,26,,,0,100,,23564,26,,,0,100,,23565,26,,,0
9101,'259.0.1',807,,23632,30,,,0,100,,23633,30,,,0,100,,23634,30,,,0,100,,23635,30,,,0,100,,23636,30,,,0,100,,23637,30,,,0,100,,23638,30,,,0,100,,23639,30,,,0,100,,23640,30,,,0,100,,23641,30,,,0,100,,23642,30,,,0,100,,23643,30,,,0,100,,23644,30,,,0,100,,23645,30,,,0,100,,23646,30,,,0,100,,23647,30,,,0
9101,'259.0.2',836,,23648,30,,,0,100,,23649,30,,,0,100,,23650,30,,,0,100,,23651,30,,,0,100,,23652,30,,,0,100,,23653,30,,,0,100,,23654,30,,,0,100,,23655,30,,,0,100,,23656,30,,,0,100,,23657,30,,,0,100,,23658,30,,,0,100,,23659,30,,,0,100,,23660,30,,,0,100,,23661,30,,,0,100,,23662,30,,,0
9101,'259.0.3',611,,23663,30,,,0,30,,23664,30,,,0,75,,23665,30,,,0,24,,23666,30,,,0,70,,23667,30,,,0,37,,23668,30,,,0,68,,23669,30,,,0,29,,23670,30,,,0,100,,23671,30,,,0,103,,23672,30,,,0,100,,23673,30,,,0,99,,23674,30,,,0,107,,23675,30,,,0,101,,23676,30,,,0,71,,23677,30,,,0,30,,23678,30,,,0,73,,23679,30,,,0,30,,23680,30,,,0,65,,23681,30,,,0,94,,23682,30,,,0,100,,23683,30,,,0,100,,23684,30,,,0,100,,23685,30,,,0,100,,23686,30,,,0
9301,'259.0.3',616,,23694,27,,,0,30,,23695,27,,,0,69,,23696,27,,,0,30,,23697,27,,,0,71,,23698,27,,,0,30,,23699,27,,,0
