5400,'259.0.1',609,,21085,15,,,0,100,,21086,15,,,0,100,,21087,15,,,0,100,,21088,15,,,0,101,,21089,15,,,0,100,,21090,15,,,0,100,,21091,15,,,0,100,,21092,15,,,0,100,,21093,15,,,0,100,,21094,15,,,0,100,,21095,15,,,0,100,,21096,15,,,0,99,,21097,15,,,0,100,,21098,15,,,0,100,,21099,15,,,0,100,,21100,15,,,0,100,,21101,15,,,0
5400,'259.0.2',809,,21102,15,,,0,100,,21103,15,,,0,101,,21104,15,,,0,100,,21105,15,,,0,100,,21106,15,,,0,100,,21107,15,,,0,100,,21108,15,,,0,100,,21109,15,,,0,100,,21110,15,,,0,100,,21111,15,,,0,99,,21112,15,,,0,100,,21113,15,,,0,100,,21114,15,,,0,100,,21115,15,,,0
5400,'259.0.3',610,,21116,15,,,0,28,,21117,15,,,0,70,,21118,15,,,0,30,,21119,15,,,0,70,,21120,15,,,0,31,,21121,15,,,0,75,,21122,15,,,0,100,,21123,15,,,0,100,,21124,15,,,0,101,,21125,15,,,0,100,,21126,15,,,0,100,,21127,15,,,0,100,,21128,15,,,0,30,,21129,15,,,0,70,,21130,15,,,0,29,,21131,15,,,0,70,,21132,15,,,0,28,,21133,15,,,0,71,,21134,15,,,0,30,,21135,15,,,0,70,,21136,15,,,0,30,,21137,15,,,0,70,,21138,15,,,0,100,,21139,15,,,0
5500,'259.0.1',739,,21195,15,,,0,100,,21196,15,,,0,100,,21197,15,,,0,101,,21198,15,,,0,100,,21199,15,,,0,100,,21200,15,,,0,100,,21201,15,,,0,100,,21202,15,,,0,100,,21203,15,,,0,100,,21204,15,,,0,100,,21205,15,,,0,100,,21206,15,,,0,99,,21207,15,,,0,100,,21208,15,,,0,100,,21209,15,,,0
5500,'259.0.2',739,,21210,15,,,0,100,,21211,15,,,0,100,,21212,15,,,0,101,,21213,15,,,0,100,,21214,15,,,0,100,,21215,15,,,0,100,,21216,15,,,0,100,,21217,15,,,0,100,,21218,15,,,0,100,,21219,15,,,0,100,,21220,15,,,0,99,,21221,15,,,0,100,,21222,15,,,0,100,,21223,15,,,0,100,,21224,15,,,0
5500,'259.0.3',627,,21225,15,,,0,30,,21243,15,,,0,70,,21226,15,,,0,32,,21227,15,,,0,100,,21228,15,,,0,85,,21229,15,,,0,100,,21230,15,,,0,100,,21231,15,,,0,101,,21232,15,,,0,100,,21233,15,,,0,100,,21234,15,,,0,85,,21235,15,,,0,101,,21236,15,,,0,74,,21244,15,,,0,30,,21237,15,,,0,24,,21238,15,,,0,75,,21239,15,,,0,100,,21240,15,,,0,110,,21241,15,,,0,100,,21242,15,,,0
5601,'259.0.1',638,,21398,24,,,0,70,,21399,24,,,0,30,,21400,24,,,0,70,,21401,24,,,0,30,,21402,24,,,0,70,,21403,24,,,0,30,,21404,24,,,0,70,,21405,24,,,0,36,,21406,24,,,0,70,,21407,24,,,0,30,,21408,24,,,0,70,,21409,24,,,0,30,,21410,24,,,0,70,,21411,24,,,0,30,,21412,24,,,0,70,,21413,24,,,0,30,,21414,24,,,0,70,,21415,24,,,0,30,,21416,24,,,0,70,,21417,24,,,0,30,,21418,24,,,0,68,,21419,24,,,0,30,,21420,24,,,0,70,,21421,24,,,0,30,,21422,24,,,0,70,,21423,24,,,0,30,,21424,24,,,0,70,,21425,24,,,0,30,,21426,24,,,0,66,,21427,24,,,0,30,,21428,24,,,0,70,,21429,24,,,0,30,,21430,24,,,0,70,,21431,24,,,0,30,,21432,24,,,0,70,,21433,24,,,0
5601,'259.0.2',801,,21434,24,,,0,30,,21435,24,,,0,70,,21436,24,,,0,30,,21437,24,,,0,70,,21438,24,,,0,30,,21439,24,,,0,70,,21440,24,,,0,30,,21441,24,,,0,74,,21442,24,,,0,30,,21443,24,,,0,70,,21444,24,,,0,30,,21445,24,,,0,70,,21446,24,,,0,30,,21447,24,,,0,70,,21448,24,,,0,30,,21449,24,,,0,70,,21450,24,,,0,30,,21451,24,,,0,70,,21452,24,,,0,30,,21453,24,,,0,70,,21454,24,,,0,30,,21455,24,,,0,70,,21456,24,,,0,27,,21457,24,,,0,70,,21458,24,,,0,30,,21459,24,,,0,70,,21460,24,,,0,30,,21461,24,,,0,70,,21462,24,,,0,30,,21463,24,,,0
5601,'259.0.3',640,,21464,24,,,0,70,,21465,24,,,0,30,,21466,24,,,0,70,,21467,24,,,0,30,,21468,24,,,0,70,,21469,24,,,0,30,,21470,24,,,0,70,,21471,24,,,0,34,,21472,24,,,0,70,,21473,24,,,0,30,,21474,24,,,0,70,,21475,24,,,0,30,,21476,24,,,0,70,,21477,24,,,0,30,,21478,24,,,0,70,,21479,24,,,0,30,,21480,24,,,0,70,,21481,24,,,0,31,,21482,24,,,0,70,,21483,24,,,0,30,,21484,24,,,0,70,,21485,24,,,0,30,,21486,24,,,0,70,,21487,24,,,0,30,,21488,24,,,0,69,,21489,24,,,0,27,,21490,24,,,0,70,,21491,24,,,0,30,,21492,24,,,0,70,,21493,24,,,0,29,,21494,24,,,0,69,,21495,24,,,0,30,,21496,24,,,0,70,,21497,24,,,0,30,,21498,24,,,0,70,,21499,24,,,0
6700,'259.0.1',754,,22207,1,,,0,100,,22208,1,,,0,104,,22209,1,,,0,100,,22210,1,,,0,100,,22211,1,,,0,100,,22212,1,,,0,100,,22213,1,,,0,100,,22214,1,,,0,100,,22215,1,,,0,100,,22216,1,,,0,100,,22217,1,,,0,96,,22218,1,,,0,100,,22219,1,,,0,100,,22220,1,,,0,100,,22221,1,,,0,100,,22222,1,,,0
6700,'259.0.2',752,,22223,1,,,0,100,,22224,1,,,0,100,,22225,1,,,0,106,,22226,1,,,0,100,,22227,1,,,0,100,,22228,1,,,0,100,,22229,1,,,0,100,,22230,1,,,0,100,,22231,1,,,0,100,,22232,1,,,0,97,,22233,1,,,0,100,,22234,1,,,0,100,,22235,1,,,0,100,,22236,1,,,0,97,,22237,1,,,0,100,,22238,1,,,0
6700,'259.0.3',605,,22239,1,,,0,30,,22240,1,,,0,70,,22241,1,,,0,30,,22242,1,,,0,70,,22243,1,,,0,30,,22244,1,,,0,70,,22245,1,,,0,100,,22246,1,,,0,97,,22247,1,,,0,100,,22248,1,,,0,100,,22249,1,,,0,100,,22250,1,,,0,99,,22251,1,,,0,30,,22252,1,,,0,70,,22253,1,,,0,30,,22254,1,,,0,70,,22255,1,,,0,31,,22256,1,,,0,74,,22257,1,,,0,30,,22258,1,,,0,100,,22259,1,,,0,100,,22260,1,,,0,100,,22261,1,,,0,100,,22262,1,,,0
6701,'259.0.1',751,,22263,29,4,,0,100,,22264,29,4,,0,104,,22265,29,4,,0,100,,22266,29,4,,0,100,,22267,29,4,,0,100,,22268,29,4,,0,100,,22269,29,4,,0,100,,22270,29,4,,0,100,,22271,29,4,,0,100,,22272,29,4,,0,100,,22273,29,4,,0,96,,22274,29,4,,0,100,,22275,29,4,,0,100,,22276,29,4,,0,100,,22277,29,4,,0,100,,22278,29,4,,0
6701,'259.0.2',750,,22279,29,4,,0,100,,22280,29,4,,0,100,,22281,29,4,,0,105,,22282,29,4,,0,100,,22283,29,4,,0,100,,22284,29,4,,0,100,,22285,29,4,,0,100,,22286,29,4,,0,100,,22287,29,4,,0,100,,22288,29,4,,0,97,,22289,29,4,,0,100,,22290,29,4,,0,100,,22291,29,4,,0,100,,22292,29,4,,0,97,,22293,29,4,,0,100,,22294,29,4,,0
6701,'259.0.3',638,,22295,29,4,,0,70,,22296,29,4,,0,30,,22297,29,4,,0,70,,22298,29,4,,0,30,,22299,29,4,,0,70,,22300,29,4,,0,102,,22301,29,4,,0,100,,22302,29,4,,0,100,,22303,29,4,,0,100,,22304,29,4,,0,100,,22305,29,4,,0,102,,22306,29,4,,0,30,,22307,29,4,,0,70,,22308,29,4,,0,30,,22309,29,4,,0,70,,22310,29,4,,0,30,,22311,29,4,,0,69,,22312,29,4,,0,27,,22313,29,4,,0,70,,22314,29,4,,0,30,,22315,29,4,,0,98,,22316,29,4,,0,100,,22317,29,4,,0,100,,22318,29,4,,0
7201,'259.0.1',643,,22502,11,,,0,77,,22503,31,,,0,30,,22504,31,,,0,70,,22505,31,,,0,30,,22506,31,,,0,70,,22507,31,,,0,30,,22508,31,,,0,75,,22509,31,,,0,30,,22510,31,,,0,70,,22511,31,,,0,76,,22512,31,,,0,30,,22513,31,,,0,70,,22514,31,,,0,30,,22515,31,,,0,70,,22516,31,,,0,30,,22517,31,,,0,70,,22518,31,,,0,30,,22519,31,,,0,70,,22520,31,,,0,30,,22521,31,,,0,70,,22522,31,,,0,30,,22523,31,,,0,70,,22524,31,,,0,27,,22525,31,,,0,25,,22526,31,,,0,70,,22527,31,,,0,100,,22528,31,,,0,100,,22529,31,,,0,100,,22530,31,,,0,100,,22531,31,,,0,100,,22532,31,,,0
7201,'259.0.2',719,,22533,11,,,0,100,,22534,31,,,0,100,,22535,31,,,0,100,,22536,31,,,0,104,,22537,31,,,0,106,,22538,31,,,0,100,,22539,31,,,0,100,,22540,31,,,0,100,,22541,31,,,0,100,,22542,31,,,0,100,,22543,31,,,0,96,,22544,31,,,0,100,,22545,31,,,0,92,,22546,31,,,0,100,,22547,31,,,0,100,,22548,31,,,0,100,,22549,31,,,0
7201,'259.0.3',655,,22550,31,,,0,70,,22551,31,,,0,30,,22552,31,,,0,73,,22553,31,,,0,72,,22554,31,,,0,32,,22555,31,,,0,70,,22556,31,,,0,28,,22557,31,,,0,70,,22558,31,,,0,30,,22559,31,,,0,70,,22560,31,,,0,30,,22561,31,,,0,70,,22562,31,,,0,30,,22563,31,,,0,70,,22564,31,,,0,30,,22565,31,,,0,72,,22566,31,,,0,30,,22567,31,,,0,71,,22568,31,,,0,31,,22569,31,,,0,70,,22570,31,,,0,30,,22571,31,,,0,70,,22572,31,,,0,30,,22573,31,,,0,24,,22574,31,,,0,64,,22575,31,,,0,100,,22576,31,,,0,100,,22577,31,,,0,100,,22578,31,,,0,100,,22579,31,,,0
2001000,'259.0.1',701,,25713,35,4,,0,45,,25714,35,4,,0,70,,25715,35,4,,0,30,,25716,35,4,,0,70,,25717,35,4,,0,31,,25718,35,4,,0,73,,25719,35,4,,0,30,,25720,35,4,,0,70,,25721,35,4,,0,33,,25722,35,4,,0,70,,25723,35,4,,0,30,,25724,35,4,,0,70,,25725,35,4,,0,30,,25726,35,4,,0,70,,25727,35,4,,0,30,,25728,35,4,,0,70,,25729,35,4,,0,30,,25730,35,4,,0,70,,25731,35,4,,0,30,,25732,35,4,,0,70,,25733,35,4,,0,30,,25734,35,4,,0,70,,25735,35,4,,0,30,,25736,35,4,,0,68,,25737,35,4,,0,30,,25738,35,4,,0,70,,25739,35,4,,0,85,,25740,35,4,,0,96,,25741,35,4,,0,100,,25742,35,4,,0,100,,25743,35,4,,0
2001000,'259.0.2',659,,25744,35,4,,0,155,,25745,35,4,,0,30,,25746,35,4,,0,70,,25747,35,4,,0,32,,25748,35,4,,0,72,,25749,35,4,,0,30,,25750,35,4,,0,70,,25751,35,4,,0,30,,25752,35,4,,0,70,,25753,35,4,,0,30,,25754,35,4,,0,70,,25755,35,4,,0,32,,25756,35,4,,0,71,,25757,35,4,,0,30,,25758,35,4,,0,70,,25759,35,4,,0,30,,25760,35,4,,0,70,,25761,35,4,,0,30,,25762,35,4,,0,70,,25763,35,4,,0,30,,25764,35,4,,0,70,,25765,35,4,,0,85,,25766,35,4,,0,96,,25767,35,4,,0,100,,25768,35,4,,0,100,,25769,35,4,,0,100,,25770,35,4,,0,100,,25771,35,4,,0,100,,25772,35,4,,0
2001000,'259.0.3',615,,25773,35,4,,0,91,,25774,35,4,,0,20,,25775,35,4,,0,20,,25776,35,4,,0,61,,25777,35,4,,0,24,,25778,35,4,,0,21,,25779,35,4,,0,60,,25780,35,4,,0,20,,25781,35,4,,0,77,,25782,35,4,,0,30,,25783,35,4,,0,70,,25784,35,4,,0,30,,25785,35,4,,0,70,,25786,35,4,,0,30,,25787,35,4,,0,70,,25788,35,4,,0,30,,25789,35,4,,0,70,,25790,35,4,,0,25,,25791,35,4,,0,17,,25792,35,4,,0,60,,25793,35,4,,0,20,,25794,35,4,,0,22,,25795,35,4,,0,68,,25796,35,4,,0,20,,25797,35,4,,0,60,,25798,35,4,,0,20,,25799,35,4,,0,18,,25800,35,4,,0,19,,25801,35,4,,0,58,,25802,35,4,,0,15,,25803,35,4,,0,16,,25804,35,4,,0,63,,25805,35,4,,0,20,,25806,35,4,,0,24,,25807,35,4,,0,70,,25808,35,4,,0,30,,25809,35,4,,0,70,,25810,35,4,,0,30,,25811,35,4,,0
3001000,'259.0.1',631,,26275,35,,,0,100,,26276,35,,,0,70,,26277,35,,,0,30,,26278,35,,,0,70,,26279,35,,,0,31,,26280,35,,,0,73,,26281,35,,,0,30,,26282,35,,,0,70,,26283,35,,,0,30,,26284,35,,,0,73,,26285,35,,,0,30,,26286,35,,,0,70,,26287,35,,,0,30,,26288,35,,,0,70,,26289,35,,,0,30,,26290,35,,,0,70,,26291,35,,,0,30,,26292,35,,,0,70,,26293,35,,,0,30,,26294,35,,,0,70,,26295,35,,,0,30,,26296,35,,,0,70,,26297,35,,,0,30,,26298,35,,,0,68,,26299,35,,,0,30,,26300,35,,,0,100,,26301,35,,,0,100,,26302,35,,,0,96,,26303,35,,,0,100,,26304,35,,,0,100,,26305,35,,,0
3001000,'259.0.2',629,,26307,35,,,0,100,,26308,35,,,0,30,,26309,35,,,0,70,,26310,35,,,0,30,,26311,35,,,0,70,,26312,35,,,0,30,,26313,35,,,0,74,,26314,35,,,0,70,,26315,35,,,0,30,,26316,35,,,0,70,,26317,35,,,0,30,,26318,35,,,0,70,,26319,35,,,0,30,,26320,35,,,0,70,,26321,35,,,0,33,,26322,35,,,0,70,,26323,35,,,0,30,,26324,35,,,0,70,,26325,35,,,0,30,,26326,35,,,0,70,,26327,35,,,0,30,,26328,35,,,0,70,,26329,35,,,0,30,,26330,35,,,0,100,,26331,35,,,0,96,,26332,35,,,0,100,,26333,35,,,0,100,,26334,35,,,0,100,,26335,35,,,0
3001000,'259.0.3',620,,26339,35,,,0,19,,26340,35,,,0,20,,26341,35,,,0,59,,26342,35,,,0,18,,26343,35,,,0,17,,26344,35,,,0,60,,26345,35,,,0,33,,26346,35,,,0,60,,26347,35,,,0,20,,26348,35,,,0,28,,26349,35,,,0,70,,26350,35,,,0,30,,26351,35,,,0,70,,26352,35,,,0,30,,26353,35,,,0,70,,26354,35,,,0,30,,26355,35,,,0,70,,26356,35,,,0,30,,26357,35,,,0,70,,26358,35,,,0,20,,26359,35,,,0,60,,26360,35,,,0,20,,26361,35,,,0,20,,26362,35,,,0,67,,26363,35,,,0,23,,26364,35,,,0,20,,26365,35,,,0,60,,26366,35,,,0,18,,26367,35,,,0,19,,26368,35,,,0,60,,26369,35,,,0,13,,26370,35,,,0,16,,26371,35,,,0,60,,26372,35,,,0,20,,26373,35,,,0,19,,26374,35,,,0,70,,26375,35,,,0,30,,26376,35,,,0,70,,26377,35,,,0,30,,26378,35,,,0,69,,26379,35,,,0,27,,26380,35,,,0,70,,26381,35,,,0,30,,26382,35,,,0,70,,26383,35,,,0,30,,26384,35,,,0
