801,'244.0.1',551,,10684,45,,,0,70,,10685,45,,,0,30,,10686,45,,,0,70,,10687,45,,,0,30,,10688,45,,,0,73,,10689,45,,,0,30,,10690,45,,,0,70,,10691,45,,,0,30,,10692,45,,,0,74,,10693,45,,,0,30,,10694,45,,,0,70,,10695,45,,,0,30,,10696,45,,,0,70,,10697,45,,,0,31,,10698,45,,,0,71,,10699,45,,,0,70,,10700,45,,,0,30,,10701,45,,,0,70,,10702,45,,,0,30,,10703,45,,,0,70,,10704,45,,,0,30,,10705,45,,,0,70,,10706,45,,,0,30,,10707,45,,,0,28,,10708,45,,,0,69,,10709,45,,,0,30,,10710,45,,,0,70,,10711,45,,,0,25,,10712,45,,,0,69,,10713,45,,,0,30,,10714,45,,,0,70,,10715,45,,,0,30,,10716,45,,,0,70,,10717,45,,,0,30,,10718,45,,,0,70,,10719,45,,,0,30,,10720,45,,,0,100,,10721,45,,,0
801,'244.0.2',556,,10722,45,,,0,70,,10723,45,,,0,30,,10724,45,,,0,70,,10725,45,,,0,30,,10726,45,,,0,70,,10727,45,,,0,30,,10728,45,,,0,74,,10729,45,,,0,70,,10730,45,,,0,30,,10731,45,,,0,70,,10732,45,,,0,30,,10733,45,,,0,70,,10734,45,,,0,30,,10735,45,,,0,70,,10736,45,,,0,30,,10737,45,,,0,70,,10738,45,,,0,30,,10739,45,,,0,70,,10740,45,,,0,30,,10741,45,,,0,70,,10742,45,,,0,30,,10743,45,,,0,70,,10744,45,,,0,30,,10745,45,,,0,70,,10746,45,,,0,28,,10747,45,,,0,30,,10748,45,,,0,70,,10749,45,,,0,30,,10750,45,,,0,70,,10751,45,,,0,30,,10752,45,,,0,68,,10753,45,,,0,30,,10754,45,,,0,70,,10755,45,,,0,100,,10756,45,,,0,100,,10757,45,,,0
801,'244.0.3',541,,10758,45,,,0,70,,10759,45,,,0,30,,10760,45,,,0,60,,10761,45,,,0,23,,10762,45,,,0,20,,10763,45,,,0,60,,10764,45,,,0,20,,10765,45,,,0,20,,10766,45,,,0,60,,10767,45,,,0,17,,10768,45,,,0,20,,10769,45,,,0,60,,10770,45,,,0,20,,10771,45,,,0,20,,10772,45,,,0,60,,10773,45,,,0,20,,10774,45,,,0,20,,10775,45,,,0,60,,10776,45,,,0,20,,10777,45,,,0,20,,10778,45,,,0,60,,10779,45,,,0,20,,10780,45,,,0,20,,10781,45,,,0,60,,10782,45,,,0,20,,10783,45,,,0,20,,10784,45,,,0,60,,10785,45,,,0,23,,10786,45,,,0,33,,10787,45,,,0,70,,10788,45,,,0,30,,10789,45,,,0,70,,10790,45,,,0,30,,10791,45,,,0,65,,10792,45,,,0,28,,10793,45,,,0,70,,10794,45,,,0,30,,10795,45,,,0,70,,10796,45,,,0,30,,10797,45,,,0,68,,10798,45,,,0,29,,10799,45,,,0,70,,10800,45,,,0,30,,10801,45,,,0,70,,10802,45,,,0,30,,10803,45,,,0,70,,10804,45,,,0,30,,10805,45,,,0
9001,'244.0.1',615,,14654,30,,,0,30,,14655,30,,,0,70,,14656,30,,,0,25,,14657,30,,,0,70,,14658,30,,,0,30,,14659,30,,,0,70,,14660,30,,,0,25,,14661,30,,,0,71,,14662,30,,,0,31,,14663,30,,,0,70,,14664,30,,,0,30,,14665,30,,,0,70,,14666,30,,,0,30,,14667,30,,,0,70,,14668,30,,,0,30,,14669,30,,,0,70,,14670,30,,,0,30,,14671,30,,,0,70,,14672,30,,,0,30,,14673,30,,,0,70,,14674,30,,,0,30,,14675,30,,,0,70,,14676,30,,,0,35,,14677,30,,,0,69,,14678,30,,,0,29,,14679,30,,,0,70,,14680,30,,,0,30,,14681,30,,,0,70,,14682,30,,,0,100,,14683,30,,,0,100,,14684,30,,,0,100,,14685,30,,,0,100,,14686,30,,,0
9001,'244.0.2',603,,14687,30,,,0,100,,14688,30,,,0,100,,14689,30,,,0,100,,14690,30,,,0,55,,14691,30,,,0,142,,14692,30,,,0,100,,14693,30,,,0,102,,14694,30,,,0,100,,14695,30,,,0,98,,14696,30,,,0,100,,14697,30,,,0,100,,14698,30,,,0,59,,14699,30,,,0,143,,14700,30,,,0,105,,14701,30,,,0,98,,14702,30,,,0,100,,14703,30,,,0,99,,14704,30,,,0
9001,'244.0.3',547,,14705,30,,,0,70,,14706,30,,,0,30,,14707,30,,,0,59,,14739,30,,,0,13,,14708,30,,,0,15,,14740,30,,,0,10,,14709,30,,,0,15,,14741,30,,,0,55,,14710,30,,,0,17,,14742,30,,,0,13,,14711,30,,,0,15,,14743,30,,,0,55,,14712,30,,,0,30,,14713,30,,,0,65,,14714,30,,,0,30,,14715,30,,,0,70,,14716,30,,,0,30,,14717,30,,,0,70,,14718,30,,,0,30,,14719,30,,,0,70,,14720,30,,,0,30,,14721,30,,,0,70,,14722,30,,,0,30,,14723,30,,,0,70,,14724,30,,,0,33,,14725,30,,,0,61,,14744,30,,,0,22,,14726,30,,,0,8,,14745,30,,,0,25,,14727,30,,,0,55,,14746,30,,,0,15,,14728,30,,,0,15,,14747,30,,,0,12,,14729,30,,,0,53,,14748,30,,,0,13,,14730,30,,,0,12,,14749,30,,,0,13,,14731,30,,,0,12,,14750,30,,,0,53,,14732,30,,,0,30,,14733,30,,,0,70,,14734,30,,,0,30,,14735,30,,,0,100,,14736,30,,,0,100,,14737,30,,,0,100,,14738,30,,,0
9101,'244.0.1',809,,14805,34,,,0,100,,14806,34,,,0,100,,14807,34,,,0,100,,14808,34,,,0,100,,14809,34,,,0,100,,14810,34,,,0,100,,14811,34,,,0,100,,14812,34,,,0,100,,14813,34,,,0,100,,14814,34,,,0,100,,14815,34,,,0,100,,14816,34,,,0,100,,14817,34,,,0,100,,14818,34,,,0,100,,14819,34,,,0,100,,14820,34,,,0
9101,'244.0.2',838,,14821,34,,,0,100,,14822,34,,,0,100,,14823,34,,,0,100,,14824,34,,,0,100,,14825,34,,,0,100,,14826,34,,,0,100,,14827,34,,,0,100,,14828,34,,,0,100,,14829,34,,,0,100,,14830,34,,,0,100,,14831,34,,,0,100,,14832,34,,,0,100,,14833,34,,,0,100,,14834,34,,,0,100,,14835,34,,,0
9101,'244.0.3',613,,14836,34,,,0,30,,14837,34,,,0,76,,14838,34,,,0,24,,14839,34,,,0,70,,14840,34,,,0,37,,14841,34,,,0,67,,14842,34,,,0,29,,14843,34,,,0,100,,14844,34,,,0,103,,14845,34,,,0,100,,14846,34,,,0,99,,14847,34,,,0,108,,14848,34,,,0,101,,14849,34,,,0,71,,14850,34,,,0,30,,14851,34,,,0,72,,14852,34,,,0,70,,14853,34,,,0,25,,14854,34,,,0,94,,14855,34,,,0,100,,14856,34,,,0,100,,14857,34,,,0,100,,14858,34,,,0,100,,14859,34,,,0
9301,'244.0.3',618,,14867,31,,,0,30,,14868,31,,,0,70,,14869,31,,,0,30,,14870,31,,,0,71,,14871,31,,,0,30,,14872,31,,,0
