2401,'244.0.1',641,,11292,51,,,0,70,,11293,51,,,0,30,,11294,51,,,0,70,,11295,51,,,0,30,,11296,51,,,0,70,,11297,51,,,0,30,,11298,51,,,0,71,,11299,51,,,0,37,,11300,51,,,0,71,,11301,51,,,0,30,,11302,51,,,0,71,,11303,51,,,0,32,,11304,51,,,0,70,,11305,51,,,0,30,,11306,51,,,0,70,,11307,51,,,0,30,,11308,51,,,0,70,,11309,51,,,0,28,,11310,51,,,0,70,,11311,51,,,0,30,,11312,51,,,0,70,,11313,51,,,0,30,,11314,51,,,0,70,,11315,51,,,0,30,,11316,51,,,0,67,,11317,51,,,0,27,,11318,51,,,0,70,,11319,51,,,0,30,,11320,51,,,0,68,,11321,51,,,0,28,,11322,51,,,0,70,,11323,51,,,0,30,,11324,51,,,0,70,,11325,51,,,0,30,,11326,51,,,0,70,,11327,51,,,0
2401,'244.0.2',639,,11328,51,,,0,70,,11329,51,,,0,30,,11330,51,,,0,70,,11331,51,,,0,30,,11332,51,,,0,70,,11333,51,,,0,30,,11334,51,,,0,72,,11335,51,,,0,36,,11336,51,,,0,70,,11337,51,,,0,30,,11338,51,,,0,70,,11339,51,,,0,30,,11340,51,,,0,70,,11341,51,,,0,31,,11342,51,,,0,70,,11343,51,,,0,30,,11344,51,,,0,70,,11345,51,,,0,30,,11346,51,,,0,70,,11347,51,,,0,30,,11348,51,,,0,70,,11349,51,,,0,30,,11350,51,,,0,70,,11351,51,,,0,30,,11352,51,,,0,68,,11353,51,,,0,28,,11354,51,,,0,69,,11355,51,,,0,28,,11356,51,,,0,70,,11357,51,,,0,30,,11358,51,,,0,70,,11359,51,,,0,30,,11360,51,,,0,70,,11361,51,,,0,30,,11362,51,,,0,70,,11363,51,,,0
2401,'244.0.3',718,,11364,51,,,0,30,,11365,51,,,0,74,,11366,51,,,0,31,,11367,51,,,0,70,,11368,51,,,0,30,,11369,51,,,0,65,,11370,51,,,0,30,,11371,51,,,0,70,,11372,51,,,0,31,,11373,51,,,0,71,,11374,51,,,0,30,,11375,51,,,0,70,,11376,51,,,0,30,,11377,51,,,0,70,,11378,51,,,0,33,,11379,51,,,0,72,,11380,51,,,0,79,,11381,51,,,0,30,,11382,51,,,0,70,,11383,51,,,0,28,,11384,51,,,0,22,,11385,51,,,0,68,,11386,51,,,0,30,,11387,51,,,0,66,,11388,51,,,0,28,,11389,51,,,0,66,,11390,51,,,0,30,,11391,51,,,0,70,,11392,51,,,0,30,,11393,51,,,0,70,,11394,51,,,0,30,,11395,51,,,0,70,,11396,51,,,0,30,,11397,51,,,0,70,,11398,51,,,0,30,,11399,51,,,0
2500,'244.0.1',745,,11401,19,,,0,100,,11402,19,,,0,100,,11403,19,,,0,100,,11404,19,,,0,100,,11405,19,,,0,100,,11406,19,,,0,100,,11407,19,,,0,100,,11408,19,,,0,100,,11409,19,,,0,100,,11410,19,,,0,100,,11411,19,,,0,100,,11412,19,,,0,100,,11413,19,,,0,100,,11414,19,,,0,100,,11415,19,,,0,100,,11416,19,,,0
2500,'244.0.2',845,,11418,19,,,0,100,,11419,19,,,0,100,,11420,19,,,0,100,,11421,19,,,0,100,,11422,19,,,0,100,,11423,19,,,0,100,,11424,19,,,0,100,,11425,19,,,0,100,,11426,19,,,0,100,,11427,19,,,0,100,,11428,19,,,0,100,,11429,19,,,0,100,,11430,19,,,0,100,,11431,19,,,0
2500,'244.0.3',548,,11432,19,,,0,70,,11433,19,,,0,30,,11434,19,,,0,70,,11435,19,,,0,30,,11436,19,,,0,70,,11437,19,,,0,30,,11438,19,,,0,70,,11439,19,,,0,100,,11440,19,,,0,100,,11441,19,,,0,100,,11442,19,,,0,100,,11443,19,,,0,100,,11444,19,,,0,100,,11445,19,,,0,33,,11446,19,,,0,70,,11447,19,,,0,30,,11448,19,,,0,68,,11449,19,,,0,30,,11450,19,,,0,69,,11451,19,,,0,30,,11452,19,,,0,70,,11453,19,,,0,100,,11454,19,,,0,100,,11455,19,,,0,100,,11456,19,,,0,100,,11457,19,,,0
12701,'244.0.3',1614,,14902,21,,,0,17,,14903,21,,,0,16,,14904,21,,,0,80,,14905,21,,,0,15,,14906,21,,,0,14,,14907,21,,,0,55,,14908,21,,,0
12701,'244.1141.3',1657,,14909,21,,,0,57,,14910,21,,,0
12701,'244.1143.3',1657,,14911,21,,,0,57,,14912,21,,,0
1000900,'244.0.1',713,,15724,36,,,0,100,,15725,36,,,0,100,,15726,36,,,0,102,,15727,36,,,0,100,,15728,36,,,0,96,,15729,36,,,0,103,,15730,36,,,0,100,,15731,36,,,0,100,,15732,36,,,0,100,,15733,36,,,0,100,,15734,36,,,0,100,,15735,36,,,0,100,,15736,36,,,0,99,,15737,36,,,0,100,,15738,36,,,0,100,,15739,36,,,0,100,,15740,36,,,0,100,,15741,36,,,0
1000900,'244.0.2',711,,15742,36,,,0,96,,15743,36,,,0,100,,15744,36,,,0,100,,15745,36,,,0,109,,15746,36,,,0,100,,15747,36,,,0,100,,15748,36,,,0,100,,15749,36,,,0,100,,15750,36,,,0,100,,15751,36,,,0,100,,15752,36,,,0,100,,15753,36,,,0,100,,15754,36,,,0,100,,15755,36,,,0,96,,15756,36,,,0,100,,15757,36,,,0,100,,15758,36,,,0,100,,15759,36,,,0
1000900,'244.0.3',627,,15760,36,,,0,30,,15761,36,,,0,70,,15762,36,,,0,32,,15763,36,,,0,72,,15764,36,,,0,69,,15765,36,,,0,12,,15766,36,,,0,15,,15767,36,,,0,30,,15768,36,,,0,55,,15769,36,,,0,15,,15770,36,,,0,30,,15771,36,,,0,59,,15772,36,,,0,13,,15773,36,,,0,27,,15774,36,,,0,55,,15775,36,,,0,15,,15776,36,,,0,30,,15777,36,,,0,55,,15778,36,,,0,15,,15779,36,,,0,30,,15780,36,,,0,55,,15781,36,,,0,15,,15782,36,,,0,30,,15783,36,,,0,69,,15784,36,,,0,25,,15785,36,,,0,9,,15786,36,,,0,59,,15787,36,,,0,10,,15788,36,,,0,20,,15789,36,,,0,10,,15790,36,,,0,60,,15791,36,,,0,10,,15792,36,,,0,10,,15793,36,,,0,17,,15794,36,,,0,45,,15795,36,,,0,6,,15796,36,,,0,16,,15797,36,,,0,10,,15798,36,,,0,20,,15799,36,,,0,50,,15800,36,,,0,30,,15801,36,,,0,70,,15802,36,,,0,30,,15803,36,,,0,70,,15804,36,,,0,26,,15805,36,,,0,27,,15806,36,,,0,55,,15807,36,,,0,15,,15808,36,,,0,75,,15809,36,,,0,20,,15810,36,,,0,80,,15811,36,,,0,20,,15812,36,,,0,80,,15813,36,,,0
2000900,'244.0.1',643,,16760,36,,,0,100,,16761,36,,,0,100,,16762,36,,,0,102,,16763,36,,,0,100,,16764,36,,,0,100,,16765,36,,,0,99,,16766,36,,,0,100,,16767,36,,,0,100,,16768,36,,,0,100,,16769,36,,,0,100,,16770,36,,,0,100,,16771,36,,,0,100,,16772,36,,,0,99,,16773,36,,,0,100,,16774,36,,,0,100,,16775,36,,,0,100,,16776,36,,,0,100,,16777,36,,,0,100,,16778,36,,,0
2000900,'244.0.2',642,,16779,36,,,0,97,,16780,36,,,0,98,,16781,36,,,0,100,,16782,36,,,0,109,,16783,36,,,0,100,,16784,36,,,0,100,,16785,36,,,0,100,,16786,36,,,0,100,,16787,36,,,0,100,,16788,36,,,0,100,,16789,36,,,0,100,,16790,36,,,0,100,,16791,36,,,0,100,,16792,36,,,0,96,,16793,36,,,0,100,,16794,36,,,0,100,,16795,36,,,0,100,,16796,36,,,0,100,,16797,36,,,0
2000900,'244.0.3',542,,16798,18,,,0,70,,16799,18,,,0,30,,16800,36,,,0,70,,16801,36,,,0,30,,16802,36,,,0,70,,16803,36,,,0,30,,16804,36,,,0,100,,16805,36,,,0,100,,16806,36,,,0,100,,16807,36,,,0,96,,16808,36,,,0,100,,16809,36,,,0,100,,16810,36,,,0,68,,16811,36,,,0,33,,16812,36,,,0,69,,16813,36,,,0,30,,16814,36,,,0,70,,16815,36,,,0,35,,16816,36,,,0,67,,16817,36,,,0,30,,16818,36,,,0,70,,16819,36,,,0,30,,16820,36,,,0,70,,16821,36,,,0,30,,16822,36,,,0,68,,16823,36,,,0,27,,16824,36,,,0,100,,16825,36,,,0,100,,16826,36,,,0,100,,16827,36,,,0,100,,16828,36,,,0
