800,'244.0.1',605,,10559,33,,,0,30,,10560,33,,,0,70,,10561,33,,,0,30,,10562,33,,,0,70,,10563,33,,,0,23,,10564,33,,,0,22,,10565,33,,,0,70,,10566,33,,,0,30,,10567,33,,,0,70,,10568,33,,,0,31,,10569,33,,,0,69,,10570,33,,,0,30,,10571,33,,,0,70,,10572,33,,,0,30,,10573,33,,,0,70,,10574,33,,,0,30,,10575,33,,,0,70,,10576,33,,,0,32,,10577,33,,,0,70,,10578,33,,,0,30,,10579,33,,,0,70,,10580,33,,,0,30,,10581,33,,,0,70,,10582,33,,,0,30,,10583,33,,,0,70,,10584,33,,,0,30,,10585,33,,,0,70,,10586,33,,,0,30,,10587,33,,,0,70,,10588,33,,,0,30,,10589,33,,,0,70,,10590,33,,,0,30,,10591,33,,,0,70,,10592,33,,,0,26,,10593,33,,,0,69,,10594,33,,,0,30,,10595,33,,,0,100,,10596,33,,,0
800,'244.0.2',623,,10597,33,,,0,30,,10598,33,,,0,70,,10599,33,,,0,30,,10600,33,,,0,70,,10601,33,,,0,30,,10602,33,,,0,70,,10603,33,,,0,30,,10604,33,,,0,70,,10605,33,,,0,34,,10606,33,,,0,70,,10607,33,,,0,25,,10608,33,,,0,71,,10609,33,,,0,32,,10610,33,,,0,70,,10611,33,,,0,30,,10612,33,,,0,70,,10613,33,,,0,30,,10614,33,,,0,70,,10615,33,,,0,30,,10616,33,,,0,70,,10617,33,,,0,75,,10618,33,,,0,29,,10619,33,,,0,30,,10620,33,,,0,70,,10621,33,,,0,29,,10622,33,,,0,68,,10623,33,,,0,30,,10624,33,,,0,68,,10625,33,,,0,29,,10626,33,,,0,70,,10627,33,,,0,30,,10628,33,,,0,70,,10629,33,,,0,30,,10630,33,,,0,100,,10631,33,,,0,100,,10632,33,,,0
800,'244.0.3',553,,10635,33,,,0,70,,10636,33,,,0,30,,10637,33,,,0,77,,10638,33,,,0,72,,10639,33,,,0,31,,10640,33,,,0,70,,10641,33,,,0,30,,10642,33,,,0,70,,10643,33,,,0,20,,10644,33,,,0,20,,10645,33,,,0,60,,10646,33,,,0,20,,10647,33,,,0,20,,10648,33,,,0,60,,10649,33,,,0,20,,10650,33,,,0,20,,10651,33,,,0,60,,10652,33,,,0,20,,10653,33,,,0,20,,10654,33,,,0,60,,10655,33,,,0,20,,10656,33,,,0,20,,10657,33,,,0,60,,10658,33,,,0,29,,10659,33,,,0,24,,10660,33,,,0,60,,10661,33,,,0,20,,10662,33,,,0,20,,10663,33,,,0,60,,10664,33,,,0,20,,10665,33,,,0,20,,10666,33,,,0,58,,10667,33,,,0,26,,10668,33,,,0,10,,10683,33,,,0,50,,10669,33,,,0,30,,10670,33,,,0,70,,10671,33,,,0,30,,10672,33,,,0,70,,10673,33,,,0,28,,10674,33,,,0,29,,10675,33,,,0,70,,10676,33,,,0,30,,10677,33,,,0,70,,10678,33,,,0,30,,10679,33,,,0,70,,10680,33,,,0,30,,10681,33,,,0,70,,10682,33,,,0
9000,'244.0.1',629,,14558,26,,,0,25,,14559,26,,,0,70,,14560,26,,,0,30,,14561,26,,,0,70,,14562,26,,,0,25,,14563,26,,,0,70,,14564,26,,,0,30,,14565,26,,,0,65,,14566,26,,,0,33,,14567,26,,,0,70,,14568,26,,,0,30,,14569,26,,,0,70,,14570,26,,,0,27,,14571,26,,,0,70,,14572,26,,,0,30,,14573,26,,,0,70,,14574,26,,,0,30,,14575,26,,,0,70,,14576,26,,,0,30,,14577,26,,,0,70,,14578,26,,,0,33,,14579,26,,,0,70,,14580,26,,,0,30,,14581,26,,,0,70,,14582,26,,,0,30,,14583,26,,,0,70,,14584,26,,,0,30,,14585,26,,,0,70,,14586,26,,,0,104,,14587,26,,,0,100,,14588,26,,,0,100,,14589,26,,,0,100,,14590,26,,,0
9000,'244.0.2',617,,14591,26,,,0,100,,14592,26,,,0,100,,14593,26,,,0,95,,14594,26,,,0,97,,14595,26,,,0,100,,14596,26,,,0,102,,14597,26,,,0,100,,14598,26,,,0,98,,14599,26,,,0,100,,14600,26,,,0,100,,14601,26,,,0,100,,14602,26,,,0,103,,14603,26,,,0,104,,14604,26,,,0,101,,14605,26,,,0,100,,14606,26,,,0,100,,14607,26,,,0,100,,14608,26,,,0
9000,'244.0.3',614,,14642,26,,,0,15,,14641,26,,,0,15,,14609,26,,,0,15,,14643,26,,,0,55,,14610,26,,,0,15,,14644,26,,,0,15,,14611,26,,,0,15,,14645,26,,,0,60,,14612,26,,,0,30,,14613,26,,,0,65,,14614,26,,,0,31,,14615,26,,,0,69,,14616,26,,,0,30,,14617,26,,,0,70,,14618,26,,,0,27,,14619,26,,,0,71,,14620,26,,,0,30,,14621,26,,,0,70,,14622,26,,,0,30,,14623,26,,,0,70,,14624,26,,,0,35,,14625,26,,,0,57,,14646,26,,,0,15,,14626,26,,,0,15,,14647,26,,,0,15,,14627,26,,,0,55,,14648,26,,,0,15,,14628,26,,,0,15,,14649,26,,,0,15,,14653,26,,,0,55,,14650,26,,,0,15,,14629,26,,,0,15,,14651,26,,,0,15,,14630,26,,,0,10,,14652,26,,,0,52,,14631,26,,,0,35,,14632,26,,,0,70,,14633,26,,,0,30,,14634,26,,,0,70,,14635,26,,,0,30,,14636,26,,,0,100,,14637,26,,,0,97,,14638,26,,,0,100,,14639,26,,,0,100,,14640,26,,,0
9100,'244.0.1',721,,14751,13,,,0,100,,14752,13,,,0,100,,14753,13,,,0,100,,14754,13,,,0,100,,14755,13,,,0,100,,14756,13,,,0,100,,14757,13,,,0,100,,14758,13,,,0,100,,14759,13,,,0,100,,14760,13,,,0,100,,14761,13,,,0,100,,14762,13,,,0,100,,14763,13,,,0,100,,14764,13,,,0,100,,14765,13,,,0,100,,14766,13,,,0
9100,'244.0.2',750,,14767,13,,,0,100,,14768,13,,,0,100,,14769,13,,,0,100,,14770,13,,,0,100,,14771,13,,,0,100,,14772,13,,,0,100,,14773,13,,,0,100,,14774,13,,,0,100,,14775,13,,,0,100,,14776,13,,,0,100,,14777,13,,,0,100,,14778,13,,,0,100,,14779,13,,,0,100,,14780,13,,,0,100,,14781,13,,,0
9100,'244.0.3',631,,14782,13,,,0,24,,14783,13,,,0,67,,14784,13,,,0,36,,14785,13,,,0,69,,14786,13,,,0,31,,14787,13,,,0,100,,14788,13,,,0,143,,14789,13,,,0,100,,14790,13,,,0,99,,14791,13,,,0,100,,14792,13,,,0,101,,14793,13,,,0,30,,14794,13,,,0,70,,14795,13,,,0,30,,14796,13,,,0,70,,14797,13,,,0,30,,14798,13,,,0,71,,14799,13,,,0,30,,14800,13,,,0,97,,14801,13,,,0,100,,14802,13,,,0,100,,14803,13,,,0,100,,14804,13,,,0
9300,'244.0.3',1538,,14860,20,,,0,66,,14861,20,,,0,41,,14862,20,,,0,63,,14863,20,,,0,35,,14864,20,,,0,60,,14865,20,,,0,30,,14866,20,,,0
