401,'244.0.1',624,,10099,29,,,0,100,,10100,29,,,0,100,,10101,29,,,0,30,,10102,29,,,0,70,,10103,29,,,0,30,,10104,29,,,0,70,,10105,29,,,0,30,,10106,29,,,0,73,,10107,29,,,0,30,,10108,29,,,0,70,,10109,29,,,0,30,,10110,29,,,0,70,,10111,29,,,0,30,,10112,29,,,0,70,,10113,29,,,0,30,,10114,29,,,0,70,,10115,29,,,0,30,,10116,29,,,0,70,,10117,29,,,0,30,,10118,29,,,0,70,,10119,29,,,0,30,,10120,29,,,0,68,,10121,29,,,0,30,,10122,29,,,0,70,,10123,29,,,0,30,,10124,29,,,0,70,,10125,29,,,0,30,,10126,29,,,0,70,,10127,29,,,0,30,,10128,29,,,0,67,,10129,29,,,0,100,,10130,29,,,0,100,,10131,29,,,0
401,'244.0.2',724,,10132,29,,,0,30,,10133,29,,,0,70,,10134,29,,,0,30,,10135,29,,,0,70,,10136,29,,,0,30,,10137,29,,,0,70,,10138,29,,,0,30,,10139,29,,,0,69,,10140,29,,,0,30,,10141,29,,,0,70,,10142,29,,,0,30,,10143,29,,,0,70,,10144,29,,,0,30,,10145,29,,,0,70,,10146,29,,,0,30,,10147,29,,,0,70,,10148,29,,,0,30,,10149,29,,,0,70,,10150,29,,,0,30,,10151,29,,,0,70,,10152,29,,,0,30,,10153,29,,,0,70,,10154,29,,,0,30,,10155,29,,,0,70,,10156,29,,,0,32,,10157,29,,,0,67,,10158,29,,,0,100,,10159,29,,,0,100,,10160,29,,,0,100,,10161,29,,,0,100,,10162,29,,,0
401,'244.0.3',603,,10163,29,,,0,15,,10164,29,,,0,15,,10165,29,,,0,15,,10166,29,,,0,57,,10167,29,,,0,20,,10168,29,,,0,8,,10169,29,,,0,8,,10170,29,,,0,8,,10171,29,,,0,8,,10172,29,,,0,48,,10173,29,,,0,8,,10174,29,,,0,8,,10175,29,,,0,8,,10176,29,,,0,8,,10177,29,,,0,8,,10178,29,,,0,8,,10179,29,,,0,48,,10180,29,,,0,7,,10181,29,,,0,6,,10182,29,,,0,8,,10183,29,,,0,8,,10184,29,,,0,8,,10185,29,,,0,8,,10186,29,,,0,8,,10187,29,,,0,48,,10188,29,,,0,8,,10189,29,,,0,8,,10190,29,,,0,8,,10191,29,,,0,11,,10192,29,,,0,15,,10193,29,,,0,55,,10194,29,,,0,15,,10195,29,,,0,15,,10196,29,,,0,15,,10197,29,,,0,55,,10198,29,,,0,15,,10199,29,,,0,15,,10200,29,,,0,15,,10201,29,,,0,55,,10202,29,,,0,15,,10203,29,,,0,15,,10204,29,,,0,15,,10205,29,,,0,55,,10206,29,,,0,15,,10207,29,,,0,15,,10208,29,,,0,15,,10209,29,,,0,55,,10210,29,,,0,16,,10211,29,,,0,18,,10212,29,,,0,15,,10213,29,,,0,55,,10214,29,,,0,15,,10215,29,,,0,15,,10216,29,,,0,15,,10217,29,,,0,55,,10218,29,,,0,15,,10219,29,,,0,15,,10220,29,,,0,15,,10221,29,,,0,52,,10222,29,,,0,11,,10223,29,,,0,15,,10224,29,,,0,15,,10225,29,,,0,60,,10226,29,,,0,20,,10227,29,,,0,20,,10228,29,,,0,60,,10229,29,,,0,20,,10230,29,,,0,20,,10231,29,,,0,60,,10232,29,,,0,20,,10233,29,,,0,20,,10234,29,,,0,60,,10235,29,,,0,28,,10236,29,,,0,70,,10237,29,,,0,30,,10238,29,,,0,70,,10239,29,,,0,30,,10240,29,,,0,70,,10241,29,,,0
801,'244.0.1',610,,10684,71,,,0,30,,10685,71,,,0,70,,10686,71,,,0,30,,10687,71,,,0,73,,10688,71,,,0,33,,10689,71,,,0,70,,10690,71,,,0,30,,10691,71,,,0,74,,10692,71,,,0,34,,10693,71,,,0,70,,10694,71,,,0,30,,10695,71,,,0,70,,10696,71,,,0,30,,10697,71,,,0,71,,10698,71,,,0,31,,10699,71,,,0,70,,10700,71,,,0,30,,10701,71,,,0,70,,10702,71,,,0,30,,10703,71,,,0,70,,10704,71,,,0,30,,10705,71,,,0,70,,10706,71,,,0,28,,10707,71,,,0,68,,10708,71,,,0,29,,10709,71,,,0,70,,10710,71,,,0,27,,10711,71,,,0,65,,10712,71,,,0,29,,10713,71,,,0,70,,10714,71,,,0,30,,10715,71,,,0,70,,10716,71,,,0,30,,10717,71,,,0,70,,10718,71,,,0,30,,10719,71,,,0,70,,10720,71,,,0,100,,10721,71,,,0
801,'244.0.2',616,,10722,71,,,0,30,,10723,71,,,0,70,,10724,71,,,0,30,,10725,71,,,0,70,,10726,71,,,0,30,,10727,71,,,0,72,,10728,71,,,0,35,,10729,71,,,0,70,,10730,71,,,0,30,,10731,71,,,0,73,,10732,71,,,0,30,,10733,71,,,0,70,,10734,71,,,0,30,,10735,71,,,0,70,,10736,71,,,0,30,,10737,71,,,0,70,,10738,71,,,0,30,,10739,71,,,0,70,,10740,71,,,0,30,,10741,71,,,0,70,,10742,71,,,0,30,,10743,71,,,0,70,,10744,71,,,0,30,,10745,71,,,0,67,,10746,71,,,0,28,,10747,71,,,0,70,,10748,71,,,0,30,,10749,71,,,0,70,,10750,71,,,0,30,,10751,71,,,0,66,,10752,71,,,0,27,,10753,71,,,0,70,,10754,71,,,0,30,,10755,71,,,0,100,,10756,71,,,0,100,,10757,71,,,0
801,'244.0.3',605,,10758,71,,,0,30,,10759,71,,,0,70,,10760,71,,,0,24,,10761,71,,,0,30,,10762,71,,,0,60,,10763,71,,,0,20,,10764,71,,,0,20,,10765,71,,,0,56,,10766,71,,,0,16,,10767,71,,,0,17,,10768,71,,,0,60,,10769,71,,,0,20,,10770,71,,,0,20,,10771,71,,,0,60,,10772,71,,,0,20,,10773,71,,,0,20,,10774,71,,,0,60,,10775,71,,,0,20,,10776,71,,,0,20,,10777,71,,,0,60,,10778,71,,,0,20,,10779,71,,,0,20,,10780,71,,,0,60,,10781,71,,,0,20,,10782,71,,,0,20,,10783,71,,,0,60,,10784,71,,,0,20,,10785,71,,,0,23,,10786,71,,,0,73,,10787,71,,,0,30,,10788,71,,,0,70,,10789,71,,,0,30,,10790,71,,,0,64,,10791,71,,,0,25,,10792,71,,,0,68,,10793,71,,,0,30,,10794,71,,,0,70,,10795,71,,,0,30,,10796,71,,,0,70,,10797,71,,,0,26,,10798,71,,,0,69,,10799,71,,,0,30,,10800,71,,,0,70,,10801,71,,,0,30,,10802,71,,,0,70,,10803,71,,,0,30,,10804,71,,,0,70,,10805,71,,,0
9001,'244.0.1',630,,14654,52,,,0,70,,14655,52,,,0,30,,14656,52,,,0,25,,14657,52,,,0,71,,14658,52,,,0,30,,14659,52,,,0,70,,14660,52,,,0,25,,14661,52,,,0,74,,14662,52,,,0,31,,14663,52,,,0,70,,14664,52,,,0,30,,14665,52,,,0,70,,14666,52,,,0,30,,14667,52,,,0,70,,14668,52,,,0,30,,14669,52,,,0,70,,14670,52,,,0,30,,14671,52,,,0,70,,14672,52,,,0,30,,14673,52,,,0,70,,14674,52,,,0,30,,14675,52,,,0,70,,14676,52,,,0,75,,14677,52,,,0,25,,14678,52,,,0,29,,14679,52,,,0,70,,14680,52,,,0,30,,14681,52,,,0,70,,14682,52,,,0,99,,14683,52,,,0,100,,14684,52,,,0,100,,14685,52,,,0,100,,14686,52,,,0
9001,'244.0.2',617,,14687,52,,,0,100,,14688,52,,,0,100,,14689,52,,,0,100,,14690,52,,,0,99,,14691,52,,,0,102,,14692,52,,,0,100,,14693,52,,,0,102,,14694,52,,,0,100,,14695,52,,,0,98,,14696,52,,,0,100,,14697,52,,,0,100,,14698,52,,,0,98,,14699,52,,,0,103,,14700,52,,,0,105,,14701,52,,,0,98,,14702,52,,,0,97,,14703,52,,,0,99,,14704,52,,,0
9001,'244.0.3',604,,14705,52,,,0,30,,14706,52,,,0,72,,14707,52,,,0,24,,14739,52,,,0,13,,14708,52,,,0,15,,14740,52,,,0,50,,14709,52,,,0,15,,14741,52,,,0,15,,14710,52,,,0,13,,14742,52,,,0,51,,14711,52,,,0,15,,14743,52,,,0,15,,14712,52,,,0,70,,14713,52,,,0,25,,14714,52,,,0,30,,14715,52,,,0,70,,14716,52,,,0,30,,14717,52,,,0,70,,14718,52,,,0,30,,14719,52,,,0,70,,14720,52,,,0,30,,14721,52,,,0,70,,14722,52,,,0,30,,14723,52,,,0,72,,14724,52,,,0,73,,14725,52,,,0,21,,14744,52,,,0,22,,14726,52,,,0,8,,14745,52,,,0,65,,14727,52,,,0,15,,14746,52,,,0,15,,14728,52,,,0,52,,14747,52,,,0,12,,14729,52,,,0,13,,14748,52,,,0,13,,14730,52,,,0,12,,14749,52,,,0,53,,14731,52,,,0,12,,14750,52,,,0,13,,14732,52,,,0,30,,14733,52,,,0,67,,14734,52,,,0,30,,14735,52,,,0,100,,14736,52,,,0,100,,14737,52,,,0,100,,14738,52,,,0
2000701,'244.0.1',605,,16597,16,,,0,20,,16598,16,,,0,20,,16599,16,,,0,60,,16600,16,,,0,20,,16601,16,,,0,20,,16602,16,,,0,61,,16603,16,,,0,18,,16604,16,,,0,20,,16605,16,,,0,60,,16606,16,,,0,20,,16607,16,,,0,18,,16608,16,,,0,60,,16609,16,,,0,20,,16610,16,,,0,20,,16611,16,,,0,60,,16612,16,,,0,20,,16613,16,,,0,20,,16614,16,,,0,60,,16615,16,,,0,20,,16616,16,,,0,20,,16617,16,,,0,60,,16618,16,,,0,20,,16619,16,,,0,20,,16620,16,,,0,60,,16621,16,,,0,20,,16622,16,,,0,20,,16623,16,,,0,60,,16624,16,,,0,20,,16625,16,,,0,20,,16626,16,,,0,61,,16627,16,,,0,21,,16628,16,,,0,20,,16629,16,,,0,60,,16630,16,,,0,20,,16631,16,,,0,20,,16632,16,,,0,60,,16633,16,,,0,20,,16634,16,,,0,20,,16635,16,,,0,60,,16636,16,,,0,20,,16637,16,,,0,20,,16638,16,,,0,61,,16639,16,,,0,20,,16640,16,,,0,20,,16641,16,,,0,60,,16642,16,,,0,20,,16643,16,,,0,20,,16644,16,,,0,60,,16645,16,,,0,20,,16646,16,,,0,20,,16647,16,,,0,60,,16648,16,,,0,20,,16649,16,,,0,20,,16650,16,,,0
2000701,'244.0.2',605,,16651,16,,,0,30,,16652,16,,,0,70,,16653,16,,,0,30,,16654,16,,,0,70,,16655,16,,,0,30,,16656,16,,,0,70,,16657,16,,,0,28,,16658,16,,,0,70,,16659,16,,,0,30,,16660,16,,,0,70,,16661,16,,,0,30,,16662,16,,,0,70,,16663,16,,,0,30,,16664,16,,,0,70,,16665,16,,,0,30,,16666,16,,,0,70,,16667,16,,,0,30,,16668,16,,,0,70,,16669,16,,,0,30,,16670,16,,,0,70,,16671,16,,,0,30,,16672,16,,,0,70,,16673,16,,,0,30,,16674,16,,,0,70,,16675,16,,,0,30,,16676,16,,,0,70,,16677,16,,,0,31,,16678,16,,,0,70,,16679,16,,,0,30,,16680,16,,,0,70,,16681,16,,,0,30,,16682,16,,,0,70,,16683,16,,,0,30,,16684,16,,,0,70,,16685,16,,,0,30,,16686,16,,,0
2000701,'244.0.3',557,,16687,16,,,0,55,,16688,16,,,0,15,,16689,16,,,0,15,,16690,16,,,0,15,,16691,16,,,0,55,,16692,16,,,0,15,,16693,16,,,0,15,,16694,16,,,0,58,,16695,16,,,0,15,,16696,16,,,0,15,,16697,16,,,0,15,,16698,16,,,0,55,,16699,16,,,0,13,,16700,16,,,0,15,,16701,16,,,0,15,,16702,16,,,0,15,,16703,16,,,0,55,,16704,16,,,0,15,,16705,16,,,0,15,,16706,16,,,0,15,,16707,16,,,0,55,,16708,16,,,0,15,,16709,16,,,0,15,,16710,16,,,0,15,,16711,16,,,0,55,,16712,16,,,0,15,,16713,16,,,0,15,,16714,16,,,0,15,,16715,16,,,0,55,,16716,16,,,0,15,,16717,16,,,0,15,,16718,16,,,0,15,,16719,16,,,0,55,,16720,16,,,0,15,,16721,16,,,0,15,,16722,16,,,0,15,,16723,16,,,0,55,,16724,16,,,0,15,,16725,16,,,0,15,,16726,16,,,0,15,,16727,16,,,0,55,,16728,16,,,0,15,,16729,16,,,0,15,,16730,16,,,0,15,,16731,16,,,0,55,,16732,16,,,0,15,,16733,16,,,0,14,,16734,16,,,0,15,,16735,16,,,0,55,,16736,16,,,0,15,,16737,16,,,0,15,,16738,16,,,0,15,,16739,16,,,0,53,,16740,16,,,0,15,,16741,16,,,0,15,,16742,16,,,0,15,,16743,16,,,0,55,,16744,16,,,0,15,,16745,16,,,0,15,,16746,16,,,0,15,,16747,16,,,0,55,,16748,16,,,0,15,,16749,16,,,0,15,,16750,16,,,0,15,,16751,16,,,0,55,,16752,16,,,0,15,,16753,16,,,0,15,,16754,16,,,0,15,,16755,16,,,0,70,,16756,16,,,0,30,,16757,16,,,0,70,,16758,16,,,0,30,,16759,16,,,0
