101,'259.0.1',612,,17919,16,,,0,15,,17920,16,,,0,15,,17921,16,,,0,15,,17922,16,,,0,55,,17923,16,,,0,15,,17924,16,,,0,17,,17925,16,,,0,15,,17926,16,,,0,55,,17927,16,,,0,15,,17928,16,,,0,15,,17929,16,,,0,15,,17930,16,,,0,55,,17931,16,,,0,15,,17932,16,,,0,15,,17933,16,,,0,15,,17934,16,,,0,55,,17935,16,,,0,15,,17936,16,,,0,15,,17937,16,,,0,15,,17938,16,,,0,60,,17939,16,,,0,15,,17940,16,,,0,15,,17941,16,,,0,55,,17942,16,,,0,15,,17943,16,,,0,15,,17944,16,,,0,15,,17945,16,,,0,55,,17946,16,,,0,15,,17947,16,,,0,15,,17948,16,,,0,15,,17949,16,,,0,55,,17950,16,,,0,15,,17951,16,,,0,15,,17952,16,,,0,15,,17953,16,,,0,55,,17954,16,,,0,15,,17955,16,,,0,15,,17956,16,,,0,15,,17957,16,,,0,55,,17958,16,,,0,15,,17959,16,,,0,15,,17960,16,,,0,15,,17961,16,,,0,55,,17962,16,,,0,15,,17963,16,,,0,15,,17964,16,,,0,15,,17965,16,,,0,55,,17966,16,,,0,13,,17967,16,,,0,14,,17968,16,,,0,15,,17969,16,,,0,55,,17970,16,,,0,15,,17971,16,,,0,15,,17972,16,,,0,15,,17973,16,,,0,55,,17974,16,,,0,15,,17975,16,,,0,15,,17976,16,,,0,15,,17977,16,,,0,54,,17978,16,,,0,12,,17979,16,,,0,15,,17980,16,,,0,15,,17981,16,,,0,15,,17982,16,,,0,55,,17983,16,,,0,15,,17984,16,,,0,15,,17985,16,,,0,15,,17986,16,,,0,55,,17987,16,,,0,15,,17988,16,,,0,15,,17989,16,,,0,15,,17990,16,,,0,55,,17991,16,,,0,15,,17992,16,,,0,15,,17993,16,,,0
101,'259.0.2',611,,17994,16,,,0,25,,17995,16,,,0,15,,17996,16,,,0,55,,17997,16,,,0,15,,17998,16,,,0,15,,17999,16,,,0,15,,18000,16,,,0,55,,18001,16,,,0,15,,18002,16,,,0,16,,18003,16,,,0,16,,18004,16,,,0,55,,18005,16,,,0,15,,18006,16,,,0,15,,18007,16,,,0,15,,18008,16,,,0,55,,18009,16,,,0,15,,18010,16,,,0,15,,18011,16,,,0,15,,18012,16,,,0,55,,18013,16,,,0,17,,18014,16,,,0,16,,18015,16,,,0,15,,18016,16,,,0,55,,18017,16,,,0,15,,18018,16,,,0,15,,18019,16,,,0,15,,18020,16,,,0,55,,18021,16,,,0,15,,18022,16,,,0,15,,18023,16,,,0,15,,18024,16,,,0,55,,18025,16,,,0,15,,18026,16,,,0,15,,18027,16,,,0,15,,18028,16,,,0,55,,18029,16,,,0,15,,18030,16,,,0,15,,18031,16,,,0,15,,18032,16,,,0,55,,18033,16,,,0,15,,18034,16,,,0,15,,18035,16,,,0,15,,18036,16,,,0,55,,18037,16,,,0,15,,18038,16,,,0,15,,18039,16,,,0,15,,18040,16,,,0,55,,18041,16,,,0,13,,18042,16,,,0,13,,18043,16,,,0,15,,18044,16,,,0,55,,18045,16,,,0,15,,18046,16,,,0,15,,18047,16,,,0,15,,18048,16,,,0,55,,18049,16,,,0,30,,18050,16,,,0,70,,18051,16,,,0,30,,18052,16,,,0,70,,18053,16,,,0,30,,18054,16,,,0,70,,18055,16,,,0,30,,18056,16,,,0,70,,18057,16,,,0
101,'259.0.3',600,,18058,16,,,0,30,,18059,16,,,0,13,,18060,16,,,0,15,,18061,16,,,0,55,,18062,16,,,0,10,,18063,16,,,0,10,,18064,16,,,0,14,,18065,16,,,0,12,,18066,16,,,0,50,,18067,16,,,0,10,,18068,16,,,0,10,,18069,16,,,0,12,,18070,16,,,0,10,,18071,16,,,0,8,,18072,16,,,0,48,,18073,16,,,0,10,,18074,16,,,0,10,,18075,16,,,0,10,,18076,16,,,0,10,,18077,16,,,0,10,,18078,16,,,0,49,,18079,16,,,0,9,,18080,16,,,0,10,,18081,16,,,0,10,,18082,16,,,0,10,,18083,16,,,0,10,,18084,16,,,0,50,,18085,16,,,0,10,,18086,16,,,0,10,,18087,16,,,0,11,,18088,16,,,0,10,,18089,16,,,0,10,,18090,16,,,0,50,,18091,16,,,0,10,,18092,16,,,0,10,,18093,16,,,0,10,,18094,16,,,0,10,,18095,16,,,0,10,,18096,16,,,0,50,,18097,16,,,0,10,,18098,16,,,0,10,,18099,16,,,0,10,,18100,16,,,0,10,,18101,16,,,0,10,,18102,16,,,0,50,,18103,16,,,0,10,,18104,16,,,0,10,,18105,16,,,0,10,,18106,16,,,0,10,,18107,16,,,0,10,,18108,16,,,0,50,,18109,16,,,0,10,,18110,16,,,0,10,,18111,16,,,0,11,,18112,16,,,0,12,,18113,16,,,0,52,,18114,16,,,0,10,,18115,16,,,0,10,,18116,16,,,0,10,,18117,16,,,0,10,,18118,16,,,0,10,,18119,16,,,0,50,,18120,16,,,0,10,,18121,16,,,0,10,,18122,16,,,0,10,,18123,16,,,0,10,,18124,16,,,0,10,,18125,16,,,0,50,,18126,16,,,0,8,,18127,16,,,0,7,,18128,16,,,0,9,,18129,16,,,0,10,,18130,16,,,0,10,,18131,16,,,0,10,,18132,16,,,0,50,,18133,16,,,0,10,,18134,16,,,0,10,,18135,16,,,0,10,,18136,16,,,0,10,,18137,16,,,0,10,,18138,16,,,0,49,,18139,16,,,0,9,,18140,16,,,0,9,,18141,16,,,0,10,,18142,16,,,0,10,,18143,16,,,0,10,,18144,16,,,0,50,,18145,16,,,0,10,,18146,16,,,0,10,,18147,16,,,0,10,,18148,16,,,0,10,,18149,16,,,0,10,,18150,16,,,0,50,,18151,16,,,0,10,,18152,16,,,0,10,,18153,16,,,0,15,,18154,16,,,0,15,,18155,16,,,0,55,,18156,16,,,0,15,,18157,16,,,0,15,,18158,16,,,0,15,,18159,16,,,0,55,,18160,16,,,0,15,,18161,16,,,0,15,,18162,16,,,0,15,,18163,16,,,0,55,,18164,16,,,0
400,'259.0.1',559,,18780,14,,,0,100,,18781,14,,,0,100,,18782,14,,,0,70,,18783,14,,,0,30,,18784,14,,,0,70,,18785,14,,,0,72,,18786,14,,,0,30,,18787,14,,,0,70,,18788,14,,,0,30,,18789,14,,,0,70,,18790,14,,,0,30,,18791,14,,,0,70,,18792,14,,,0,30,,18793,14,,,0,70,,18794,14,,,0,30,,18795,14,,,0,70,,18796,14,,,0,30,,18797,14,,,0,70,,18798,14,,,0,30,,18799,14,,,0,70,,18800,14,,,0,30,,18801,14,,,0,70,,18802,14,,,0,30,,18803,14,,,0,70,,18804,14,,,0,30,,18805,14,,,0,70,,18806,14,,,0,30,,18807,14,,,0,69,,18808,14,,,0,29,,18809,14,,,0,30,,18810,14,,,0,100,,18811,14,,,0,100,,18812,14,,,0
400,'259.0.2',654,,18813,14,,,0,70,,18814,14,,,0,30,,18815,14,,,0,70,,18816,14,,,0,30,,18817,14,,,0,70,,18818,14,,,0,30,,18819,14,,,0,70,,18820,14,,,0,30,,18821,14,,,0,70,,18822,14,,,0,31,,18823,14,,,0,70,,18824,14,,,0,30,,18825,14,,,0,70,,18826,14,,,0,30,,18827,14,,,0,70,,18828,14,,,0,30,,18829,14,,,0,70,,18830,14,,,0,30,,18831,14,,,0,70,,18832,14,,,0,30,,18833,14,,,0,70,,18834,14,,,0,30,,18835,14,,,0,69,,18836,14,,,0,30,,18837,14,,,0,70,,18838,14,,,0,30,,18839,14,,,0,100,,18840,14,,,0,100,,18841,14,,,0,100,,18842,14,,,0,100,,18843,14,,,0
400,'259.0.3',609,,18844,14,,,0,20,,18845,14,,,0,20,,18846,14,,,0,60,,18847,14,,,0,15,,18848,14,,,0,17,,18849,14,,,0,15,,18850,14,,,0,55,,18851,14,,,0,15,,18852,14,,,0,15,,18853,14,,,0,15,,18854,14,,,0,55,,18855,14,,,0,15,,18856,14,,,0,15,,18857,14,,,0,15,,18858,14,,,0,55,,18859,14,,,0,15,,18860,14,,,0,15,,18861,14,,,0,15,,18862,14,,,0,55,,18863,14,,,0,15,,18864,14,,,0,16,,18865,14,,,0,15,,18866,14,,,0,55,,18867,14,,,0,15,,18868,14,,,0,15,,18869,14,,,0,15,,18870,14,,,0,55,,18871,14,,,0,10,,18872,14,,,0,10,,18873,14,,,0,10,,18874,14,,,0,10,,18875,14,,,0,50,,18876,14,,,0,10,,18877,14,,,0,8,,18878,14,,,0,8,,18879,14,,,0,8,,18880,14,,,0,8,,18881,14,,,0,8,,18882,14,,,0,48,,18883,14,,,0,9,,18884,14,,,0,8,,18885,14,,,0,8,,18886,14,,,0,8,,18887,14,,,0,8,,18888,14,,,0,8,,18889,14,,,0,8,,18890,14,,,0,48,,18891,14,,,0,8,,18892,14,,,0,8,,18893,14,,,0,8,,18894,14,,,0,8,,18895,14,,,0,8,,18896,14,,,0,8,,18897,14,,,0,56,,18898,14,,,0,8,,18899,14,,,0,8,,18900,14,,,0,8,,18901,14,,,0,8,,18902,14,,,0,8,,18903,14,,,0,8,,18904,14,,,0,54,,18905,14,,,0,15,,18906,14,,,0,15,,18907,14,,,0,60,,18908,14,,,0,20,,18909,14,,,0,20,,18910,14,,,0,60,,18911,14,,,0,20,,18912,14,,,0,20,,18913,14,,,0,60,,18914,14,,,0,18,,18915,14,,,0,20,,18916,14,,,0,20,,18917,14,,,0,70,,18918,14,,,0,30,,18919,14,,,0,70,,18920,14,,,0,30,,18921,14,,,0,70,,18922,14,,,0,30,,18923,14,,,0
400,'259.1141.3',1701,,18924,14,,,0
400,'259.1143.3',1701,,18925,14,,,0
800,'259.0.1',545,,19386,10,,,0,70,,19387,10,,,0,30,,19388,10,,,0,70,,19389,10,,,0,30,,19390,10,,,0,60,,19391,10,,,0,21,,19392,10,,,0,30,,19393,10,,,0,70,,19394,10,,,0,30,,19395,10,,,0,70,,19396,10,,,0,27,,19397,10,,,0,70,,19398,10,,,0,30,,19399,10,,,0,70,,19400,10,,,0,30,,19401,10,,,0,70,,19402,10,,,0,30,,19403,10,,,0,71,,19404,10,,,0,30,,19405,10,,,0,70,,19406,10,,,0,30,,19407,10,,,0,70,,19408,10,,,0,30,,19409,10,,,0,70,,19410,10,,,0,30,,19411,10,,,0,73,,19412,10,,,0,30,,19413,10,,,0,70,,19414,10,,,0,30,,19415,10,,,0,70,,19416,10,,,0,30,,19417,10,,,0,70,,19418,10,,,0,30,,19419,10,,,0,70,,19420,10,,,0,29,,19421,10,,,0,70,,19422,10,,,0,100,,19423,10,,,0
800,'259.0.2',601,,19424,10,,,0,30,,19425,10,,,0,70,,19426,10,,,0,30,,19427,10,,,0,70,,19428,10,,,0,30,,19429,10,,,0,70,,19430,10,,,0,30,,19431,10,,,0,70,,19432,10,,,0,31,,19433,10,,,0,70,,19434,10,,,0,25,,19435,10,,,0,30,,19436,10,,,0,71,,19437,10,,,0,30,,19438,10,,,0,70,,19439,10,,,0,30,,19440,10,,,0,70,,19441,10,,,0,30,,19442,10,,,0,70,,19443,10,,,0,30,,19444,10,,,0,75,,19445,10,,,0,70,,19446,10,,,0,30,,19447,10,,,0,70,,19448,10,,,0,30,,19449,10,,,0,69,,19450,10,,,0,30,,19451,10,,,0,70,,19452,10,,,0,29,,19453,10,,,0,70,,19454,10,,,0,30,,19455,10,,,0,70,,19456,10,,,0,30,,19457,10,,,0,100,,19458,10,,,0,100,,19459,10,,,0
800,'259.0.3',533,,19462,10,,,0,70,,19463,10,,,0,30,,19464,10,,,0,70,,19465,10,,,0,31,,19466,10,,,0,71,,19467,10,,,0,30,,19468,10,,,0,70,,19469,10,,,0,30,,19470,10,,,0,20,,19471,10,,,0,60,,19472,10,,,0,20,,19473,10,,,0,20,,19474,10,,,0,60,,19475,10,,,0,20,,19476,10,,,0,20,,19477,10,,,0,60,,19478,10,,,0,20,,19479,10,,,0,20,,19480,10,,,0,60,,19481,10,,,0,20,,19482,10,,,0,20,,19483,10,,,0,60,,19484,10,,,0,20,,19485,10,,,0,20,,19486,10,,,0,63,,19487,10,,,0,20,,19488,10,,,0,20,,19489,10,,,0,60,,19490,10,,,0,20,,19491,10,,,0,20,,19492,10,,,0,60,,19493,10,,,0,20,,19494,10,,,0,76,,19495,10,,,0,10,,19510,10,,,0,10,,19496,10,,,0,70,,19497,10,,,0,30,,19498,10,,,0,70,,19499,10,,,0,30,,19500,10,,,0,70,,19501,10,,,0,30,,19502,10,,,0,70,,19503,10,,,0,30,,19504,10,,,0,70,,19505,10,,,0,30,,19506,10,,,0,70,,19507,10,,,0,30,,19508,10,,,0,70,,19509,10,,,0
