6100,'259.0.1',608,,21716,1,,,0,100,,21717,1,,,0,100,,21718,1,,,0,100,,21719,1,,,0,100,,21720,1,,,0,100,,21721,1,,,0,100,,21722,1,,,0,100,,21723,1,,,0,100,,21724,1,,,0,100,,21725,1,,,0,100,,21726,1,,,0,100,,21727,1,,,0,100,,21728,1,,,0,100,,21729,1,,,0,100,,21730,1,,,0,100,,21731,1,,,0,100,,21732,1,,,0,100,,21733,1,,,0
6100,'259.0.2',708,,21734,1,,,0,100,,21735,1,,,0,100,,21736,1,,,0,100,,21737,1,,,0,100,,21738,1,,,0,100,,21739,1,,,0,100,,21740,1,,,0,100,,21741,1,,,0,100,,21742,1,,,0,100,,21743,1,,,0,100,,21744,1,,,0,100,,21745,1,,,0,100,,21746,1,,,0,100,,21747,1,,,0,100,,21748,1,,,0,100,,21749,1,,,0
6100,'259.0.3',611,,21752,1,,,0,30,,21753,1,,,0,70,,21754,1,,,0,30,,21755,1,,,0,100,,21756,1,,,0,100,,21757,1,,,0,100,,21758,1,,,0,100,,21759,1,,,0,100,,21760,1,,,0,100,,21761,1,,,0,100,,21762,1,,,0,470,,21763,1,,,0,100,,21764,1,,,0,100,,21765,1,,,0,100,,21766,1,,,0
6101,'259.0.1',653,,21767,39,4,,0,100,,21768,39,4,,0,100,,21769,39,4,,0,103,,21770,39,4,,0,100,,21771,39,4,,0,102,,21772,39,4,,0,100,,21773,39,4,,0,100,,21774,39,4,,0,100,,21775,39,4,,0,100,,21776,39,4,,0,100,,21777,39,4,,0,100,,21778,39,4,,0,100,,21779,39,4,,0,96,,21780,39,4,,0,100,,21781,39,4,,0,98,,21782,39,4,,0,100,,21783,39,4,,0,100,,21784,39,4,,0
6101,'259.0.2',753,,21785,39,4,,0,100,,21786,39,4,,0,100,,21787,39,4,,0,100,,21788,39,4,,0,102,,21789,39,4,,0,100,,21790,39,4,,0,103,,21791,39,4,,0,100,,21792,39,4,,0,100,,21793,39,4,,0,100,,21794,39,4,,0,100,,21795,39,4,,0,96,,21796,39,4,,0,98,,21797,39,4,,0,100,,21798,39,4,,0,100,,21799,39,4,,0,100,,21800,39,4,,0
6101,'259.0.3',932,,21801,39,4,,0,98,,21802,39,4,,0,100,,21803,39,4,,0,101,,21804,39,4,,0,101,,21805,39,4,,0,100,,21806,39,4,,0,100,,21807,39,4,,0,102,,21808,39,4,,0,73,,21809,39,4,,0,35,,21810,39,4,,0,70,,21811,39,4,,0,25,,21812,39,4,,0,64,,21813,39,4,,0,58,,21814,39,4,,0,100,,21815,39,4,,0,98,,21816,39,4,,0,100,,21817,39,4,,0
6800,'259.0.1',550,,22319,1,,,0,100,,22320,1,,,0,100,,22321,1,,,0,100,,22322,1,,,0,100,,22323,1,,,0,100,,22324,1,,,0,100,,22325,1,,,0,100,,22326,1,,,0,100,,22327,1,,,0,100,,22328,1,,,0,100,,22329,1,,,0,100,,22330,1,,,0,100,,22331,1,,,0,100,,22332,1,,,0,100,,22333,1,,,0,100,,22334,1,,,0,100,,22335,1,,,0,100,,22336,1,,,0,100,,22337,1,,,0
6800,'259.0.2',650,,22338,1,,,0,100,,22339,1,,,0,100,,22340,1,,,0,100,,22341,1,,,0,100,,22342,1,,,0,100,,22343,1,,,0,100,,22344,1,,,0,100,,22345,1,,,0,100,,22346,1,,,0,100,,22347,1,,,0,100,,22348,1,,,0,100,,22349,1,,,0,100,,22350,1,,,0,100,,22351,1,,,0,100,,22352,1,,,0,100,,22353,1,,,0
6800,'259.0.3',555,,22355,1,,,0,70,,22356,1,,,0,30,,22357,1,,,0,70,,22358,1,,,0,30,,22371,1,,,0,156,,22359,1,,,0,100,,22360,1,,,0,100,,22361,1,,,0,100,,22362,1,,,0,100,,22363,1,,,0,100,,22364,1,,,0,100,,22365,1,,,0,429,,22366,1,,,0,100,,22367,1,,,0,100,,22368,1,,,0,100,,22369,1,,,0,100,,22370,1,,,0
6801,'259.0.1',633,,22372,30,4,,0,100,,22373,30,4,,0,100,,22374,30,4,,0,100,,22375,30,4,,0,102,,22376,30,4,,0,101,,22377,30,4,,0,100,,22378,30,4,,0,100,,22379,30,4,,0,100,,22380,30,4,,0,100,,22381,30,4,,0,100,,22382,30,4,,0,99,,22383,30,4,,0,100,,22384,30,4,,0,100,,22385,30,4,,0,99,,22386,30,4,,0,100,,22387,30,4,,0,100,,22388,30,4,,0,100,,22389,30,4,,0,100,,22390,30,4,,0
6801,'259.0.2',733,,22391,30,4,,0,100,,22392,30,4,,0,100,,22393,30,4,,0,100,,22394,30,4,,0,101,,22395,30,4,,0,101,,22396,30,4,,0,101,,22397,30,4,,0,100,,22398,30,4,,0,100,,22399,30,4,,0,100,,22400,30,4,,0,99,,22401,30,4,,0,100,,22402,30,4,,0,99,,22403,30,4,,0,99,,22404,30,4,,0,100,,22405,30,4,,0,100,,22406,30,4,,0
6801,'259.0.3',957,,22407,30,4,,0,100,,22408,30,4,,0,100,,22409,30,4,,0,101,,22410,30,4,,0,142,,22411,30,4,,0,100,,22412,30,4,,0,100,,22413,30,4,,0,41,,22414,30,4,,0,76,,22415,30,4,,0,31,,22416,30,4,,0,69,,22417,30,4,,0,23,,22418,30,4,,0,66,,22419,30,4,,0,119,,22420,30,4,,0,100,,22421,30,4,,0,100,,22422,30,4,,0,100,,22423,30,4,,0,100,,22424,30,4,,0
