101,'259.0.1',611,,17919,14,,,0,15,,17920,14,,,0,15,,17921,14,,,0,15,,17922,14,,,0,55,,17923,14,,,0,15,,17924,14,,,0,16,,17925,14,,,0,15,,17926,14,,,0,55,,17927,14,,,0,15,,17928,14,,,0,15,,17929,14,,,0,15,,17930,14,,,0,55,,17931,14,,,0,15,,17932,14,,,0,15,,17933,14,,,0,15,,17934,14,,,0,55,,17935,14,,,0,15,,17936,14,,,0,15,,17937,14,,,0,15,,17938,14,,,0,60,,17939,14,,,0,15,,17940,14,,,0,15,,17941,14,,,0,55,,17942,14,,,0,15,,17943,14,,,0,15,,17944,14,,,0,15,,17945,14,,,0,55,,17946,14,,,0,15,,17947,14,,,0,15,,17948,14,,,0,15,,17949,14,,,0,55,,17950,14,,,0,15,,17951,14,,,0,15,,17952,14,,,0,15,,17953,14,,,0,55,,17954,14,,,0,15,,17955,14,,,0,15,,17956,14,,,0,15,,17957,14,,,0,55,,17958,14,,,0,15,,17959,14,,,0,15,,17960,14,,,0,15,,17961,14,,,0,55,,17962,14,,,0,15,,17963,14,,,0,15,,17964,14,,,0,15,,17965,14,,,0,55,,17966,14,,,0,13,,17967,14,,,0,14,,17968,14,,,0,15,,17969,14,,,0,15,,17970,14,,,0,55,,17971,14,,,0,15,,17972,14,,,0,15,,17973,14,,,0,15,,17974,14,,,0,55,,17975,14,,,0,15,,17976,14,,,0,15,,17977,14,,,0,14,,17978,14,,,0,52,,17979,14,,,0,15,,17980,14,,,0,15,,17981,14,,,0,15,,17982,14,,,0,55,,17983,14,,,0,15,,17984,14,,,0,15,,17985,14,,,0,15,,17986,14,,,0,55,,17987,14,,,0,15,,17988,14,,,0,15,,17989,14,,,0,15,,17990,14,,,0,55,,17991,14,,,0,15,,17992,14,,,0,15,,17993,14,,,0
101,'259.0.2',610,,17994,14,,,0,25,,17995,14,,,0,15,,17996,14,,,0,55,,17997,14,,,0,15,,17998,14,,,0,15,,17999,14,,,0,15,,18000,14,,,0,55,,18001,14,,,0,15,,18002,14,,,0,15,,18003,14,,,0,16,,18004,14,,,0,55,,18005,14,,,0,15,,18006,14,,,0,15,,18007,14,,,0,15,,18008,14,,,0,55,,18009,14,,,0,15,,18010,14,,,0,15,,18011,14,,,0,15,,18012,14,,,0,55,,18013,14,,,0,17,,18014,14,,,0,16,,18015,14,,,0,15,,18016,14,,,0,55,,18017,14,,,0,15,,18018,14,,,0,15,,18019,14,,,0,15,,18020,14,,,0,55,,18021,14,,,0,15,,18022,14,,,0,15,,18023,14,,,0,15,,18024,14,,,0,55,,18025,14,,,0,15,,18026,14,,,0,15,,18027,14,,,0,15,,18028,14,,,0,55,,18029,14,,,0,15,,18030,14,,,0,15,,18031,14,,,0,15,,18032,14,,,0,55,,18033,14,,,0,15,,18034,14,,,0,15,,18035,14,,,0,15,,18036,14,,,0,55,,18037,14,,,0,15,,18038,14,,,0,15,,18039,14,,,0,15,,18040,14,,,0,55,,18041,14,,,0,13,,18042,14,,,0,13,,18043,14,,,0,15,,18044,14,,,0,55,,18045,14,,,0,15,,18046,14,,,0,15,,18047,14,,,0,15,,18048,14,,,0,55,,18049,14,,,0,30,,18050,14,,,0,70,,18051,14,,,0,30,,18052,14,,,0,70,,18053,14,,,0,30,,18054,14,,,0,70,,18055,14,,,0,30,,18056,14,,,0,70,,18057,14,,,0
101,'259.0.3',558,,18058,14,,,0,70,,18059,14,,,0,13,,18060,14,,,0,15,,18061,14,,,0,55,,18062,14,,,0,10,,18063,14,,,0,10,,18064,14,,,0,14,,18065,14,,,0,12,,18066,14,,,0,50,,18067,14,,,0,10,,18068,14,,,0,10,,18069,14,,,0,12,,18070,14,,,0,10,,18071,14,,,0,8,,18072,14,,,0,48,,18073,14,,,0,10,,18074,14,,,0,10,,18075,14,,,0,10,,18076,14,,,0,10,,18077,14,,,0,10,,18078,14,,,0,49,,18079,14,,,0,9,,18080,14,,,0,10,,18081,14,,,0,10,,18082,14,,,0,10,,18083,14,,,0,10,,18084,14,,,0,50,,18085,14,,,0,10,,18086,14,,,0,10,,18087,14,,,0,11,,18088,14,,,0,10,,18089,14,,,0,10,,18090,14,,,0,50,,18091,14,,,0,10,,18092,14,,,0,10,,18093,14,,,0,10,,18094,14,,,0,10,,18095,14,,,0,10,,18096,14,,,0,50,,18097,14,,,0,10,,18098,14,,,0,10,,18099,14,,,0,10,,18100,14,,,0,10,,18101,14,,,0,10,,18102,14,,,0,50,,18103,14,,,0,10,,18104,14,,,0,10,,18105,14,,,0,10,,18106,14,,,0,10,,18107,14,,,0,10,,18108,14,,,0,50,,18109,14,,,0,10,,18110,14,,,0,10,,18111,14,,,0,11,,18112,14,,,0,12,,18113,14,,,0,12,,18114,14,,,0,50,,18115,14,,,0,10,,18116,14,,,0,10,,18117,14,,,0,10,,18118,14,,,0,10,,18119,14,,,0,10,,18120,14,,,0,50,,18121,14,,,0,10,,18122,14,,,0,10,,18123,14,,,0,10,,18124,14,,,0,10,,18125,14,,,0,10,,18126,14,,,0,48,,18127,14,,,0,7,,18128,14,,,0,9,,18129,14,,,0,10,,18130,14,,,0,10,,18131,14,,,0,10,,18132,14,,,0,50,,18133,14,,,0,10,,18134,14,,,0,10,,18135,14,,,0,10,,18136,14,,,0,10,,18137,14,,,0,10,,18138,14,,,0,49,,18139,14,,,0,9,,18140,14,,,0,9,,18141,14,,,0,10,,18142,14,,,0,10,,18143,14,,,0,10,,18144,14,,,0,50,,18145,14,,,0,10,,18146,14,,,0,10,,18147,14,,,0,10,,18148,14,,,0,10,,18149,14,,,0,10,,18150,14,,,0,50,,18151,14,,,0,10,,18152,14,,,0,10,,18153,14,,,0,15,,18154,14,,,0,15,,18155,14,,,0,55,,18156,14,,,0,15,,18157,14,,,0,15,,18158,14,,,0,15,,18159,14,,,0,55,,18160,14,,,0,15,,18161,14,,,0,15,,18162,14,,,0,15,,18163,14,,,0,55,,18164,14,,,0
400,'259.0.1',558,,18780,12,,,0,100,,18781,12,,,0,100,,18782,12,,,0,70,,18783,12,,,0,30,,18784,12,,,0,71,,18785,12,,,0,71,,18786,12,,,0,30,,18787,12,,,0,70,,18788,12,,,0,30,,18789,12,,,0,70,,18790,12,,,0,30,,18791,12,,,0,70,,18792,12,,,0,30,,18793,12,,,0,70,,18794,12,,,0,30,,18795,12,,,0,70,,18796,12,,,0,30,,18797,12,,,0,70,,18798,12,,,0,30,,18799,12,,,0,70,,18800,12,,,0,30,,18801,12,,,0,70,,18802,12,,,0,30,,18803,12,,,0,70,,18804,12,,,0,30,,18805,12,,,0,70,,18806,12,,,0,30,,18807,12,,,0,70,,18808,12,,,0,28,,18809,12,,,0,30,,18810,12,,,0,100,,18811,12,,,0,100,,18812,12,,,0
400,'259.0.2',653,,18813,12,,,0,70,,18814,12,,,0,30,,18815,12,,,0,70,,18816,12,,,0,30,,18817,12,,,0,70,,18818,12,,,0,30,,18819,12,,,0,70,,18820,12,,,0,30,,18821,12,,,0,70,,18822,12,,,0,31,,18823,12,,,0,70,,18824,12,,,0,30,,18825,12,,,0,70,,18826,12,,,0,30,,18827,12,,,0,70,,18828,12,,,0,30,,18829,12,,,0,70,,18830,12,,,0,30,,18831,12,,,0,70,,18832,12,,,0,30,,18833,12,,,0,70,,18834,12,,,0,30,,18835,12,,,0,69,,18836,12,,,0,30,,18837,12,,,0,70,,18838,12,,,0,30,,18839,12,,,0,100,,18840,12,,,0,100,,18841,12,,,0,100,,18842,12,,,0,100,,18843,12,,,0
400,'259.0.3',608,,18844,12,,,0,20,,18845,12,,,0,20,,18846,12,,,0,60,,18847,12,,,0,15,,18848,12,,,0,17,,18849,12,,,0,15,,18850,12,,,0,55,,18851,12,,,0,15,,18852,12,,,0,15,,18853,12,,,0,15,,18854,12,,,0,55,,18855,12,,,0,15,,18856,12,,,0,15,,18857,12,,,0,15,,18858,12,,,0,55,,18859,12,,,0,15,,18860,12,,,0,15,,18861,12,,,0,15,,18862,12,,,0,55,,18863,12,,,0,15,,18864,12,,,0,16,,18865,12,,,0,15,,18866,12,,,0,55,,18867,12,,,0,15,,18868,12,,,0,15,,18869,12,,,0,15,,18870,12,,,0,55,,18871,12,,,0,10,,18872,12,,,0,10,,18873,12,,,0,10,,18874,12,,,0,10,,18875,12,,,0,50,,18876,12,,,0,10,,18877,12,,,0,8,,18878,12,,,0,8,,18879,12,,,0,8,,18880,12,,,0,8,,18881,12,,,0,8,,18882,12,,,0,8,,18883,12,,,0,49,,18884,12,,,0,8,,18885,12,,,0,8,,18886,12,,,0,8,,18887,12,,,0,8,,18888,12,,,0,8,,18889,12,,,0,8,,18890,12,,,0,48,,18891,12,,,0,8,,18892,12,,,0,8,,18893,12,,,0,8,,18894,12,,,0,8,,18895,12,,,0,8,,18896,12,,,0,8,,18897,12,,,0,56,,18898,12,,,0,8,,18899,12,,,0,8,,18900,12,,,0,8,,18901,12,,,0,8,,18902,12,,,0,8,,18903,12,,,0,8,,18904,12,,,0,54,,18905,12,,,0,15,,18906,12,,,0,15,,18907,12,,,0,60,,18908,12,,,0,20,,18909,12,,,0,20,,18910,12,,,0,60,,18911,12,,,0,20,,18912,12,,,0,20,,18913,12,,,0,60,,18914,12,,,0,19,,18915,12,,,0,20,,18916,12,,,0,20,,18917,12,,,0,70,,18918,12,,,0,30,,18919,12,,,0,70,,18920,12,,,0,30,,18921,12,,,0,70,,18922,12,,,0,30,,18923,12,,,0
400,'259.1141.3',1700,,18924,12,,,0
400,'259.1143.3',1700,,18925,12,,,0
800,'259.0.1',544,,19386,8,,,0,70,,19387,8,,,0,30,,19388,8,,,0,70,,19389,8,,,0,30,,19390,8,,,0,60,,19391,8,,,0,21,,19392,8,,,0,30,,19393,8,,,0,70,,19394,8,,,0,30,,19395,8,,,0,70,,19396,8,,,0,27,,19397,8,,,0,70,,19398,8,,,0,30,,19399,8,,,0,70,,19400,8,,,0,30,,19401,8,,,0,70,,19402,8,,,0,30,,19403,8,,,0,70,,19404,8,,,0,30,,19405,8,,,0,70,,19406,8,,,0,30,,19407,8,,,0,70,,19408,8,,,0,30,,19409,8,,,0,70,,19410,8,,,0,30,,19411,8,,,0,74,,19412,8,,,0,30,,19413,8,,,0,70,,19414,8,,,0,30,,19415,8,,,0,70,,19416,8,,,0,30,,19417,8,,,0,70,,19418,8,,,0,30,,19419,8,,,0,70,,19420,8,,,0,29,,19421,8,,,0,70,,19422,8,,,0,100,,19423,8,,,0
800,'259.0.2',600,,19424,8,,,0,30,,19425,8,,,0,70,,19426,8,,,0,30,,19427,8,,,0,70,,19428,8,,,0,30,,19429,8,,,0,70,,19430,8,,,0,30,,19431,8,,,0,70,,19432,8,,,0,31,,19433,8,,,0,70,,19434,8,,,0,25,,19435,8,,,0,30,,19436,8,,,0,71,,19437,8,,,0,30,,19438,8,,,0,70,,19439,8,,,0,30,,19440,8,,,0,70,,19441,8,,,0,30,,19442,8,,,0,70,,19443,8,,,0,30,,19444,8,,,0,75,,19445,8,,,0,70,,19446,8,,,0,30,,19447,8,,,0,70,,19448,8,,,0,30,,19449,8,,,0,69,,19450,8,,,0,30,,19451,8,,,0,70,,19452,8,,,0,29,,19453,8,,,0,70,,19454,8,,,0,30,,19455,8,,,0,70,,19456,8,,,0,30,,19457,8,,,0,100,,19458,8,,,0,100,,19459,8,,,0
800,'259.0.3',532,,19462,8,,,0,70,,19463,8,,,0,30,,19464,8,,,0,70,,19465,8,,,0,31,,19466,8,,,0,71,,19467,8,,,0,30,,19468,8,,,0,70,,19469,8,,,0,30,,19470,8,,,0,20,,19471,8,,,0,60,,19472,8,,,0,20,,19473,8,,,0,20,,19474,8,,,0,60,,19475,8,,,0,20,,19476,8,,,0,20,,19477,8,,,0,60,,19478,8,,,0,20,,19479,8,,,0,20,,19480,8,,,0,60,,19481,8,,,0,20,,19482,8,,,0,20,,19483,8,,,0,60,,19484,8,,,0,20,,19485,8,,,0,20,,19486,8,,,0,62,,19487,8,,,0,20,,19488,8,,,0,20,,19489,8,,,0,60,,19490,8,,,0,20,,19491,8,,,0,20,,19492,8,,,0,60,,19493,8,,,0,20,,19494,8,,,0,77,,19495,8,,,0,10,,19510,8,,,0,10,,19496,8,,,0,70,,19497,8,,,0,30,,19498,8,,,0,70,,19499,8,,,0,30,,19500,8,,,0,70,,19501,8,,,0,30,,19502,8,,,0,70,,19503,8,,,0,30,,19504,8,,,0,70,,19505,8,,,0,30,,19506,8,,,0,70,,19507,8,,,0,30,,19508,8,,,0,70,,19509,8,,,0
12301,'259.0.3',1527,,23715,5,,,0,30,,23717,5,,,0,70,,23718,5,,,0,30,,23707,5,,,0,70,,23712,5,,,0,29,,23716,5,,,0,70,,23719,5,,,0
12701,'259.0.3',1544,,23729,5,,,0,15,,23730,5,,,0,55,,23731,5,,,0,45,,23732,5,,,0,55,,23733,5,,,0,15,,23734,5,,,0,15,,23735,5,,,0
12701,'259.1141.3',1624,,23736,5,,,0,20,,23737,5,,,0
12701,'259.1143.3',1624,,23738,5,,,0,20,,23739,5,,,0
18201,'259.0.3',620,,23862,53,,,0,15,,23863,53,,,0,15,,23864,53,,,0,56,,23865,53,,,0,19,,23866,53,,,0,18,,23867,53,,,0,58,,23868,53,,,0,13,,23874,53,,,0,15,,23869,53,,,0,15,,23870,53,,,0,15,,23871,53,,,0,55,,23873,53,,,0,15,,23872,53,,,0
18301,'259.0.3',653,,23882,29,,,0,72,,23883,29,,,0,79,,23884,29,,,0,30,,23885,29,,,0,70,,23886,29,,,0,30,,23887,29,,,0
18501,'259.0.3',631,,23902,34,,,0,22,,23912,34,,,0,49,,23903,34,,,0,16,,23904,34,,,0,16,,23905,34,,,0,21,,23911,34,,,0,58,,23906,34,,,0,14,,23907,34,,,0,15,,23908,34,,,0,15,,23909,34,,,0,55,,23910,34,,,0,15,,23913,34,,,0
18601,'259.0.3',638,,23920,33,,,0,72,,23921,33,,,0,33,,23922,33,,,0,77,,23923,33,,,0,29,,23924,33,,,0,70,,23925,33,,,0
19201,'259.0.3',651,,23937,24,,,0,70,,23932,24,,,0,30,,23933,24,,,0,70,,23934,24,,,0,30,,23935,24,,,0,70,,23936,24,,,0
19400,'259.0.3',722,,23938,20,,,0,30,,23939,20,,,0,69,,23940,20,,,0,30,,23941,20,,,0
19601,'259.0.3',722,,23950,35,,,0,29,,23951,35,,,0,65,,23952,35,,,0,34,,23953,35,,,0
1000900,'259.0.1',653,,24530,8,,,0,100,,24531,8,,,0,100,,24532,8,,,0,95,,24533,8,,,0,100,,24534,8,,,0,96,,24535,8,,,0,100,,24536,8,,,0,100,,24537,8,,,0,100,,24538,8,,,0,100,,24539,8,,,0,100,,24540,8,,,0,100,,24541,8,,,0,100,,24542,8,,,0,104,,24543,8,,,0,100,,24544,8,,,0,100,,24545,8,,,0,100,,24546,8,,,0,100,,24547,8,,,0
1000900,'259.0.2',651,,24548,8,,,0,96,,24549,8,,,0,100,,24550,8,,,0,100,,24551,8,,,0,101,,24552,8,,,0,100,,24553,8,,,0,100,,24554,8,,,0,100,,24555,8,,,0,100,,24556,8,,,0,100,,24557,8,,,0,100,,24558,8,,,0,100,,24559,8,,,0,100,,24560,8,,,0,100,,24561,8,,,0,101,,24562,8,,,0,100,,24563,8,,,0,100,,24564,8,,,0,100,,24565,8,,,0
1000900,'259.0.3',605,,24566,8,,,0,30,,24567,8,,,0,70,,24568,8,,,0,30,,24569,8,,,0,71,,24570,8,,,0,29,,24571,8,,,0,12,,24572,8,,,0,55,,24573,8,,,0,30,,24574,8,,,0,15,,24575,8,,,0,55,,24576,8,,,0,30,,24577,8,,,0,15,,24578,8,,,0,12,,24579,8,,,0,67,,24580,8,,,0,15,,24581,8,,,0,15,,24582,8,,,0,70,,24583,8,,,0,15,,24584,8,,,0,15,,24585,8,,,0,70,,24586,8,,,0,15,,24587,8,,,0,15,,24588,8,,,0,70,,24589,8,,,0,26,,24590,8,,,0,60,,24591,8,,,0,9,,24592,8,,,0,19,,24593,8,,,0,10,,24594,8,,,0,60,,24595,8,,,0,10,,24596,8,,,0,20,,24597,8,,,0,10,,24598,8,,,0,50,,24599,8,,,0,21,,24600,8,,,0,9,,24601,8,,,0,7,,24602,8,,,0,16,,24603,8,,,0,50,,24604,8,,,0,20,,24605,8,,,0,10,,24606,8,,,0,70,,24607,8,,,0,30,,24608,8,,,0,70,,24609,8,,,0,30,,24610,8,,,0,70,,24611,8,,,0,29,,24612,8,,,0,15,,24613,8,,,0,55,,24614,8,,,0,35,,24615,8,,,0,20,,24616,8,,,0,80,,24617,8,,,0,20,,24618,8,,,0,80,,24619,8,,,0
2000900,'259.0.1',622,,25574,8,,,0,100,,25575,8,,,0,100,,25576,8,,,0,96,,25577,8,,,0,100,,25578,8,,,0,100,,25579,8,,,0,96,,25580,8,,,0,100,,25581,8,,,0,100,,25582,8,,,0,100,,25583,8,,,0,100,,25584,8,,,0,100,,25585,8,,,0,100,,25586,8,,,0,104,,25587,8,,,0,100,,25588,8,,,0,100,,25589,8,,,0,100,,25590,8,,,0,100,,25591,8,,,0,100,,25592,8,,,0
2000900,'259.0.2',621,,25593,8,,,0,97,,25594,8,,,0,98,,25595,8,,,0,100,,25596,8,,,0,102,,25597,8,,,0,100,,25598,8,,,0,100,,25599,8,,,0,100,,25600,8,,,0,100,,25601,8,,,0,100,,25602,8,,,0,100,,25603,8,,,0,100,,25604,8,,,0,100,,25605,8,,,0,100,,25606,8,,,0,100,,25607,8,,,0,100,,25608,8,,,0,100,,25609,8,,,0,100,,25610,8,,,0,100,,25611,8,,,0
2000900,'259.0.3',619,,25614,8,,,0,30,,25615,8,,,0,70,,25616,8,,,0,27,,25617,8,,,0,70,,25618,8,,,0,100,,25619,8,,,0,100,,25620,8,,,0,96,,25621,8,,,0,96,,25622,8,,,0,100,,25623,8,,,0,100,,25624,8,,,0,28,,25625,8,,,0,65,,25626,8,,,0,29,,25627,8,,,0,70,,25628,8,,,0,30,,25629,8,,,0,80,,25630,8,,,0,33,,25631,8,,,0,70,,25632,8,,,0,30,,25633,8,,,0,70,,25634,8,,,0,30,,25635,8,,,0,70,,25636,8,,,0,30,,25637,8,,,0,68,,25638,8,,,0,100,,25639,8,,,0,100,,25640,8,,,0,100,,25641,8,,,0,100,,25642,8,,,0
