101,'259.0.1',606,,17919,8,,,0,15,,17920,8,,,0,15,,17921,8,,,0,15,,17922,8,,,0,55,,17923,8,,,0,15,,17924,8,,,0,16,,17925,8,,,0,15,,17926,8,,,0,55,,17927,8,,,0,15,,17928,8,,,0,15,,17929,8,,,0,15,,17930,8,,,0,55,,17931,8,,,0,15,,17932,8,,,0,15,,17933,8,,,0,15,,17934,8,,,0,55,,17935,8,,,0,15,,17936,8,,,0,15,,17937,8,,,0,15,,17938,8,,,0,58,,17939,8,,,0,15,,17940,8,,,0,15,,17941,8,,,0,15,,17942,8,,,0,55,,17943,8,,,0,15,,17944,8,,,0,15,,17945,8,,,0,15,,17946,8,,,0,55,,17947,8,,,0,15,,17948,8,,,0,15,,17949,8,,,0,15,,17950,8,,,0,55,,17951,8,,,0,15,,17952,8,,,0,15,,17953,8,,,0,15,,17954,8,,,0,55,,17955,8,,,0,15,,17956,8,,,0,15,,17957,8,,,0,15,,17958,8,,,0,55,,17959,8,,,0,15,,17960,8,,,0,15,,17961,8,,,0,15,,17962,8,,,0,55,,17963,8,,,0,15,,17964,8,,,0,15,,17965,8,,,0,15,,17966,8,,,0,55,,17967,8,,,0,14,,17968,8,,,0,15,,17969,8,,,0,15,,17970,8,,,0,55,,17971,8,,,0,15,,17972,8,,,0,15,,17973,8,,,0,15,,17974,8,,,0,55,,17975,8,,,0,15,,17976,8,,,0,15,,17977,8,,,0,14,,17978,8,,,0,52,,17979,8,,,0,15,,17980,8,,,0,15,,17981,8,,,0,15,,17982,8,,,0,55,,17983,8,,,0,15,,17984,8,,,0,15,,17985,8,,,0,15,,17986,8,,,0,55,,17987,8,,,0,15,,17988,8,,,0,15,,17989,8,,,0,15,,17990,8,,,0,55,,17991,8,,,0,15,,17992,8,,,0,15,,17993,8,,,0
101,'259.0.2',605,,17994,8,,,0,25,,17995,8,,,0,15,,17996,8,,,0,55,,17997,8,,,0,15,,17998,8,,,0,15,,17999,8,,,0,15,,18000,8,,,0,55,,18001,8,,,0,15,,18002,8,,,0,15,,18003,8,,,0,16,,18004,8,,,0,55,,18005,8,,,0,15,,18006,8,,,0,15,,18007,8,,,0,15,,18008,8,,,0,55,,18009,8,,,0,15,,18010,8,,,0,15,,18011,8,,,0,15,,18012,8,,,0,55,,18013,8,,,0,16,,18014,8,,,0,16,,18015,8,,,0,15,,18016,8,,,0,55,,18017,8,,,0,15,,18018,8,,,0,15,,18019,8,,,0,15,,18020,8,,,0,55,,18021,8,,,0,15,,18022,8,,,0,15,,18023,8,,,0,15,,18024,8,,,0,55,,18025,8,,,0,15,,18026,8,,,0,15,,18027,8,,,0,15,,18028,8,,,0,55,,18029,8,,,0,15,,18030,8,,,0,15,,18031,8,,,0,15,,18032,8,,,0,55,,18033,8,,,0,15,,18034,8,,,0,15,,18035,8,,,0,15,,18036,8,,,0,55,,18037,8,,,0,15,,18038,8,,,0,15,,18039,8,,,0,15,,18040,8,,,0,55,,18041,8,,,0,14,,18042,8,,,0,13,,18043,8,,,0,15,,18044,8,,,0,55,,18045,8,,,0,15,,18046,8,,,0,15,,18047,8,,,0,15,,18048,8,,,0,55,,18049,8,,,0,30,,18050,8,,,0,70,,18051,8,,,0,30,,18052,8,,,0,70,,18053,8,,,0,30,,18054,8,,,0,70,,18055,8,,,0,30,,18056,8,,,0,70,,18057,8,,,0
101,'259.0.3',553,,18058,8,,,0,70,,18059,8,,,0,13,,18060,8,,,0,15,,18061,8,,,0,55,,18062,8,,,0,10,,18063,8,,,0,10,,18064,8,,,0,14,,18065,8,,,0,12,,18066,8,,,0,50,,18067,8,,,0,10,,18068,8,,,0,10,,18069,8,,,0,12,,18070,8,,,0,10,,18071,8,,,0,8,,18072,8,,,0,48,,18073,8,,,0,10,,18074,8,,,0,10,,18075,8,,,0,10,,18076,8,,,0,10,,18077,8,,,0,10,,18078,8,,,0,9,,18079,8,,,0,49,,18080,8,,,0,10,,18081,8,,,0,10,,18082,8,,,0,10,,18083,8,,,0,10,,18084,8,,,0,10,,18085,8,,,0,50,,18086,8,,,0,10,,18087,8,,,0,10,,18088,8,,,0,10,,18089,8,,,0,10,,18090,8,,,0,10,,18091,8,,,0,50,,18092,8,,,0,10,,18093,8,,,0,10,,18094,8,,,0,10,,18095,8,,,0,10,,18096,8,,,0,10,,18097,8,,,0,50,,18098,8,,,0,10,,18099,8,,,0,10,,18100,8,,,0,10,,18101,8,,,0,10,,18102,8,,,0,10,,18103,8,,,0,50,,18104,8,,,0,10,,18105,8,,,0,10,,18106,8,,,0,10,,18107,8,,,0,10,,18108,8,,,0,10,,18109,8,,,0,50,,18110,8,,,0,10,,18111,8,,,0,10,,18112,8,,,0,12,,18113,8,,,0,12,,18114,8,,,0,50,,18115,8,,,0,10,,18116,8,,,0,10,,18117,8,,,0,10,,18118,8,,,0,10,,18119,8,,,0,10,,18120,8,,,0,50,,18121,8,,,0,10,,18122,8,,,0,10,,18123,8,,,0,10,,18124,8,,,0,10,,18125,8,,,0,10,,18126,8,,,0,50,,18127,8,,,0,7,,18128,8,,,0,9,,18129,8,,,0,10,,18130,8,,,0,10,,18131,8,,,0,10,,18132,8,,,0,10,,18133,8,,,0,50,,18134,8,,,0,10,,18135,8,,,0,10,,18136,8,,,0,10,,18137,8,,,0,10,,18138,8,,,0,9,,18139,8,,,0,49,,18140,8,,,0,9,,18141,8,,,0,10,,18142,8,,,0,10,,18143,8,,,0,10,,18144,8,,,0,10,,18145,8,,,0,50,,18146,8,,,0,10,,18147,8,,,0,10,,18148,8,,,0,10,,18149,8,,,0,10,,18150,8,,,0,10,,18151,8,,,0,50,,18152,8,,,0,10,,18153,8,,,0,15,,18154,8,,,0,15,,18155,8,,,0,55,,18156,8,,,0,15,,18157,8,,,0,15,,18158,8,,,0,15,,18159,8,,,0,55,,18160,8,,,0,15,,18161,8,,,0,15,,18162,8,,,0,15,,18163,8,,,0,55,,18164,8,,,0
800,'259.0.1',540,,19386,2,,,0,70,,19387,2,,,0,30,,19388,2,,,0,70,,19389,2,,,0,30,,19390,2,,,0,60,,19391,2,,,0,20,,19392,2,,,0,30,,19393,2,,,0,70,,19394,2,,,0,30,,19395,2,,,0,70,,19396,2,,,0,26,,19397,2,,,0,70,,19398,2,,,0,30,,19399,2,,,0,70,,19400,2,,,0,30,,19401,2,,,0,70,,19402,2,,,0,30,,19403,2,,,0,70,,19404,2,,,0,30,,19405,2,,,0,70,,19406,2,,,0,30,,19407,2,,,0,70,,19408,2,,,0,30,,19409,2,,,0,70,,19410,2,,,0,30,,19411,2,,,0,74,,19412,2,,,0,30,,19413,2,,,0,70,,19414,2,,,0,30,,19415,2,,,0,70,,19416,2,,,0,30,,19417,2,,,0,70,,19418,2,,,0,30,,19419,2,,,0,70,,19420,2,,,0,30,,19421,2,,,0,70,,19422,2,,,0,100,,19423,2,,,0
800,'259.0.2',555,,19424,2,,,0,70,,19425,2,,,0,30,,19426,2,,,0,70,,19427,2,,,0,30,,19428,2,,,0,70,,19429,2,,,0,30,,19430,2,,,0,70,,19431,2,,,0,30,,19432,2,,,0,70,,19433,2,,,0,30,,19434,2,,,0,65,,19435,2,,,0,30,,19436,2,,,0,71,,19437,2,,,0,30,,19438,2,,,0,70,,19439,2,,,0,30,,19440,2,,,0,70,,19441,2,,,0,30,,19442,2,,,0,70,,19443,2,,,0,30,,19444,2,,,0,75,,19445,2,,,0,30,,19446,2,,,0,70,,19447,2,,,0,30,,19448,2,,,0,70,,19449,2,,,0,29,,19450,2,,,0,70,,19451,2,,,0,30,,19452,2,,,0,70,,19453,2,,,0,30,,19454,2,,,0,70,,19455,2,,,0,30,,19456,2,,,0,70,,19457,2,,,0,100,,19458,2,,,0,100,,19459,2,,,0
800,'259.0.3',527,,19462,2,,,0,30,,19463,2,,,0,70,,19464,2,,,0,30,,19465,2,,,0,71,,19466,2,,,0,31,,19467,2,,,0,70,,19468,2,,,0,30,,19469,2,,,0,70,,19470,2,,,0,20,,19471,2,,,0,60,,19472,2,,,0,20,,19473,2,,,0,20,,19474,2,,,0,60,,19475,2,,,0,20,,19476,2,,,0,20,,19477,2,,,0,60,,19478,2,,,0,20,,19479,2,,,0,20,,19480,2,,,0,60,,19481,2,,,0,20,,19482,2,,,0,20,,19483,2,,,0,60,,19484,2,,,0,20,,19485,2,,,0,20,,19486,2,,,0,60,,19487,2,,,0,20,,19488,2,,,0,20,,19489,2,,,0,60,,19490,2,,,0,20,,19491,2,,,0,20,,19492,2,,,0,60,,19493,2,,,0,20,,19494,2,,,0,79,,19495,2,,,0,10,,19510,2,,,0,10,,19496,2,,,0,30,,19497,2,,,0,70,,19498,2,,,0,30,,19499,2,,,0,70,,19500,2,,,0,30,,19501,2,,,0,69,,19502,2,,,0,30,,19503,2,,,0,70,,19504,2,,,0,30,,19505,2,,,0,70,,19506,2,,,0,30,,19507,2,,,0,70,,19508,2,,,0,30,,19509,2,,,0
12301,'259.0.3',1521,,23715,2,,,0,30,,23717,2,,,0,70,,23718,2,,,0,30,,23707,2,,,0,70,,23712,2,,,0,30,,23716,2,,,0,70,,23719,2,,,0
12701,'259.0.3',1538,,23729,2,,,0,15,,23730,2,,,0,55,,23731,2,,,0,45,,23732,2,,,0,55,,23733,2,,,0,15,,23734,2,,,0,15,,23735,2,,,0
12701,'259.1141.3',1618,,23736,2,,,0,20,,23737,2,,,0
12701,'259.1143.3',1618,,23738,2,,,0,20,,23739,2,,,0
13500,'259.0.3',657,,23740,33,,,0,70,,23741,33,,,0,30,,23742,33,,,0,55,,23743,33,,,0,15,,23744,33,,,0,15,,23745,33,,,0
13500,'259.1141.3',742,,23746,33,,,0
13500,'259.1143.3',742,,23747,33,,,0
13600,'259.0.3',646,,23755,35,,,0,70,,23756,35,,,0,16,,23757,35,,,0,15,,23758,35,,,0,55,,23759,35,,,0,16,,23760,35,,,0,9,,23761,35,,,0,20,,23762,35,,,0
13700,'259.0.3',651,,23775,29,,,0,70,,23771,29,,,0,21,,23776,29,,,0,10,,23772,29,,,0,70,,23773,29,,,0,30,,23774,29,,,0
13800,'259.0.3',636,,23783,40,,,0,70,,23784,40,,,0,15,,23785,40,,,0,16,,23786,40,,,0,70,,23787,40,,,0,5,,23788,40,,,0,25,,23789,40,,,0
15801,'259.0.3',735,,23801,29,,,0,71,,23804,29,,,0,29,,23802,29,,,0,69,,23803,29,,,0
15901,'259.0.3',622,,23814,29,,,0,24,,23822,29,,,0,56,,23815,29,,,0,23,,23816,29,,,0,23,,23817,29,,,0,62,,23818,29,,,0,19,,23819,29,,,0,21,,23820,29,,,0,57,,23821,29,,,0
16100,'259.0.3',626,,23823,42,,,0,30,,23824,42,,,0,74,,23825,42,,,0,73,,23826,42,,,0,30,,23827,42,,,0,69,,23828,42,,,0
16501,'259.0.3',643,,23841,30,,,0,70,,23842,30,,,0,36,,23843,30,,,0,73,,23844,30,,,0,30,,23845,30,,,0,70,,23846,30,,,0
18201,'259.0.3',612,,23862,50,,,0,15,,23863,50,,,0,15,,23864,50,,,0,16,,23865,50,,,0,59,,23866,50,,,0,16,,23867,50,,,0,17,,23868,50,,,0,52,,23874,50,,,0,15,,23869,50,,,0,15,,23870,50,,,0,15,,23871,50,,,0,55,,23873,50,,,0,15,,23872,50,,,0
18301,'259.0.3',645,,23882,26,,,0,72,,23883,26,,,0,35,,23884,26,,,0,70,,23885,26,,,0,30,,23886,26,,,0,70,,23887,26,,,0
18501,'259.0.3',623,,23902,31,,,0,18,,23912,31,,,0,13,,23903,31,,,0,56,,23904,31,,,0,16,,23905,31,,,0,17,,23911,31,,,0,58,,23906,31,,,0,14,,23907,31,,,0,15,,23908,31,,,0,15,,23909,31,,,0,55,,23910,31,,,0,15,,23913,31,,,0
18601,'259.0.3',630,,23920,30,,,0,72,,23921,30,,,0,31,,23922,30,,,0,75,,23923,30,,,0,29,,23924,30,,,0,70,,23925,30,,,0
19201,'259.0.3',644,,23937,21,,,0,70,,23932,21,,,0,30,,23933,21,,,0,70,,23934,21,,,0,30,,23935,21,,,0,70,,23936,21,,,0
19400,'259.0.3',714,,23938,17,,,0,30,,23939,17,,,0,69,,23940,17,,,0,30,,23941,17,,,0
19601,'259.0.3',716,,23950,32,,,0,29,,23951,32,,,0,65,,23952,32,,,0,34,,23953,32,,,0
1000701,'259.0.1',620,,24368,2,,,0,20,,24369,2,,,0,60,,24370,2,,,0,20,,24371,2,,,0,20,,24372,2,,,0,60,,24373,2,,,0,20,,24374,2,,,0,21,,24375,2,,,0,60,,24376,2,,,0,20,,24377,2,,,0,20,,24378,2,,,0,60,,24379,2,,,0,20,,24380,2,,,0,20,,24381,2,,,0,60,,24382,2,,,0,20,,24383,2,,,0,20,,24384,2,,,0,60,,24385,2,,,0,20,,24386,2,,,0,20,,24387,2,,,0,60,,24388,2,,,0,20,,24389,2,,,0,20,,24390,2,,,0,60,,24391,2,,,0,20,,24392,2,,,0,20,,24393,2,,,0,60,,24394,2,,,0,20,,24395,2,,,0,20,,24396,2,,,0,60,,24397,2,,,0,20,,24398,2,,,0,20,,24399,2,,,0,60,,24400,2,,,0,20,,24401,2,,,0,20,,24402,2,,,0,60,,24403,2,,,0,20,,24404,2,,,0,20,,24405,2,,,0,60,,24406,2,,,0,20,,24407,2,,,0,20,,24408,2,,,0,60,,24409,2,,,0,20,,24410,2,,,0,20,,24411,2,,,0,60,,24412,2,,,0,20,,24413,2,,,0,20,,24414,2,,,0,60,,24415,2,,,0,20,,24416,2,,,0,20,,24417,2,,,0,60,,24418,2,,,0,20,,24419,2,,,0,20,,24420,2,,,0,60,,24421,2,,,0
1000701,'259.0.2',620,,24422,2,,,0,30,,24423,2,,,0,70,,24424,2,,,0,30,,24425,2,,,0,70,,24426,2,,,0,30,,24427,2,,,0,71,,24428,2,,,0,30,,24429,2,,,0,70,,24430,2,,,0,30,,24431,2,,,0,70,,24432,2,,,0,30,,24433,2,,,0,70,,24434,2,,,0,30,,24435,2,,,0,70,,24436,2,,,0,30,,24437,2,,,0,70,,24438,2,,,0,30,,24439,2,,,0,70,,24440,2,,,0,30,,24441,2,,,0,70,,24442,2,,,0,30,,24443,2,,,0,70,,24444,2,,,0,30,,24445,2,,,0,70,,24446,2,,,0,30,,24447,2,,,0,70,,24448,2,,,0,30,,24449,2,,,0,70,,24450,2,,,0,29,,24451,2,,,0,70,,24452,2,,,0,30,,24453,2,,,0,70,,24454,2,,,0,30,,24455,2,,,0,70,,24456,2,,,0,30,,24457,2,,,0
1000701,'259.0.3',604,,24458,2,,,0,15,,24459,2,,,0,15,,24460,2,,,0,15,,24461,2,,,0,55,,24462,2,,,0,17,,24463,2,,,0,20,,24464,2,,,0,15,,24465,2,,,0,55,,24466,2,,,0,15,,24467,2,,,0,15,,24468,2,,,0,15,,24469,2,,,0,55,,24470,2,,,0,15,,24471,2,,,0,15,,24472,2,,,0,12,,24473,2,,,0,54,,24474,2,,,0,15,,24475,2,,,0,15,,24476,2,,,0,15,,24477,2,,,0,55,,24478,2,,,0,15,,24479,2,,,0,15,,24480,2,,,0,15,,24481,2,,,0,55,,24482,2,,,0,15,,24483,2,,,0,15,,24484,2,,,0,15,,24485,2,,,0,55,,24486,2,,,0,15,,24487,2,,,0,15,,24488,2,,,0,15,,24489,2,,,0,55,,24490,2,,,0,15,,24491,2,,,0,15,,24492,2,,,0,16,,24493,2,,,0,55,,24494,2,,,0,15,,24495,2,,,0,15,,24496,2,,,0,15,,24497,2,,,0,55,,24498,2,,,0,15,,24499,2,,,0,15,,24500,2,,,0,15,,24501,2,,,0,55,,24502,2,,,0,15,,24503,2,,,0,15,,24504,2,,,0,15,,24505,2,,,0,53,,24506,2,,,0,15,,24507,2,,,0,15,,24508,2,,,0,15,,24509,2,,,0,55,,24510,2,,,0,15,,24511,2,,,0,15,,24512,2,,,0,13,,24513,2,,,0,55,,24514,2,,,0,15,,24515,2,,,0,15,,24516,2,,,0,15,,24517,2,,,0,55,,24518,2,,,0,15,,24519,2,,,0,15,,24520,2,,,0,15,,24521,2,,,0,54,,24522,2,,,0,15,,24523,2,,,0,15,,24524,2,,,0,15,,24525,2,,,0,55,,24526,2,,,0,30,,24527,2,,,0,70,,24528,2,,,0,30,,24529,2,,,0
1000900,'259.0.1',648,,24530,2,,,0,100,,24531,2,,,0,100,,24532,2,,,0,94,,24533,2,,,0,100,,24534,2,,,0,96,,24535,2,,,0,100,,24536,2,,,0,100,,24537,2,,,0,100,,24538,2,,,0,100,,24539,2,,,0,100,,24540,2,,,0,100,,24541,2,,,0,100,,24542,2,,,0,104,,24543,2,,,0,100,,24544,2,,,0,100,,24545,2,,,0,100,,24546,2,,,0,100,,24547,2,,,0
1000900,'259.0.2',646,,24548,2,,,0,96,,24549,2,,,0,100,,24550,2,,,0,100,,24551,2,,,0,100,,24552,2,,,0,100,,24553,2,,,0,100,,24554,2,,,0,100,,24555,2,,,0,100,,24556,2,,,0,100,,24557,2,,,0,100,,24558,2,,,0,100,,24559,2,,,0,100,,24560,2,,,0,100,,24561,2,,,0,102,,24562,2,,,0,100,,24563,2,,,0,100,,24564,2,,,0,100,,24565,2,,,0
1000900,'259.0.3',600,,24566,2,,,0,30,,24567,2,,,0,70,,24568,2,,,0,30,,24569,2,,,0,70,,24570,2,,,0,29,,24571,2,,,0,12,,24572,2,,,0,15,,24573,2,,,0,70,,24574,2,,,0,15,,24575,2,,,0,15,,24576,2,,,0,70,,24577,2,,,0,15,,24578,2,,,0,13,,24579,2,,,0,67,,24580,2,,,0,15,,24581,2,,,0,15,,24582,2,,,0,70,,24583,2,,,0,15,,24584,2,,,0,15,,24585,2,,,0,70,,24586,2,,,0,15,,24587,2,,,0,15,,24588,2,,,0,70,,24589,2,,,0,26,,24590,2,,,0,59,,24591,2,,,0,9,,24592,2,,,0,19,,24593,2,,,0,10,,24594,2,,,0,60,,24595,2,,,0,10,,24596,2,,,0,20,,24597,2,,,0,10,,24598,2,,,0,10,,24599,2,,,0,61,,24600,2,,,0,9,,24601,2,,,0,8,,24602,2,,,0,16,,24603,2,,,0,10,,24604,2,,,0,60,,24605,2,,,0,10,,24606,2,,,0,30,,24607,2,,,0,70,,24608,2,,,0,30,,24609,2,,,0,70,,24610,2,,,0,30,,24611,2,,,0,69,,24612,2,,,0,15,,24613,2,,,0,15,,24614,2,,,0,75,,24615,2,,,0,20,,24616,2,,,0,80,,24617,2,,,0,20,,24618,2,,,0,80,,24619,2,,,0
1001001,'259.0.3',643,,24739,8,,,0,64,,24740,8,,,0,20,,24741,8,,,0,20,,24742,8,,,0,60,,24743,8,,,0,20,,24744,8,,,0,20,,24745,8,,,0,57,,24746,8,,,0,20,,24747,8,,,0,506,,24748,8,,,0,15,,24749,8,,,0,64,,24750,8,,,0,21,,24751,8,,,0,20,,24752,8,,,0,60,,24753,8,,,0,20,,24754,8,,,0,25,,24755,8,,,0,64,,24756,8,,,0,22,,24757,8,,,0,60,,24758,8,,,0,9,,24759,8,,,0,20,,24760,8,,,0
1016801,'259.0.3',648,,25098,32,,,0,71,,25099,32,,,0,36,,25100,32,,,0,70,,25101,32,,,0,29,,25102,32,,,0,66,,25103,32,,,0
2000900,'259.0.1',618,,25574,2,,,0,100,,25575,2,,,0,100,,25576,2,,,0,94,,25577,2,,,0,100,,25578,2,,,0,100,,25579,2,,,0,95,,25580,2,,,0,100,,25581,2,,,0,100,,25582,2,,,0,100,,25583,2,,,0,100,,25584,2,,,0,100,,25585,2,,,0,100,,25586,2,,,0,105,,25587,2,,,0,100,,25588,2,,,0,100,,25589,2,,,0,100,,25590,2,,,0,100,,25591,2,,,0,100,,25592,2,,,0
2000900,'259.0.2',617,,25593,2,,,0,97,,25594,2,,,0,98,,25595,2,,,0,100,,25596,2,,,0,100,,25597,2,,,0,100,,25598,2,,,0,100,,25599,2,,,0,100,,25600,2,,,0,100,,25601,2,,,0,100,,25602,2,,,0,100,,25603,2,,,0,100,,25604,2,,,0,100,,25605,2,,,0,100,,25606,2,,,0,102,,25607,2,,,0,100,,25608,2,,,0,100,,25609,2,,,0,100,,25610,2,,,0,100,,25611,2,,,0
2000900,'259.0.3',615,,25614,2,,,0,30,,25615,2,,,0,70,,25616,2,,,0,26,,25617,2,,,0,70,,25618,2,,,0,100,,25619,2,,,0,100,,25620,2,,,0,95,,25621,2,,,0,96,,25622,2,,,0,100,,25623,2,,,0,100,,25624,2,,,0,28,,25625,2,,,0,25,,25626,2,,,0,68,,25627,2,,,0,30,,25628,2,,,0,70,,25629,2,,,0,80,,25630,2,,,0,34,,25631,2,,,0,70,,25632,2,,,0,30,,25633,2,,,0,70,,25634,2,,,0,30,,25635,2,,,0,70,,25636,2,,,0,30,,25637,2,,,0,70,,25638,2,,,0,100,,25639,2,,,0,100,,25640,2,,,0,100,,25641,2,,,0,100,,25642,2,,,0
2001001,'259.0.1',652,,25812,19,,,0,94,,25813,19,,,0,87,,25814,19,,,0,72,,25815,19,,,0,30,,25816,19,,,0,71,,25817,19,,,0,33,,25818,19,,,0,71,,25819,19,,,0,31,,25820,19,,,0,72,,25821,19,,,0,33,,25822,19,,,0,72,,25823,19,,,0,30,,25824,19,,,0,70,,25825,19,,,0,30,,25826,19,,,0,70,,25827,19,,,0,30,,25828,19,,,0,70,,25829,19,,,0,30,,25830,19,,,0,70,,25831,19,,,0,30,,25832,19,,,0,70,,25833,19,,,0,30,,25834,19,,,0,67,,25835,19,,,0,26,,25836,19,,,0,70,,25837,19,,,0,30,,25838,19,,,0,100,,25839,19,,,0,98,,25840,19,,,0,99,,25841,19,,,0,100,,25842,19,,,0
2001001,'259.0.2',646,,25843,19,,,0,92,,25844,19,,,0,90,,25845,19,,,0,72,,25846,19,,,0,30,,25847,19,,,0,72,,25848,19,,,0,32,,25849,19,,,0,72,,25850,19,,,0,31,,25851,19,,,0,71,,25852,19,,,0,30,,25853,19,,,0,70,,25854,19,,,0,30,,25855,19,,,0,70,,25856,19,,,0,32,,25857,19,,,0,71,,25858,19,,,0,30,,25859,19,,,0,70,,25860,19,,,0,30,,25861,19,,,0,69,,25862,19,,,0,30,,25863,19,,,0,70,,25864,19,,,0,29,,25865,19,,,0,101,,25866,19,,,0,100,,25867,19,,,0,100,,25868,19,,,0,100,,25869,19,,,0,100,,25870,19,,,0,100,,25871,19,,,0
2001001,'259.0.3',604,,25872,19,,,0,30,,25873,19,,,0,23,,25874,19,,,0,63,,25875,19,,,0,22,,25910,19,,,0,60,,25876,19,,,0,20,,25877,19,,,0,20,,25878,19,,,0,61,,25879,19,,,0,50,,25880,19,,,0,60,,25881,19,,,0,24,,25882,19,,,0,69,,25883,19,,,0,31,,25884,19,,,0,70,,25885,19,,,0,30,,25886,19,,,0,70,,25887,19,,,0,30,,25888,19,,,0,79,,25889,19,,,0,21,,25890,19,,,0,64,,25891,19,,,0,15,,25892,19,,,0,21,,25893,19,,,0,20,,25894,19,,,0,60,,25895,19,,,0,21,,25896,19,,,0,64,,25897,19,,,0,25,,25898,19,,,0,21,,25899,19,,,0,60,,25900,19,,,0,9,,25901,19,,,0,20,,25902,19,,,0,70,,25903,19,,,0,27,,25904,19,,,0,72,,25905,19,,,0,30,,25906,19,,,0,70,,25907,19,,,0,30,,25908,19,,,0,70,,25909,19,,,0
2016801,'259.0.3',635,,26121,37,,,0,70,,26122,37,,,0,35,,26123,37,,,0,73,,26124,37,,,0,30,,26125,37,,,0,70,,26126,37,,,0
3001001,'259.0.1',622,,26385,27,,,0,94,,26386,27,,,0,100,,26387,27,,,0,34,,26388,27,,,0,70,,26389,27,,,0,30,,26390,27,,,0,70,,26391,27,,,0,34,,26392,27,,,0,72,,26393,27,,,0,31,,26394,27,,,0,72,,26395,27,,,0,74,,26396,27,,,0,30,,26397,27,,,0,70,,26398,27,,,0,30,,26399,27,,,0,70,,26400,27,,,0,30,,26401,27,,,0,70,,26402,27,,,0,30,,26403,27,,,0,70,,26404,27,,,0,30,,26405,27,,,0,70,,26406,27,,,0,30,,26407,27,,,0,70,,26408,27,,,0,24,,26409,27,,,0,28,,26410,27,,,0,70,,26411,27,,,0,100,,26412,27,,,0,96,,26413,27,,,0,93,,26414,27,,,0,100,,26415,27,,,0
3001001,'259.0.2',621,,26417,27,,,0,90,,26418,27,,,0,100,,26419,27,,,0,30,,26420,27,,,0,70,,26421,27,,,0,30,,26422,27,,,0,72,,26423,27,,,0,33,,26424,27,,,0,74,,26425,27,,,0,30,,26426,27,,,0,71,,26427,27,,,0,30,,26428,27,,,0,71,,26429,27,,,0,30,,26430,27,,,0,70,,26431,27,,,0,30,,26432,27,,,0,73,,26433,27,,,0,30,,26434,27,,,0,70,,26435,27,,,0,30,,26436,27,,,0,70,,26437,27,,,0,30,,26438,27,,,0,70,,26439,27,,,0,29,,26440,27,,,0,67,,26441,27,,,0,100,,26442,27,,,0,94,,26443,27,,,0,100,,26444,27,,,0,100,,26445,27,,,0
3001001,'259.0.3',549,,26447,27,,,0,70,,26448,27,,,0,31,,26449,27,,,0,65,,26450,27,,,0,22,,26451,27,,,0,20,,26452,27,,,0,58,,26453,27,,,0,19,,26454,27,,,0,20,,26455,27,,,0,57,,26456,27,,,0,32,,26457,27,,,0,60,,26458,27,,,0,20,,26459,27,,,0,28,,26460,27,,,0,71,,26461,27,,,0,30,,26462,27,,,0,70,,26463,27,,,0,30,,26464,27,,,0,70,,26465,27,,,0,30,,26466,27,,,0,70,,26467,27,,,0,30,,26468,27,,,0,70,,26469,27,,,0,21,,26470,27,,,0,60,,26471,27,,,0,20,,26472,27,,,0,21,,26473,27,,,0,67,,26474,27,,,0,23,,26475,27,,,0,20,,26476,27,,,0,60,,26477,27,,,0,18,,26478,27,,,0,16,,26479,27,,,0,57,,26480,27,,,0,14,,26481,27,,,0,12,,26482,27,,,0,19,,26483,27,,,0,79,,26484,27,,,0,30,,26485,27,,,0,70,,26486,27,,,0,30,,26487,27,,,0,70,,26488,27,,,0,28,,26489,27,,,0,64,,26490,27,,,0
