200,'244.0.1',626,,9338,28,,,0,100,,9339,28,,,0,100,,9340,28,,,0,15,,9341,28,,,0,15,,9342,28,,,0,55,,9343,28,,,0,15,,9344,28,,,0,15,,9345,28,,,0,15,,9346,28,,,0,55,,9347,28,,,0,15,,9348,28,,,0,15,,9349,28,,,0,16,,9350,28,,,0,56,,9351,28,,,0,15,,9352,28,,,0,15,,9353,28,,,0,15,,9354,28,,,0,55,,9355,28,,,0,15,,9356,28,,,0,15,,9357,28,,,0,15,,9358,28,,,0,55,,9359,28,,,0,15,,9360,28,,,0,15,,9361,28,,,0,15,,9362,28,,,0,55,,9363,28,,,0,15,,9364,28,,,0,15,,9365,28,,,0,15,,9366,28,,,0,55,,9367,28,,,0,15,,9368,28,,,0,15,,9369,28,,,0,15,,9370,28,,,0,55,,9371,28,,,0,15,,9372,28,,,0,15,,9373,28,,,0,15,,9374,28,,,0,55,,9375,28,,,0,15,,9376,28,,,0,15,,9377,28,,,0,15,,9378,28,,,0,55,,9379,28,,,0,15,,9380,28,,,0,15,,9381,28,,,0,15,,9382,28,,,0,55,,9383,28,,,0,15,,9384,28,,,0,15,,9385,28,,,0,70,,9386,28,,,0,30,,9387,28,,,0,69,,9388,28,,,0,29,,9389,28,,,0,70,,9390,28,,,0,30,,9391,28,,,0,70,,9392,28,,,0,30,,9393,28,,,0,70,,9394,28,,,0,30,,9395,28,,,0
200,'244.0.2',613,,9396,28,,,0,100,,9397,28,,,0,100,,9398,28,,,0,30,,9399,28,,,0,60,,9400,28,,,0,20,,9401,28,,,0,20,,9402,28,,,0,60,,9403,28,,,0,20,,9404,28,,,0,20,,9405,28,,,0,64,,9406,28,,,0,20,,9407,28,,,0,20,,9408,28,,,0,60,,9409,28,,,0,20,,9410,28,,,0,20,,9411,28,,,0,60,,9412,28,,,0,20,,9413,28,,,0,20,,9414,28,,,0,60,,9415,28,,,0,20,,9416,28,,,0,20,,9417,28,,,0,60,,9418,28,,,0,20,,9419,28,,,0,20,,9420,28,,,0,60,,9421,28,,,0,20,,9422,28,,,0,20,,9423,28,,,0,60,,9424,28,,,0,20,,9425,28,,,0,20,,9426,28,,,0,60,,9427,28,,,0,20,,9428,28,,,0,25,,9429,28,,,0,70,,9430,28,,,0,30,,9431,28,,,0,70,,9432,28,,,0,30,,9433,28,,,0,70,,9434,28,,,0,30,,9435,28,,,0,70,,9436,28,,,0,30,,9437,28,,,0,70,,9438,28,,,0,30,,9439,28,,,0,70,,9440,28,,,0
200,'244.0.3',556,,9441,28,,,0,70,,9442,28,,,0,30,,9443,28,,,0,55,,9444,28,,,0,15,,9445,28,,,0,16,,9446,28,,,0,17,,9447,28,,,0,55,,9448,28,,,0,15,,9449,28,,,0,15,,9450,28,,,0,15,,9451,28,,,0,55,,9452,28,,,0,14,,9453,28,,,0,15,,9454,28,,,0,15,,9455,28,,,0,55,,9456,28,,,0,15,,9457,28,,,0,15,,9458,28,,,0,15,,9459,28,,,0,55,,9460,28,,,0,15,,9461,28,,,0,15,,9462,28,,,0,15,,9463,28,,,0,55,,9464,28,,,0,17,,9465,28,,,0,15,,9466,28,,,0,55,,9467,28,,,0,15,,9468,28,,,0,15,,9469,28,,,0,15,,9470,28,,,0,55,,9471,28,,,0,15,,9472,28,,,0,15,,9473,28,,,0,15,,9474,28,,,0,55,,9475,28,,,0,15,,9476,28,,,0,19,,9477,28,,,0,17,,9478,28,,,0,55,,9479,28,,,0,15,,9480,28,,,0,15,,9481,28,,,0,15,,9482,28,,,0,55,,9483,28,,,0,15,,9484,28,,,0,15,,9485,28,,,0,15,,9486,28,,,0,50,,9487,28,,,0,11,,9488,28,,,0,15,,9489,28,,,0,15,,9490,28,,,0,15,,9491,28,,,0,55,,9492,28,,,0,30,,9493,28,,,0,70,,9494,28,,,0,30,,9495,28,,,0,70,,9496,28,,,0,30,,9497,28,,,0,70,,9498,28,,,0,30,,9499,28,,,0,70,,9500,28,,,0,30,,9501,28,,,0,70,,9502,28,,,0,30,,9503,28,,,0
300,'244.0.1',659,,9670,49,,,0,100,,9671,49,,,0,100,,9672,49,,,0,70,,9673,49,,,0,30,,9674,49,,,0,70,,9675,49,,,0,30,,9676,49,,,0,70,,9677,49,,,0,30,,9678,49,,,0,72,,9679,49,,,0,70,,9680,49,,,0,30,,9681,49,,,0,70,,9682,49,,,0,30,,9683,49,,,0,70,,9684,49,,,0,30,,9685,49,,,0,70,,9686,49,,,0,30,,9687,49,,,0,70,,9688,49,,,0,30,,9689,49,,,0,70,,9690,49,,,0,30,,9691,49,,,0,70,,9692,49,,,0,26,,9693,49,,,0,29,,9694,49,,,0,70,,9695,49,,,0,30,,9696,49,,,0,70,,9697,49,,,0,30,,9698,49,,,0,70,,9699,49,,,0,30,,9700,49,,,0,70,,9701,49,,,0,30,,9702,49,,,0,70,,9703,49,,,0,30,,9704,49,,,0,60,,9705,49,,,0
300,'244.0.2',639,,9706,49,,,0,100,,9707,49,,,0,100,,9708,49,,,0,70,,9709,49,,,0,30,,9710,49,,,0,67,,9711,49,,,0,20,,9712,49,,,0,20,,9713,49,,,0,62,,9714,49,,,0,24,,9715,49,,,0,20,,9716,49,,,0,60,,9717,49,,,0,20,,9718,49,,,0,20,,9719,49,,,0,60,,9720,49,,,0,20,,9721,49,,,0,20,,9722,49,,,0,60,,9723,49,,,0,20,,9724,49,,,0,20,,9725,49,,,0,60,,9726,49,,,0,20,,9727,49,,,0,20,,9728,49,,,0,60,,9729,49,,,0,20,,9730,49,,,0,20,,9731,49,,,0,60,,9732,49,,,0,20,,9733,49,,,0,20,,9734,49,,,0,57,,9735,49,,,0,17,,9736,49,,,0,19,,9737,49,,,0,70,,9738,49,,,0,30,,9739,49,,,0,70,,9740,49,,,0,30,,9741,49,,,0,70,,9742,49,,,0,30,,9743,49,,,0,70,,9744,49,,,0,23,,9745,49,,,0,70,,9746,49,,,0,30,,9747,49,,,0,70,,9748,49,,,0,30,,9749,49,,,0
300,'244.0.3',614,,9750,49,,,0,30,,9751,49,,,0,15,,9752,49,,,0,55,,9753,49,,,0,15,,9754,49,,,0,19,,9755,49,,,0,57,,9756,49,,,0,19,,9757,49,,,0,15,,9758,49,,,0,14,,9759,49,,,0,54,,9760,49,,,0,15,,9761,49,,,0,15,,9762,49,,,0,15,,9763,49,,,0,60,,9764,49,,,0,20,,9765,49,,,0,20,,9766,49,,,0,60,,9767,49,,,0,20,,9768,49,,,0,20,,9769,49,,,0,60,,9770,49,,,0,20,,9771,49,,,0,20,,9772,49,,,0,60,,9773,49,,,0,20,,9774,49,,,0,20,,9775,49,,,0,60,,9776,49,,,0,20,,9777,49,,,0,20,,9778,49,,,0,60,,9779,49,,,0,20,,9780,49,,,0,10,,9781,49,,,0,12,,9782,49,,,0,61,,9783,49,,,0,15,,9784,49,,,0,15,,9785,49,,,0,55,,9786,49,,,0,15,,9787,49,,,0,15,,9788,49,,,0,15,,9789,49,,,0,13,,9790,49,,,0,53,,9791,49,,,0,13,,9792,49,,,0,13,,9793,49,,,0,15,,9794,49,,,0,53,,9795,49,,,0,7,,9796,49,,,0,17,,9797,49,,,0,20,,9798,49,,,0,60,,9799,49,,,0,20,,9800,49,,,0,20,,9801,49,,,0,60,,9802,49,,,0,20,,9803,49,,,0,10,,9804,49,,,0,70,,9805,49,,,0,30,,9806,49,,,0,70,,9807,49,,,0,30,,9808,49,,,0,70,,9809,49,,,0,30,,9810,49,,,0,70,,9811,49,,,0
800,'244.0.1',600,,10559,29,,,0,30,,10560,29,,,0,70,,10561,29,,,0,30,,10562,29,,,0,70,,10563,29,,,0,23,,10564,29,,,0,22,,10565,29,,,0,70,,10566,29,,,0,30,,10567,29,,,0,70,,10568,29,,,0,30,,10569,29,,,0,69,,10570,29,,,0,30,,10571,29,,,0,70,,10572,29,,,0,30,,10573,29,,,0,70,,10574,29,,,0,30,,10575,29,,,0,70,,10576,29,,,0,32,,10577,29,,,0,70,,10578,29,,,0,30,,10579,29,,,0,70,,10580,29,,,0,30,,10581,29,,,0,70,,10582,29,,,0,30,,10583,29,,,0,70,,10584,29,,,0,30,,10585,29,,,0,70,,10586,29,,,0,30,,10587,29,,,0,70,,10588,29,,,0,30,,10589,29,,,0,70,,10590,29,,,0,30,,10591,29,,,0,70,,10592,29,,,0,27,,10593,29,,,0,69,,10594,29,,,0,30,,10595,29,,,0,100,,10596,29,,,0
800,'244.0.2',618,,10597,29,,,0,30,,10598,29,,,0,70,,10599,29,,,0,30,,10600,29,,,0,70,,10601,29,,,0,30,,10602,29,,,0,70,,10603,29,,,0,30,,10604,29,,,0,70,,10605,29,,,0,34,,10606,29,,,0,70,,10607,29,,,0,25,,10608,29,,,0,71,,10609,29,,,0,32,,10610,29,,,0,70,,10611,29,,,0,30,,10612,29,,,0,70,,10613,29,,,0,30,,10614,29,,,0,70,,10615,29,,,0,30,,10616,29,,,0,70,,10617,29,,,0,35,,10618,29,,,0,69,,10619,29,,,0,30,,10620,29,,,0,70,,10621,29,,,0,29,,10622,29,,,0,68,,10623,29,,,0,30,,10624,29,,,0,68,,10625,29,,,0,29,,10626,29,,,0,70,,10627,29,,,0,30,,10628,29,,,0,70,,10629,29,,,0,30,,10630,29,,,0,100,,10631,29,,,0,100,,10632,29,,,0
800,'244.0.3',549,,10635,29,,,0,70,,10636,29,,,0,30,,10637,29,,,0,76,,10638,29,,,0,32,,10639,29,,,0,71,,10640,29,,,0,30,,10641,29,,,0,70,,10642,29,,,0,30,,10643,29,,,0,60,,10644,29,,,0,20,,10645,29,,,0,20,,10646,29,,,0,60,,10647,29,,,0,20,,10648,29,,,0,20,,10649,29,,,0,60,,10650,29,,,0,20,,10651,29,,,0,20,,10652,29,,,0,60,,10653,29,,,0,20,,10654,29,,,0,20,,10655,29,,,0,60,,10656,29,,,0,20,,10657,29,,,0,20,,10658,29,,,0,67,,10659,29,,,0,24,,10660,29,,,0,60,,10661,29,,,0,20,,10662,29,,,0,20,,10663,29,,,0,60,,10664,29,,,0,20,,10665,29,,,0,20,,10666,29,,,0,60,,10667,29,,,0,26,,10668,29,,,0,10,,10683,29,,,0,10,,10669,29,,,0,70,,10670,29,,,0,30,,10671,29,,,0,70,,10672,29,,,0,30,,10673,29,,,0,68,,10674,29,,,0,29,,10675,29,,,0,70,,10676,29,,,0,30,,10677,29,,,0,70,,10678,29,,,0,30,,10679,29,,,0,70,,10680,29,,,0,30,,10681,29,,,0,70,,10682,29,,,0
9100,'244.0.1',716,,14751,9,,,0,100,,14752,9,,,0,100,,14753,9,,,0,100,,14754,9,,,0,100,,14755,9,,,0,100,,14756,9,,,0,100,,14757,9,,,0,100,,14758,9,,,0,100,,14759,9,,,0,100,,14760,9,,,0,100,,14761,9,,,0,100,,14762,9,,,0,100,,14763,9,,,0,100,,14764,9,,,0,100,,14765,9,,,0,100,,14766,9,,,0
9100,'244.0.2',745,,14767,9,,,0,100,,14768,9,,,0,100,,14769,9,,,0,100,,14770,9,,,0,100,,14771,9,,,0,100,,14772,9,,,0,100,,14773,9,,,0,100,,14774,9,,,0,100,,14775,9,,,0,100,,14776,9,,,0,100,,14777,9,,,0,100,,14778,9,,,0,100,,14779,9,,,0,100,,14780,9,,,0,100,,14781,9,,,0
9100,'244.0.3',626,,14782,9,,,0,24,,14783,9,,,0,66,,14784,9,,,0,36,,14785,9,,,0,69,,14786,9,,,0,31,,14787,9,,,0,100,,14788,9,,,0,103,,14789,9,,,0,100,,14790,9,,,0,99,,14791,9,,,0,100,,14792,9,,,0,100,,14793,9,,,0,70,,14794,9,,,0,30,,14795,9,,,0,70,,14796,9,,,0,30,,14797,9,,,0,70,,14798,9,,,0,31,,14799,9,,,0,70,,14800,9,,,0,99,,14801,9,,,0,100,,14802,9,,,0,100,,14803,9,,,0,100,,14804,9,,,0
