401,'259.0.1',625,,18926,30,,,0,100,,18927,30,,,0,100,,18928,30,,,0,30,,18929,30,,,0,70,,18930,30,,,0,30,,18931,30,,,0,70,,18932,30,,,0,30,,18933,30,,,0,73,,18934,30,,,0,30,,18935,30,,,0,70,,18936,30,,,0,30,,18937,30,,,0,70,,18938,30,,,0,30,,18939,30,,,0,70,,18940,30,,,0,30,,18941,30,,,0,70,,18942,30,,,0,30,,18943,30,,,0,70,,18944,30,,,0,30,,18945,30,,,0,70,,18946,30,,,0,30,,18947,30,,,0,68,,18948,30,,,0,30,,18949,30,,,0,70,,18950,30,,,0,30,,18951,30,,,0,70,,18952,30,,,0,30,,18953,30,,,0,70,,18954,30,,,0,30,,18955,30,,,0,67,,18956,30,,,0,100,,18957,30,,,0,100,,18958,30,,,0
401,'259.0.2',725,,18959,30,,,0,30,,18960,30,,,0,70,,18961,30,,,0,30,,18962,30,,,0,70,,18963,30,,,0,30,,18964,30,,,0,70,,18965,30,,,0,30,,18966,30,,,0,69,,18967,30,,,0,30,,18968,30,,,0,70,,18969,30,,,0,30,,18970,30,,,0,70,,18971,30,,,0,30,,18972,30,,,0,70,,18973,30,,,0,30,,18974,30,,,0,70,,18975,30,,,0,30,,18976,30,,,0,70,,18977,30,,,0,30,,18978,30,,,0,70,,18979,30,,,0,30,,18980,30,,,0,70,,18981,30,,,0,30,,18982,30,,,0,70,,18983,30,,,0,32,,18984,30,,,0,67,,18985,30,,,0,100,,18986,30,,,0,100,,18987,30,,,0,100,,18988,30,,,0,100,,18989,30,,,0
401,'259.0.3',604,,18990,30,,,0,15,,18991,30,,,0,15,,18992,30,,,0,15,,18993,30,,,0,57,,18994,30,,,0,20,,18995,30,,,0,8,,18996,30,,,0,8,,18997,30,,,0,8,,18998,30,,,0,8,,18999,30,,,0,48,,19000,30,,,0,8,,19001,30,,,0,8,,19002,30,,,0,8,,19003,30,,,0,8,,19004,30,,,0,8,,19005,30,,,0,8,,19006,30,,,0,48,,19007,30,,,0,7,,19008,30,,,0,6,,19009,30,,,0,8,,19010,30,,,0,8,,19011,30,,,0,8,,19012,30,,,0,8,,19013,30,,,0,8,,19014,30,,,0,48,,19015,30,,,0,8,,19016,30,,,0,8,,19017,30,,,0,8,,19018,30,,,0,11,,19019,30,,,0,15,,19020,30,,,0,55,,19021,30,,,0,15,,19022,30,,,0,15,,19023,30,,,0,15,,19024,30,,,0,55,,19025,30,,,0,15,,19026,30,,,0,15,,19027,30,,,0,15,,19028,30,,,0,55,,19029,30,,,0,15,,19030,30,,,0,15,,19031,30,,,0,15,,19032,30,,,0,55,,19033,30,,,0,15,,19034,30,,,0,15,,19035,30,,,0,15,,19036,30,,,0,55,,19037,30,,,0,16,,19038,30,,,0,18,,19039,30,,,0,15,,19040,30,,,0,55,,19041,30,,,0,15,,19042,30,,,0,15,,19043,30,,,0,15,,19044,30,,,0,55,,19045,30,,,0,15,,19046,30,,,0,15,,19047,30,,,0,15,,19048,30,,,0,52,,19049,30,,,0,11,,19050,30,,,0,15,,19051,30,,,0,15,,19052,30,,,0,60,,19053,30,,,0,20,,19054,30,,,0,20,,19055,30,,,0,60,,19056,30,,,0,20,,19057,30,,,0,20,,19058,30,,,0,60,,19059,30,,,0,20,,19060,30,,,0,20,,19061,30,,,0,60,,19062,30,,,0,28,,19063,30,,,0,70,,19064,30,,,0,30,,19065,30,,,0,70,,19066,30,,,0,30,,19067,30,,,0,70,,19068,30,,,0
801,'259.0.1',611,,19511,72,,,0,30,,19512,72,,,0,70,,19513,72,,,0,30,,19514,72,,,0,73,,19515,72,,,0,33,,19516,72,,,0,70,,19517,72,,,0,30,,19518,72,,,0,74,,19519,72,,,0,34,,19520,72,,,0,70,,19521,72,,,0,30,,19522,72,,,0,70,,19523,72,,,0,30,,19524,72,,,0,71,,19525,72,,,0,31,,19526,72,,,0,70,,19527,72,,,0,30,,19528,72,,,0,70,,19529,72,,,0,30,,19530,72,,,0,70,,19531,72,,,0,30,,19532,72,,,0,70,,19533,72,,,0,28,,19534,72,,,0,68,,19535,72,,,0,29,,19536,72,,,0,70,,19537,72,,,0,27,,19538,72,,,0,65,,19539,72,,,0,29,,19540,72,,,0,70,,19541,72,,,0,30,,19542,72,,,0,70,,19543,72,,,0,30,,19544,72,,,0,70,,19545,72,,,0,30,,19546,72,,,0,70,,19547,72,,,0,100,,19548,72,,,0
801,'259.0.2',617,,19549,72,,,0,30,,19550,72,,,0,70,,19551,72,,,0,30,,19552,72,,,0,70,,19553,72,,,0,30,,19554,72,,,0,72,,19555,72,,,0,35,,19556,72,,,0,70,,19557,72,,,0,30,,19558,72,,,0,73,,19559,72,,,0,30,,19560,72,,,0,70,,19561,72,,,0,30,,19562,72,,,0,70,,19563,72,,,0,30,,19564,72,,,0,70,,19565,72,,,0,30,,19566,72,,,0,70,,19567,72,,,0,30,,19568,72,,,0,70,,19569,72,,,0,30,,19570,72,,,0,70,,19571,72,,,0,30,,19572,72,,,0,67,,19573,72,,,0,28,,19574,72,,,0,70,,19575,72,,,0,30,,19576,72,,,0,70,,19577,72,,,0,30,,19578,72,,,0,66,,19579,72,,,0,27,,19580,72,,,0,70,,19581,72,,,0,30,,19582,72,,,0,100,,19583,72,,,0,100,,19584,72,,,0
801,'259.0.3',606,,19585,72,,,0,30,,19586,72,,,0,70,,19587,72,,,0,24,,19588,72,,,0,70,,19589,72,,,0,20,,19590,72,,,0,20,,19591,72,,,0,60,,19592,72,,,0,16,,19593,72,,,0,16,,19594,72,,,0,17,,19595,72,,,0,60,,19596,72,,,0,20,,19597,72,,,0,20,,19598,72,,,0,60,,19599,72,,,0,20,,19600,72,,,0,20,,19601,72,,,0,60,,19602,72,,,0,20,,19603,72,,,0,20,,19604,72,,,0,60,,19605,72,,,0,20,,19606,72,,,0,20,,19607,72,,,0,60,,19608,72,,,0,20,,19609,72,,,0,20,,19610,72,,,0,60,,19611,72,,,0,20,,19612,72,,,0,23,,19613,72,,,0,73,,19614,72,,,0,30,,19615,72,,,0,70,,19616,72,,,0,30,,19617,72,,,0,64,,19618,72,,,0,25,,19619,72,,,0,68,,19620,72,,,0,30,,19621,72,,,0,70,,19622,72,,,0,30,,19623,72,,,0,70,,19624,72,,,0,26,,19625,72,,,0,69,,19626,72,,,0,30,,19627,72,,,0,70,,19628,72,,,0,30,,19629,72,,,0,70,,19630,72,,,0,30,,19631,72,,,0,70,,19632,72,,,0
9001,'259.0.1',631,,23481,53,,,0,70,,23482,53,,,0,30,,23483,53,,,0,25,,23484,53,,,0,71,,23485,53,,,0,30,,23486,53,,,0,70,,23487,53,,,0,25,,23488,53,,,0,74,,23489,53,,,0,31,,23490,53,,,0,70,,23491,53,,,0,30,,23492,53,,,0,70,,23493,53,,,0,30,,23494,53,,,0,70,,23495,53,,,0,30,,23496,53,,,0,70,,23497,53,,,0,30,,23498,53,,,0,70,,23499,53,,,0,30,,23500,53,,,0,70,,23501,53,,,0,30,,23502,53,,,0,70,,23503,53,,,0,75,,23504,53,,,0,25,,23505,53,,,0,29,,23506,53,,,0,70,,23507,53,,,0,30,,23508,53,,,0,70,,23509,53,,,0,99,,23510,53,,,0,100,,23511,53,,,0,100,,23512,53,,,0,100,,23513,53,,,0
9001,'259.0.2',618,,23514,53,,,0,100,,23515,53,,,0,100,,23516,53,,,0,100,,23517,53,,,0,99,,23518,53,,,0,102,,23519,53,,,0,100,,23520,53,,,0,102,,23521,53,,,0,100,,23522,53,,,0,98,,23523,53,,,0,100,,23524,53,,,0,100,,23525,53,,,0,98,,23526,53,,,0,103,,23527,53,,,0,105,,23528,53,,,0,98,,23529,53,,,0,97,,23530,53,,,0,99,,23531,53,,,0
9001,'259.0.3',605,,23532,53,,,0,30,,23533,53,,,0,72,,23534,53,,,0,24,,23566,53,,,0,13,,23535,53,,,0,15,,23567,53,,,0,50,,23536,53,,,0,15,,23568,53,,,0,15,,23537,53,,,0,13,,23569,53,,,0,51,,23538,53,,,0,15,,23570,53,,,0,15,,23539,53,,,0,70,,23540,53,,,0,25,,23541,53,,,0,30,,23542,53,,,0,70,,23543,53,,,0,30,,23544,53,,,0,70,,23545,53,,,0,30,,23546,53,,,0,70,,23547,53,,,0,30,,23548,53,,,0,70,,23549,53,,,0,30,,23550,53,,,0,72,,23551,53,,,0,73,,23552,53,,,0,21,,23571,53,,,0,22,,23553,53,,,0,8,,23572,53,,,0,65,,23554,53,,,0,15,,23573,53,,,0,15,,23555,53,,,0,52,,23574,53,,,0,12,,23556,53,,,0,13,,23575,53,,,0,13,,23557,53,,,0,12,,23576,53,,,0,53,,23558,53,,,0,12,,23577,53,,,0,13,,23559,53,,,0,30,,23560,53,,,0,67,,23561,53,,,0,30,,23562,53,,,0,100,,23563,53,,,0,100,,23564,53,,,0,100,,23565,53,,,0
2000701,'259.0.1',606,,25411,17,,,0,20,,25412,17,,,0,20,,25413,17,,,0,60,,25414,17,,,0,20,,25415,17,,,0,20,,25416,17,,,0,61,,25417,17,,,0,18,,25418,17,,,0,20,,25419,17,,,0,60,,25420,17,,,0,20,,25421,17,,,0,18,,25422,17,,,0,60,,25423,17,,,0,20,,25424,17,,,0,20,,25425,17,,,0,60,,25426,17,,,0,20,,25427,17,,,0,20,,25428,17,,,0,60,,25429,17,,,0,20,,25430,17,,,0,20,,25431,17,,,0,60,,25432,17,,,0,20,,25433,17,,,0,20,,25434,17,,,0,60,,25435,17,,,0,20,,25436,17,,,0,20,,25437,17,,,0,60,,25438,17,,,0,20,,25439,17,,,0,20,,25440,17,,,0,61,,25441,17,,,0,21,,25442,17,,,0,20,,25443,17,,,0,60,,25444,17,,,0,20,,25445,17,,,0,20,,25446,17,,,0,60,,25447,17,,,0,20,,25448,17,,,0,20,,25449,17,,,0,60,,25450,17,,,0,20,,25451,17,,,0,20,,25452,17,,,0,61,,25453,17,,,0,20,,25454,17,,,0,20,,25455,17,,,0,60,,25456,17,,,0,20,,25457,17,,,0,20,,25458,17,,,0,60,,25459,17,,,0,20,,25460,17,,,0,20,,25461,17,,,0,60,,25462,17,,,0,20,,25463,17,,,0,20,,25464,17,,,0
2000701,'259.0.2',606,,25465,17,,,0,30,,25466,17,,,0,70,,25467,17,,,0,30,,25468,17,,,0,70,,25469,17,,,0,30,,25470,17,,,0,70,,25471,17,,,0,28,,25472,17,,,0,70,,25473,17,,,0,30,,25474,17,,,0,70,,25475,17,,,0,30,,25476,17,,,0,70,,25477,17,,,0,30,,25478,17,,,0,70,,25479,17,,,0,30,,25480,17,,,0,70,,25481,17,,,0,30,,25482,17,,,0,70,,25483,17,,,0,30,,25484,17,,,0,70,,25485,17,,,0,30,,25486,17,,,0,70,,25487,17,,,0,30,,25488,17,,,0,70,,25489,17,,,0,30,,25490,17,,,0,70,,25491,17,,,0,31,,25492,17,,,0,70,,25493,17,,,0,30,,25494,17,,,0,70,,25495,17,,,0,30,,25496,17,,,0,70,,25497,17,,,0,30,,25498,17,,,0,70,,25499,17,,,0,30,,25500,17,,,0
2000701,'259.0.3',558,,25501,17,,,0,55,,25502,17,,,0,15,,25503,17,,,0,15,,25504,17,,,0,15,,25505,17,,,0,55,,25506,17,,,0,15,,25507,17,,,0,15,,25508,17,,,0,58,,25509,17,,,0,15,,25510,17,,,0,15,,25511,17,,,0,15,,25512,17,,,0,55,,25513,17,,,0,13,,25514,17,,,0,15,,25515,17,,,0,15,,25516,17,,,0,15,,25517,17,,,0,55,,25518,17,,,0,15,,25519,17,,,0,15,,25520,17,,,0,15,,25521,17,,,0,55,,25522,17,,,0,15,,25523,17,,,0,15,,25524,17,,,0,15,,25525,17,,,0,55,,25526,17,,,0,15,,25527,17,,,0,15,,25528,17,,,0,15,,25529,17,,,0,55,,25530,17,,,0,15,,25531,17,,,0,15,,25532,17,,,0,15,,25533,17,,,0,55,,25534,17,,,0,15,,25535,17,,,0,15,,25536,17,,,0,15,,25537,17,,,0,55,,25538,17,,,0,15,,25539,17,,,0,15,,25540,17,,,0,15,,25541,17,,,0,55,,25542,17,,,0,15,,25543,17,,,0,15,,25544,17,,,0,15,,25545,17,,,0,55,,25546,17,,,0,15,,25547,17,,,0,14,,25548,17,,,0,15,,25549,17,,,0,55,,25550,17,,,0,15,,25551,17,,,0,15,,25552,17,,,0,15,,25553,17,,,0,53,,25554,17,,,0,15,,25555,17,,,0,15,,25556,17,,,0,15,,25557,17,,,0,55,,25558,17,,,0,15,,25559,17,,,0,15,,25560,17,,,0,15,,25561,17,,,0,55,,25562,17,,,0,15,,25563,17,,,0,15,,25564,17,,,0,15,,25565,17,,,0,55,,25566,17,,,0,15,,25567,17,,,0,15,,25568,17,,,0,15,,25569,17,,,0,70,,25570,17,,,0,30,,25571,17,,,0,70,,25572,17,,,0,30,,25573,17,,,0
