300,'244.0.1',632,,9670,19,,,0,100,,9671,19,,,0,100,,9672,19,,,0,70,,9673,19,,,0,30,,9674,19,,,0,70,,9675,19,,,0,30,,9676,19,,,0,70,,9677,19,,,0,30,,9678,19,,,0,70,,9679,19,,,0,30,,9680,19,,,0,70,,9681,19,,,0,30,,9682,19,,,0,70,,9683,19,,,0,30,,9684,19,,,0,70,,9685,19,,,0,30,,9686,19,,,0,70,,9687,19,,,0,30,,9688,19,,,0,70,,9689,19,,,0,30,,9690,19,,,0,70,,9691,19,,,0,30,,9692,19,,,0,70,,9693,19,,,0,29,,9694,19,,,0,70,,9695,19,,,0,30,,9696,19,,,0,70,,9697,19,,,0,30,,9698,19,,,0,70,,9699,19,,,0,30,,9700,19,,,0,70,,9701,19,,,0,30,,9702,19,,,0,70,,9703,19,,,0,30,,9704,19,,,0,20,,9705,19,,,0
300,'244.0.2',616,,9706,19,,,0,100,,9707,19,,,0,100,,9708,19,,,0,30,,9709,19,,,0,70,,9710,19,,,0,27,,9711,19,,,0,60,,9712,19,,,0,20,,9713,19,,,0,20,,9714,19,,,0,61,,9715,19,,,0,20,,9716,19,,,0,20,,9717,19,,,0,60,,9718,19,,,0,20,,9719,19,,,0,20,,9720,19,,,0,60,,9721,19,,,0,20,,9722,19,,,0,20,,9723,19,,,0,60,,9724,19,,,0,20,,9725,19,,,0,20,,9726,19,,,0,60,,9727,19,,,0,20,,9728,19,,,0,20,,9729,19,,,0,60,,9730,19,,,0,20,,9731,19,,,0,20,,9732,19,,,0,60,,9733,19,,,0,20,,9734,19,,,0,20,,9735,19,,,0,59,,9736,19,,,0,19,,9737,19,,,0,30,,9738,19,,,0,70,,9739,19,,,0,30,,9740,19,,,0,70,,9741,19,,,0,30,,9742,19,,,0,70,,9743,19,,,0,30,,9744,19,,,0,63,,9745,19,,,0,30,,9746,19,,,0,70,,9747,19,,,0,30,,9748,19,,,0,70,,9749,19,,,0
300,'244.0.3',547,,9750,19,,,0,70,,9751,19,,,0,15,,9752,19,,,0,15,,9753,19,,,0,55,,9754,19,,,0,15,,9755,19,,,0,15,,9756,19,,,0,19,,9757,19,,,0,55,,9758,19,,,0,15,,9759,19,,,0,15,,9760,19,,,0,15,,9761,19,,,0,55,,9762,19,,,0,15,,9763,19,,,0,20,,9764,19,,,0,60,,9765,19,,,0,20,,9766,19,,,0,20,,9767,19,,,0,60,,9768,19,,,0,20,,9769,19,,,0,20,,9770,19,,,0,60,,9771,19,,,0,20,,9772,19,,,0,20,,9773,19,,,0,60,,9774,19,,,0,20,,9775,19,,,0,20,,9776,19,,,0,60,,9777,19,,,0,20,,9778,19,,,0,20,,9779,19,,,0,60,,9780,19,,,0,10,,9781,19,,,0,10,,9782,19,,,0,15,,9783,19,,,0,15,,9784,19,,,0,55,,9785,19,,,0,15,,9786,19,,,0,15,,9787,19,,,0,15,,9788,19,,,0,55,,9789,19,,,0,15,,9790,19,,,0,15,,9791,19,,,0,14,,9792,19,,,0,53,,9793,19,,,0,15,,9794,19,,,0,15,,9795,19,,,0,15,,9796,19,,,0,60,,9797,19,,,0,20,,9798,19,,,0,20,,9799,19,,,0,60,,9800,19,,,0,20,,9801,19,,,0,20,,9802,19,,,0,60,,9803,19,,,0,10,,9804,19,,,0,30,,9805,19,,,0,70,,9806,19,,,0,30,,9807,19,,,0,70,,9808,19,,,0,30,,9809,19,,,0,70,,9810,19,,,0,30,,9811,19,,,0
3900,'244.0.1',627,,11919,28,,,0,30,,11920,28,,,0,70,,11921,28,,,0,30,,11922,28,,,0,70,,11923,28,,,0,30,,11924,28,,,0,70,,11925,28,,,0,30,,11926,28,,,0,71,,11927,28,,,0,31,,11928,28,,,0,70,,11929,28,,,0,30,,11930,28,,,0,70,,11931,28,,,0,30,,11932,28,,,0,70,,11933,28,,,0,30,,11934,28,,,0,70,,11935,28,,,0,30,,11936,28,,,0,70,,11937,28,,,0,30,,11938,28,,,0,70,,11939,28,,,0,30,,11940,28,,,0,70,,11941,28,,,0,30,,11942,28,,,0,70,,11943,28,,,0,30,,11944,28,,,0,69,,11945,28,,,0,30,,11946,28,,,0,70,,11947,28,,,0,30,,11948,28,,,0,70,,11949,28,,,0,30,,11950,28,,,0,70,,11951,28,,,0,30,,11952,28,,,0,70,,11953,28,,,0
3900,'244.0.2',628,,11954,28,,,0,100,,11955,28,,,0,100,,11956,28,,,0,100,,11957,28,,,0,100,,11958,28,,,0,101,,11959,28,,,0,101,,11960,28,,,0,100,,11961,28,,,0,100,,11962,28,,,0,100,,11963,28,,,0,100,,11964,28,,,0,100,,11965,28,,,0,99,,11966,28,,,0,100,,11967,28,,,0,100,,11968,28,,,0,100,,11969,28,,,0
3900,'244.0.3',634,,11970,28,,,0,70,,11971,28,,,0,33,,11972,28,,,0,71,,11973,28,,,0,30,,11974,28,,,0,68,,11975,28,,,0,26,,11976,28,,,0,70,,11977,28,,,0,30,,11978,28,,,0,70,,11979,28,,,0,30,,11980,28,,,0,70,,11981,28,,,0,30,,11982,28,,,0,70,,11983,28,,,0,30,,11984,28,,,0,70,,11985,28,,,0,30,,11986,28,,,0,71,,11987,28,,,0,35,,11988,28,,,0,70,,11989,28,,,0,30,,11990,28,,,0,70,,11991,28,,,0,30,,11992,28,,,0,69,,11993,28,,,0,26,,11994,28,,,0,70,,11995,28,,,0,100,,11996,28,,,0,98,,11997,28,,,0,100,,11998,28,,,0,100,,11999,28,,,0
5300,'244.0.1',623,,12090,21,4,,0,30,,12091,21,4,,0,70,,12092,21,4,,0,30,,12093,21,4,,0,70,,12094,21,4,,0,30,,12095,21,4,,0,70,,12096,21,4,,0,30,,12097,21,4,,0,72,,12098,21,4,,0,30,,12099,21,4,,0,70,,12100,21,4,,0,30,,12101,21,4,,0,70,,12102,21,4,,0,30,,12103,21,4,,0,70,,12104,21,4,,0,30,,12105,21,4,,0,70,,12106,21,4,,0,30,,12107,21,4,,0,70,,12108,21,4,,0,30,,12109,21,4,,0,70,,12110,21,4,,0,30,,12111,21,4,,0,70,,12112,21,4,,0,30,,12113,21,4,,0,67,,12114,21,4,,0,30,,12115,21,4,,0,70,,12116,21,4,,0,30,,12117,21,4,,0,70,,12118,21,4,,0,30,,12119,21,4,,0,70,,12120,21,4,,0,30,,12121,21,4,,0,70,,12122,21,4,,0,100,,12123,21,4,,0
5300,'244.0.2',723,,12124,21,4,,0,100,,12125,21,4,,0,100,,12126,21,4,,0,102,,12127,21,4,,0,100,,12128,21,4,,0,100,,12129,21,4,,0,100,,12130,21,4,,0,100,,12131,21,4,,0,100,,12132,21,4,,0,100,,12133,21,4,,0,100,,12134,21,4,,0,97,,12135,21,4,,0,100,,12136,21,4,,0,100,,12137,21,4,,0,100,,12138,21,4,,0,100,,12139,21,4,,0
5300,'244.0.3',621,,12140,21,4,,0,30,,12141,21,4,,0,74,,12142,21,4,,0,30,,12143,21,4,,0,70,,12144,21,4,,0,30,,12145,21,4,,0,70,,12146,21,4,,0,30,,12147,21,4,,0,70,,12148,21,4,,0,30,,12149,21,4,,0,70,,12150,21,4,,0,30,,12151,21,4,,0,70,,12152,21,4,,0,30,,12153,21,4,,0,70,,12154,21,4,,0,30,,12155,21,4,,0,70,,12156,21,4,,0,30,,12157,21,4,,0,71,,12158,21,4,,0,30,,12159,21,4,,0,70,,12160,21,4,,0,30,,12161,21,4,,0,70,,12162,21,4,,0,30,,12163,21,4,,0,66,,12164,21,4,,0,30,,12165,21,4,,0,70,,12166,21,4,,0,30,,12167,21,4,,0,70,,12168,21,4,,0,30,,12169,21,4,,0,70,,12170,21,4,,0,100,,12171,21,4,,0,100,,12172,21,4,,0,100,,12173,21,4,,0
5301,'244.0.1',608,,12174,1,,,0,30,,12175,1,,,0,70,,12176,1,,,0,30,,12177,1,,,0,70,,12178,1,,,0,30,,12179,1,,,0,70,,12180,1,,,0,30,,12181,1,,,0,70,,12182,1,,,0,30,,12183,1,,,0,70,,12184,1,,,0,30,,12185,1,,,0,70,,12186,1,,,0,30,,12187,1,,,0,70,,12188,1,,,0,30,,12189,1,,,0,70,,12190,1,,,0,30,,12191,1,,,0,70,,12192,1,,,0,30,,12193,1,,,0,70,,12194,1,,,0,30,,12195,1,,,0,70,,12196,1,,,0,30,,12197,1,,,0,70,,12198,1,,,0,30,,12199,1,,,0,70,,12200,1,,,0,30,,12201,1,,,0,70,,12202,1,,,0,30,,12203,1,,,0,70,,12204,1,,,0,30,,12205,1,,,0,70,,12206,1,,,0,100,,12207,1,,,0
5301,'244.0.2',708,,12208,1,,,0,100,,12209,1,,,0,100,,12210,1,,,0,100,,12211,1,,,0,100,,12212,1,,,0,100,,12213,1,,,0,100,,12214,1,,,0,100,,12215,1,,,0,100,,12216,1,,,0,100,,12217,1,,,0,100,,12218,1,,,0,100,,12219,1,,,0,100,,12220,1,,,0,100,,12221,1,,,0,100,,12222,1,,,0,100,,12223,1,,,0
5301,'244.0.3',541,,12224,1,,,0,70,,12225,1,,,0,30,,12226,1,,,0,66,,12227,1,,,0,30,,12228,1,,,0,70,,12229,1,,,0,31,,12230,1,,,0,70,,12231,1,,,0,30,,12232,1,,,0,70,,12233,1,,,0,30,,12234,1,,,0,70,,12235,1,,,0,30,,12236,1,,,0,70,,12237,1,,,0,30,,12238,1,,,0,70,,12239,1,,,0,30,,12240,1,,,0,70,,12241,1,,,0,30,,12242,1,,,0,70,,12243,1,,,0,30,,12244,1,,,0,70,,12245,1,,,0,30,,12246,1,,,0,70,,12247,1,,,0,30,,12248,1,,,0,70,,12249,1,,,0,30,,12250,1,,,0,70,,12251,1,,,0,30,,12252,1,,,0,72,,12253,1,,,0,30,,12254,1,,,0,70,,12255,1,,,0,100,,12256,1,,,0,100,,12257,1,,,0
7201,'244.0.1',634,,13675,1,,,0,78,,13676,21,,,0,30,,13677,21,,,0,70,,13678,21,,,0,30,,13679,21,,,0,70,,13680,21,,,0,30,,13681,21,,,0,74,,13682,21,,,0,30,,13683,21,,,0,70,,13684,21,,,0,36,,13685,21,,,0,70,,13686,21,,,0,30,,13687,21,,,0,70,,13688,21,,,0,30,,13689,21,,,0,70,,13690,21,,,0,30,,13691,21,,,0,70,,13692,21,,,0,30,,13693,21,,,0,70,,13694,21,,,0,30,,13695,21,,,0,70,,13696,21,,,0,30,,13697,21,,,0,67,,13698,21,,,0,25,,13699,21,,,0,70,,13700,21,,,0,100,,13701,21,,,0,100,,13702,21,,,0,100,,13703,21,,,0,100,,13704,21,,,0,100,,13705,21,,,0
7201,'244.0.2',711,,13706,1,,,0,100,,13707,21,,,0,100,,13708,21,,,0,100,,13709,21,,,0,103,,13710,21,,,0,106,,13711,21,,,0,100,,13712,21,,,0,100,,13713,21,,,0,100,,13714,21,,,0,100,,13715,21,,,0,100,,13716,21,,,0,97,,13717,21,,,0,100,,13718,21,,,0,92,,13719,21,,,0,100,,13720,21,,,0,100,,13721,21,,,0,100,,13722,21,,,0
7201,'244.0.3',646,,13723,21,,,0,70,,13724,21,,,0,30,,13725,21,,,0,73,,13726,21,,,0,32,,13727,21,,,0,73,,13728,21,,,0,30,,13729,21,,,0,68,,13730,21,,,0,30,,13731,21,,,0,70,,13732,21,,,0,30,,13733,21,,,0,70,,13734,21,,,0,30,,13735,21,,,0,70,,13736,21,,,0,30,,13737,21,,,0,70,,13738,21,,,0,30,,13739,21,,,0,70,,13740,21,,,0,31,,13741,21,,,0,71,,13742,21,,,0,30,,13743,21,,,0,70,,13744,21,,,0,30,,13745,21,,,0,70,,13746,21,,,0,26,,13747,21,,,0,64,,13748,21,,,0,100,,13749,21,,,0,100,,13750,21,,,0,100,,13751,21,,,0,100,,13752,21,,,0
8701,'244.0.1',632,,14383,29,,,0,70,,14384,29,,,0,30,,14385,29,,,0,70,,14386,29,,,0,30,,14387,29,,,0,70,,14388,29,,,0,31,,14389,29,,,0,71,,14390,29,,,0,30,,14391,29,,,0,70,,14392,29,,,0,32,,14393,29,,,0,71,,14394,29,,,0,30,,14395,29,,,0,70,,14396,29,,,0,30,,14397,29,,,0,70,,14398,29,,,0,30,,14399,29,,,0,70,,14400,29,,,0,30,,14401,29,,,0,70,,14402,29,,,0,30,,14403,29,,,0,70,,14404,29,,,0,30,,14405,29,,,0,69,,14406,29,,,0,26,,14407,29,,,0,95,,14408,29,,,0,100,,14409,29,,,0,100,,14410,29,,,0,100,,14411,29,,,0,100,,14412,29,,,0
8701,'244.0.2',631,,14413,29,,,0,100,,14414,29,,,0,100,,14415,29,,,0,102,,14416,29,,,0,100,,14417,29,,,0,100,,14418,29,,,0,101,,14419,29,,,0,103,,14420,29,,,0,100,,14421,29,,,0,100,,14422,29,,,0,100,,14423,29,,,0,98,,14424,29,,,0,97,,14425,29,,,0,100,,14426,29,,,0,100,,14427,29,,,0,100,,14428,29,,,0,100,,14429,29,,,0,97,,14430,29,,,0
8701,'244.0.3',657,,14431,29,,,0,76,,14432,29,,,0,15,,14433,29,,,0,70,,14434,29,,,0,24,,14435,29,,,0,69,,14436,29,,,0,30,,14437,29,,,0,70,,14438,29,,,0,30,,14439,29,,,0,70,,14440,29,,,0,30,,14441,29,,,0,70,,14442,29,,,0,30,,14443,29,,,0,70,,14444,29,,,0,30,,14445,29,,,0,70,,14446,29,,,0,33,,14447,29,,,0,72,,14448,29,,,0,30,,14449,29,,,0,69,,14450,29,,,0,31,,14451,29,,,0,70,,14452,29,,,0,30,,14453,29,,,0,66,,14454,29,,,0,28,,14455,29,,,0,70,,14456,29,,,0,90,,14457,29,,,0,100,,14458,29,,,0,100,,14459,29,,,0,100,,14460,29,,,0,100,,14461,29,,,0
