100,'244.0.1',609,,8843,24,,,0,15,,8844,24,,,0,15,,8845,24,,,0,15,,8846,24,,,0,55,,8847,24,,,0,15,,8848,24,,,0,15,,8849,24,,,0,15,,8850,24,,,0,58,,8851,24,,,0,15,,8852,24,,,0,15,,8853,24,,,0,15,,8854,24,,,0,55,,8855,24,,,0,15,,8856,24,,,0,17,,8857,24,,,0,15,,8858,24,,,0,55,,8859,24,,,0,15,,8860,24,,,0,15,,8861,24,,,0,57,,8862,24,,,0,16,,8863,24,,,0,15,,8864,24,,,0,15,,8865,24,,,0,55,,8866,24,,,0,15,,8867,24,,,0,15,,8868,24,,,0,15,,8869,24,,,0,55,,8870,24,,,0,15,,8871,24,,,0,15,,8872,24,,,0,15,,8873,24,,,0,55,,8874,24,,,0,15,,8875,24,,,0,15,,8876,24,,,0,15,,8877,24,,,0,55,,8878,24,,,0,15,,8879,24,,,0,15,,8880,24,,,0,15,,8881,24,,,0,55,,8882,24,,,0,15,,8883,24,,,0,15,,8884,24,,,0,15,,8885,24,,,0,55,,8886,24,,,0,15,,8887,24,,,0,15,,8888,24,,,0,15,,8889,24,,,0,55,,8890,24,,,0,15,,8891,24,,,0,15,,8892,24,,,0,15,,8893,24,,,0,55,,8894,24,,,0,14,,8895,24,,,0,14,,8896,24,,,0,15,,8897,24,,,0,55,,8898,24,,,0,15,,8899,24,,,0,15,,8900,24,,,0,15,,8901,24,,,0,55,,8902,24,,,0,15,,8903,24,,,0,15,,8904,24,,,0,15,,8905,24,,,0,55,,8906,24,,,0,13,,8907,24,,,0,13,,8908,24,,,0,15,,8909,24,,,0,15,,8910,24,,,0,55,,8911,24,,,0,15,,8912,24,,,0,15,,8913,24,,,0,15,,8914,24,,,0,55,,8915,24,,,0,15,,8916,24,,,0,15,,8917,24,,,0,15,,8918,24,,,0
100,'244.0.2',610,,8919,24,,,0,15,,8920,24,,,0,15,,8921,24,,,0,15,,8922,24,,,0,55,,8923,24,,,0,15,,8924,24,,,0,15,,8925,24,,,0,15,,8926,24,,,0,55,,8927,24,,,0,15,,8928,24,,,0,18,,8929,24,,,0,15,,8930,24,,,0,55,,8931,24,,,0,15,,8932,24,,,0,15,,8933,24,,,0,15,,8934,24,,,0,55,,8935,24,,,0,17,,8936,24,,,0,15,,8937,24,,,0,55,,8938,24,,,0,15,,8939,24,,,0,15,,8940,24,,,0,15,,8941,24,,,0,57,,8942,24,,,0,16,,8943,24,,,0,15,,8944,24,,,0,15,,8945,24,,,0,55,,8946,24,,,0,15,,8947,24,,,0,15,,8948,24,,,0,15,,8949,24,,,0,55,,8950,24,,,0,15,,8951,24,,,0,15,,8952,24,,,0,15,,8953,24,,,0,55,,8954,24,,,0,15,,8955,24,,,0,15,,8956,24,,,0,15,,8957,24,,,0,55,,8958,24,,,0,15,,8959,24,,,0,15,,8960,24,,,0,15,,8961,24,,,0,55,,8962,24,,,0,15,,8963,24,,,0,15,,8964,24,,,0,15,,8965,24,,,0,55,,8966,24,,,0,15,,8967,24,,,0,13,,8968,24,,,0,13,,8969,24,,,0,15,,8970,24,,,0,55,,8971,24,,,0,15,,8972,24,,,0,15,,8973,24,,,0,15,,8974,24,,,0,55,,8975,24,,,0,15,,8976,24,,,0,30,,8977,24,,,0,70,,8978,24,,,0,30,,8979,24,,,0,68,,8980,24,,,0,30,,8981,24,,,0,70,,8982,24,,,0,30,,8983,24,,,0
100,'244.0.3',620,,8985,24,,,0,10,,8986,24,,,0,10,,8987,24,,,0,10,,8988,24,,,0,50,,8989,24,,,0,10,,8990,24,,,0,10,,8991,24,,,0,10,,8992,24,,,0,13,,8993,24,,,0,13,,8994,24,,,0,50,,8995,24,,,0,10,,8996,24,,,0,10,,8997,24,,,0,10,,8998,24,,,0,10,,8999,24,,,0,10,,9000,24,,,0,50,,9001,24,,,0,10,,9002,24,,,0,9,,9003,24,,,0,9,,9004,24,,,0,9,,9005,24,,,0,10,,9006,24,,,0,50,,9007,24,,,0,10,,9008,24,,,0,10,,9009,24,,,0,10,,9010,24,,,0,10,,9011,24,,,0,10,,9012,24,,,0,50,,9013,24,,,0,10,,9014,24,,,0,10,,9015,24,,,0,10,,9016,24,,,0,10,,9017,24,,,0,10,,9018,24,,,0,50,,9019,24,,,0,10,,9020,24,,,0,10,,9021,24,,,0,10,,9022,24,,,0,10,,9023,24,,,0,10,,9024,24,,,0,50,,9025,24,,,0,10,,9026,24,,,0,10,,9027,24,,,0,10,,9028,24,,,0,10,,9029,24,,,0,10,,9030,24,,,0,50,,9031,24,,,0,10,,9032,24,,,0,10,,9033,24,,,0,10,,9034,24,,,0,10,,9035,24,,,0,10,,9036,24,,,0,50,,9037,24,,,0,10,,9038,24,,,0,11,,9039,24,,,0,12,,9040,24,,,0,10,,9041,24,,,0,10,,9042,24,,,0,50,,9043,24,,,0,10,,9044,24,,,0,10,,9045,24,,,0,10,,9046,24,,,0,10,,9047,24,,,0,10,,9048,24,,,0,50,,9049,24,,,0,10,,9050,24,,,0,10,,9051,24,,,0,10,,9052,24,,,0,10,,9053,24,,,0,9,,9054,24,,,0,49,,9055,24,,,0,7,,9056,24,,,0,8,,9057,24,,,0,10,,9058,24,,,0,10,,9059,24,,,0,10,,9060,24,,,0,10,,9061,24,,,0,50,,9062,24,,,0,10,,9063,24,,,0,10,,9064,24,,,0,10,,9065,24,,,0,10,,9066,24,,,0,10,,9067,24,,,0,50,,9068,24,,,0,10,,9069,24,,,0,10,,9070,24,,,0,10,,9071,24,,,0,10,,9072,24,,,0,10,,9073,24,,,0,50,,9074,24,,,0,10,,9075,24,,,0,10,,9076,24,,,0,10,,9077,24,,,0,10,,9078,24,,,0,10,,9079,24,,,0,50,,9080,24,,,0,8,,9081,24,,,0,15,,9082,24,,,0,15,,9083,24,,,0,55,,9084,24,,,0,15,,9085,24,,,0,15,,9086,24,,,0,15,,9087,24,,,0,55,,9088,24,,,0,15,,9089,24,,,0,15,,9090,24,,,0,15,,9091,24,,,0
801,'244.0.1',619,,10684,79,,,0,30,,10685,79,,,0,70,,10686,79,,,0,30,,10687,79,,,0,73,,10688,79,,,0,33,,10689,79,,,0,70,,10690,79,,,0,31,,10691,79,,,0,74,,10692,79,,,0,74,,10693,79,,,0,30,,10694,79,,,0,70,,10695,79,,,0,30,,10696,79,,,0,71,,10697,79,,,0,31,,10698,79,,,0,71,,10699,79,,,0,30,,10700,79,,,0,70,,10701,79,,,0,30,,10702,79,,,0,70,,10703,79,,,0,30,,10704,79,,,0,70,,10705,79,,,0,30,,10706,79,,,0,68,,10707,79,,,0,28,,10708,79,,,0,69,,10709,79,,,0,30,,10710,79,,,0,25,,10711,79,,,0,65,,10712,79,,,0,29,,10713,79,,,0,70,,10714,79,,,0,30,,10715,79,,,0,70,,10716,79,,,0,30,,10717,79,,,0,70,,10718,79,,,0,30,,10719,79,,,0,70,,10720,79,,,0,100,,10721,79,,,0
801,'244.0.2',625,,10722,79,,,0,30,,10723,79,,,0,70,,10724,79,,,0,30,,10725,79,,,0,70,,10726,79,,,0,30,,10727,79,,,0,72,,10728,79,,,0,75,,10729,79,,,0,30,,10730,79,,,0,72,,10731,79,,,0,33,,10732,79,,,0,70,,10733,79,,,0,30,,10734,79,,,0,70,,10735,79,,,0,30,,10736,79,,,0,70,,10737,79,,,0,30,,10738,79,,,0,70,,10739,79,,,0,30,,10740,79,,,0,70,,10741,79,,,0,30,,10742,79,,,0,70,,10743,79,,,0,30,,10744,79,,,0,70,,10745,79,,,0,25,,10746,79,,,0,68,,10747,79,,,0,30,,10748,79,,,0,70,,10749,79,,,0,30,,10750,79,,,0,70,,10751,79,,,0,26,,10752,79,,,0,27,,10753,79,,,0,70,,10754,79,,,0,30,,10755,79,,,0,100,,10756,79,,,0,100,,10757,79,,,0
801,'244.0.3',614,,10758,79,,,0,30,,10759,79,,,0,72,,10760,79,,,0,24,,10761,79,,,0,70,,10762,79,,,0,20,,10763,79,,,0,20,,10764,79,,,0,60,,10765,79,,,0,16,,10766,79,,,0,16,,10767,79,,,0,17,,10768,79,,,0,60,,10769,79,,,0,20,,10770,79,,,0,20,,10771,79,,,0,60,,10772,79,,,0,20,,10773,79,,,0,20,,10774,79,,,0,60,,10775,79,,,0,20,,10776,79,,,0,20,,10777,79,,,0,60,,10778,79,,,0,20,,10779,79,,,0,20,,10780,79,,,0,60,,10781,79,,,0,20,,10782,79,,,0,20,,10783,79,,,0,64,,10784,79,,,0,20,,10785,79,,,0,63,,10786,79,,,0,33,,10787,79,,,0,70,,10788,79,,,0,30,,10789,79,,,0,70,,10790,79,,,0,18,,10791,79,,,0,25,,10792,79,,,0,68,,10793,79,,,0,30,,10794,79,,,0,70,,10795,79,,,0,30,,10796,79,,,0,70,,10797,79,,,0,26,,10798,79,,,0,69,,10799,79,,,0,30,,10800,79,,,0,70,,10801,79,,,0,30,,10802,79,,,0,70,,10803,79,,,0,30,,10804,79,,,0,70,,10805,79,,,0
12300,'244.0.3',643,,14873,37,,,0,70,,14875,37,,,0,111,,14876,37,,,0,29,,14877,37,,,0,66,,14874,37,,,0
12300,'244.1141.3',751,,14878,37,,,0
12300,'244.1143.3',751,,14879,37,,,0
12700,'244.0.3',646,,14893,27,,,0,58,,14894,27,,,0,22,,14895,27,,,0,11,,14896,27,,,0,9,,14897,27,,,0,60,,14898,27,,,0,15,,14899,27,,,0,15,,14900,27,,,0,5,,14901,27,,,0
18200,'244.0.3',1455,,15020,4,,,0,55,,15021,4,,,0,15,,15022,4,,,0,15,,15023,4,,,0,14,,15024,4,,,0,55,,15025,4,,,0,15,,15026,4,,,0,15,,15027,4,,,0,15,,15028,4,,,0,56,,15029,4,,,0,15,,15030,4,,,0,16,,15031,4,,,0,15,,15033,4,,,0,54,,15032,4,,,0,16,,15034,4,,,0
18300,'244.0.3',1459,,15048,4,,,0,70,,15049,4,,,0,71,,15050,4,,,0,31,,15051,4,,,0,69,,15052,4,,,0,28,,15053,4,,,0,30,,15054,4,,,0
18500,'244.0.3',1507,,15061,4,,,0,15,,15062,4,,,0,15,,15063,4,,,0,16,,15064,4,,,0,55,,15065,4,,,0,16,,15066,4,,,0,15,,15067,4,,,0,15,,15068,4,,,0,52,,15069,4,,,0,15,,15072,4,,,0,15,,15070,4,,,0,15,,15073,4,,,0,55,,15071,4,,,0,15,,15074,4,,,0
18600,'244.0.3',1514,,15087,4,,,0,31,,15088,4,,,0,70,,15089,4,,,0,31,,15092,4,,,0,67,,15090,4,,,0,30,,15091,4,,,0
19200,'244.0.3',1517,,15099,4,,,0,30,,15100,4,,,0,70,,15101,4,,,0,30,,15102,4,,,0,70,,15103,4,,,0,30,,15104,4,,,0
19401,'244.0.3',1538,,15115,4,,,0,70,,15116,4,,,0,30,,15117,4,,,0,70,,15118,4,,,0
19600,'244.0.3',1540,,15119,4,,,0,70,,15120,4,,,0,30,,15121,4,,,0,71,,15122,4,,,0
1000901,'244.0.1',719,,15814,53,,,0,100,,15815,53,,,0,104,,15816,53,,,0,100,,15817,53,,,0,100,,15818,53,,,0,100,,15819,53,,,0,100,,15820,53,,,0,100,,15821,53,,,0,100,,15822,53,,,0,100,,15823,53,,,0,100,,15824,53,,,0,95,,15825,53,,,0,100,,15826,53,,,0,100,,15827,53,,,0,97,,15828,53,,,0,100,,15829,53,,,0,100,,15830,53,,,0,100,,15831,53,,,0
1000901,'244.0.2',713,,15832,53,,,0,98,,15833,53,,,0,105,,15834,53,,,0,100,,15835,53,,,0,104,,15836,53,,,0,100,,15837,53,,,0,100,,15838,53,,,0,100,,15839,53,,,0,100,,15840,53,,,0,100,,15841,53,,,0,100,,15842,53,,,0,100,,15843,53,,,0,100,,15844,53,,,0,96,,15845,53,,,0,96,,15846,53,,,0,100,,15847,53,,,0,99,,15848,53,,,0,99,,15849,53,,,0
1000901,'244.0.3',603,,15850,53,,,0,27,,15851,53,,,0,25,,15852,53,,,0,50,,15853,53,,,0,7,,15854,53,,,0,17,,15855,53,,,0,23,,15856,53,,,0,5,,15857,53,,,0,55,,15858,53,,,0,10,,15859,53,,,0,20,,15860,53,,,0,10,,15861,53,,,0,59,,15862,53,,,0,9,,15863,53,,,0,8,,15864,53,,,0,10,,15865,53,,,0,65,,15866,53,,,0,15,,15867,53,,,0,15,,15868,53,,,0,70,,15869,53,,,0,15,,15870,53,,,0,15,,15871,53,,,0,70,,15872,53,,,0,15,,15873,53,,,0,15,,15874,53,,,0,70,,15875,53,,,0,15,,15876,53,,,0,15,,15877,53,,,0,70,,15878,53,,,0,15,,15879,53,,,0,15,,15880,53,,,0,70,,15881,53,,,0,17,,15882,53,,,0,15,,15883,53,,,0,69,,15884,53,,,0,25,,15885,53,,,0,5,,15886,53,,,0,25,,15887,53,,,0,50,,15888,53,,,0,20,,15889,53,,,0,10,,15890,53,,,0,20,,15891,53,,,0,50,,15892,53,,,0,18,,15893,53,,,0,9,,15894,53,,,0,17,,15895,53,,,0,50,,15896,53,,,0,25,,15897,53,,,0,30,,15898,53,,,0,71,,15899,53,,,0,29,,15900,53,,,0,67,,15901,53,,,0,25,,15902,53,,,0,70,,15903,53,,,0,35,,15904,53,,,0,60,,15905,53,,,0,40,,15906,53,,,0,60,,15907,53,,,0,40,,15908,53,,,0,60,,15909,53,,,0
1001000,'244.0.3',630,,15910,14,,,0,19,,15911,14,,,0,59,,15912,14,,,0,28,,15913,14,,,0,18,,15914,14,,,0,60,,15915,14,,,0,20,,15916,14,,,0,20,,15917,14,,,0,60,,15918,14,,,0,500,,15919,14,,,0,19,,15920,14,,,0,20,,15921,14,,,0,60,,15922,14,,,0,20,,15923,14,,,0,22,,15924,14,,,0,60,,15925,14,,,0,20,,15926,14,,,0,20,,15927,14,,,0,50,,15928,14,,,0,29,,15929,14,,,0,20,,15930,14,,,0,60,,15931,14,,,0,17,,15932,14,,,0
2000901,'244.0.1',650,,16829,69,,,0,100,,16830,69,,,0,99,,16831,69,,,0,104,,16832,69,,,0,100,,16833,69,,,0,100,,16834,69,,,0,100,,16835,69,,,0,100,,16836,69,,,0,100,,16837,69,,,0,100,,16838,69,,,0,100,,16839,69,,,0,100,,16840,69,,,0,96,,16841,69,,,0,100,,16842,69,,,0,97,,16843,69,,,0,100,,16844,69,,,0,100,,16845,69,,,0,100,,16846,69,,,0,100,,16847,69,,,0
2000901,'244.0.2',643,,16848,69,,,0,100,,16849,69,,,0,98,,16850,69,,,0,106,,16851,69,,,0,100,,16852,69,,,0,103,,16853,69,,,0,100,,16854,69,,,0,100,,16855,69,,,0,100,,16856,69,,,0,100,,16857,69,,,0,100,,16858,69,,,0,100,,16859,69,,,0,100,,16860,69,,,0,100,,16861,69,,,0,93,,16862,69,,,0,100,,16863,69,,,0,100,,16864,69,,,0,96,,16865,69,,,0,100,,16866,69,,,0
2000901,'244.0.3',616,,16867,69,,,0,30,,16868,69,,,0,71,,16869,69,,,0,85,,16870,69,,,0,30,,16871,69,,,0,69,,16872,69,,,0,18,,16873,69,,,0,29,,16874,69,,,0,100,,16875,69,,,0,100,,16876,69,,,0,100,,16877,69,,,0,100,,16878,69,,,0,100,,16879,69,,,0,101,,16880,69,,,0,70,,16881,69,,,0,30,,16882,69,,,0,70,,16883,69,,,0,30,,16884,69,,,0,70,,16885,69,,,0,25,,16886,69,,,0,69,,16887,69,,,0,30,,16888,69,,,0,70,,16889,69,,,0,30,,16890,69,,,0,70,,16891,69,,,0,25,,16892,69,,,0,62,,16893,69,,,0,30,,16894,69,,,0,100,,16895,69,,,0,100,,16896,69,,,0
2001000,'244.0.1',640,,16899,14,,,0,85,,16900,14,,,0,30,,16901,14,,,0,70,,16902,14,,,0,30,,16903,14,,,0,70,,16904,14,,,0,32,,16905,14,,,0,70,,16906,14,,,0,30,,16907,14,,,0,71,,16908,14,,,0,30,,16909,14,,,0,70,,16910,14,,,0,30,,16911,14,,,0,70,,16912,14,,,0,30,,16913,14,,,0,70,,16914,14,,,0,30,,16915,14,,,0,70,,16916,14,,,0,30,,16917,14,,,0,70,,16918,14,,,0,30,,16919,14,,,0,70,,16920,14,,,0,30,,16921,14,,,0,70,,16922,14,,,0,29,,16923,14,,,0,70,,16924,14,,,0,30,,16925,14,,,0,85,,16926,14,,,0,98,,16927,14,,,0,100,,16928,14,,,0,100,,16929,14,,,0
2001000,'244.0.2',640,,16930,14,,,0,115,,16931,14,,,0,70,,16932,14,,,0,30,,16933,14,,,0,70,,16934,14,,,0,31,,16935,14,,,0,70,,16936,14,,,0,30,,16937,14,,,0,70,,16938,14,,,0,30,,16939,14,,,0,70,,16940,14,,,0,30,,16941,14,,,0,70,,16942,14,,,0,31,,16943,14,,,0,70,,16944,14,,,0,30,,16945,14,,,0,70,,16946,14,,,0,30,,16947,14,,,0,70,,16948,14,,,0,30,,16949,14,,,0,70,,16950,14,,,0,30,,16951,14,,,0,85,,16952,14,,,0,98,,16953,14,,,0,100,,16954,14,,,0,100,,16955,14,,,0,100,,16956,14,,,0,100,,16957,14,,,0,100,,16958,14,,,0
2001000,'244.0.3',552,,16959,14,,,0,91,,16960,14,,,0,60,,16961,14,,,0,20,,16962,14,,,0,20,,16963,14,,,0,63,,16964,14,,,0,21,,16965,14,,,0,20,,16966,14,,,0,60,,16967,14,,,0,37,,16968,14,,,0,70,,16969,14,,,0,30,,16970,14,,,0,70,,16971,14,,,0,30,,16972,14,,,0,70,,16973,14,,,0,30,,16974,14,,,0,70,,16975,14,,,0,30,,16976,14,,,0,65,,16977,14,,,0,17,,16978,14,,,0,20,,16979,14,,,0,60,,16980,14,,,0,20,,16981,14,,,0,22,,16982,14,,,0,60,,16983,14,,,0,20,,16984,14,,,0,20,,16985,14,,,0,60,,16986,14,,,0,19,,16987,14,,,0,20,,16988,14,,,0,60,,16989,14,,,0,17,,16990,14,,,0,23,,16991,14,,,0,60,,16992,14,,,0,24,,16993,14,,,0,70,,16994,14,,,0,30,,16995,14,,,0,70,,16996,14,,,0,30,,16997,14,,,0
3001000,'244.0.1',610,,17448,14,,,0,100,,17449,14,,,0,30,,17450,14,,,0,70,,17451,14,,,0,30,,17452,14,,,0,70,,17453,14,,,0,32,,17454,14,,,0,70,,17455,14,,,0,30,,17456,14,,,0,70,,17457,14,,,0,31,,17458,14,,,0,70,,17459,14,,,0,30,,17460,14,,,0,70,,17461,14,,,0,30,,17462,14,,,0,70,,17463,14,,,0,30,,17464,14,,,0,70,,17465,14,,,0,30,,17466,14,,,0,70,,17467,14,,,0,30,,17468,14,,,0,70,,17469,14,,,0,30,,17470,14,,,0,70,,17471,14,,,0,29,,17472,14,,,0,70,,17473,14,,,0,100,,17474,14,,,0,100,,17475,14,,,0,98,,17476,14,,,0,100,,17477,14,,,0,100,,17478,14,,,0
3001000,'244.0.2',610,,17480,14,,,0,100,,17481,14,,,0,30,,17482,14,,,0,70,,17483,14,,,0,30,,17484,14,,,0,70,,17485,14,,,0,30,,17486,14,,,0,71,,17487,14,,,0,30,,17488,14,,,0,70,,17489,14,,,0,30,,17490,14,,,0,70,,17491,14,,,0,30,,17492,14,,,0,70,,17493,14,,,0,30,,17494,14,,,0,71,,17495,14,,,0,30,,17496,14,,,0,70,,17497,14,,,0,30,,17498,14,,,0,70,,17499,14,,,0,30,,17500,14,,,0,70,,17501,14,,,0,30,,17502,14,,,0,70,,17503,14,,,0,100,,17504,14,,,0,98,,17505,14,,,0,100,,17506,14,,,0,100,,17507,14,,,0,100,,17508,14,,,0
3001000,'244.0.3',557,,17512,14,,,0,59,,17513,14,,,0,20,,17514,14,,,0,19,,17515,14,,,0,58,,17516,14,,,0,17,,17517,14,,,0,18,,17518,14,,,0,73,,17519,14,,,0,20,,17520,14,,,0,60,,17521,14,,,0,28,,17522,14,,,0,30,,17523,14,,,0,70,,17524,14,,,0,30,,17525,14,,,0,70,,17526,14,,,0,30,,17527,14,,,0,70,,17528,14,,,0,30,,17529,14,,,0,70,,17530,14,,,0,30,,17531,14,,,0,60,,17532,14,,,0,20,,17533,14,,,0,20,,17534,14,,,0,60,,17535,14,,,0,20,,17536,14,,,0,62,,17537,14,,,0,20,,17538,14,,,0,20,,17539,14,,,0,60,,17540,14,,,0,19,,17541,14,,,0,20,,17542,14,,,0,60,,17543,14,,,0,17,,17544,14,,,0,20,,17545,14,,,0,20,,17546,14,,,0,59,,17547,14,,,0,30,,17548,14,,,0,70,,17549,14,,,0,30,,17550,14,,,0,70,,17551,14,,,0,30,,17552,14,,,0,68,,17553,14,,,0,30,,17554,14,,,0,70,,17555,14,,,0,30,,17556,14,,,0,70,,17557,14,,,0
