5601,'244.0.1',637,,12571,23,,,0,70,,12572,23,,,0,30,,12573,23,,,0,70,,12574,23,,,0,30,,12575,23,,,0,70,,12576,23,,,0,30,,12577,23,,,0,70,,12578,23,,,0,36,,12579,23,,,0,70,,12580,23,,,0,30,,12581,23,,,0,70,,12582,23,,,0,30,,12583,23,,,0,70,,12584,23,,,0,30,,12585,23,,,0,70,,12586,23,,,0,30,,12587,23,,,0,70,,12588,23,,,0,30,,12589,23,,,0,70,,12590,23,,,0,30,,12591,23,,,0,68,,12592,23,,,0,30,,12593,23,,,0,70,,12594,23,,,0,30,,12595,23,,,0,70,,12596,23,,,0,30,,12597,23,,,0,70,,12598,23,,,0,30,,12599,23,,,0,66,,12600,23,,,0,30,,12601,23,,,0,70,,12602,23,,,0,30,,12603,23,,,0,70,,12604,23,,,0,30,,12605,23,,,0,70,,12606,23,,,0
5601,'244.0.2',800,,12607,23,,,0,30,,12608,23,,,0,70,,12609,23,,,0,30,,12610,23,,,0,70,,12611,23,,,0,30,,12612,23,,,0,70,,12613,23,,,0,30,,12614,23,,,0,74,,12615,23,,,0,30,,12616,23,,,0,70,,12617,23,,,0,30,,12618,23,,,0,70,,12619,23,,,0,30,,12620,23,,,0,70,,12621,23,,,0,30,,12622,23,,,0,70,,12623,23,,,0,30,,12624,23,,,0,70,,12625,23,,,0,30,,12626,23,,,0,70,,12627,23,,,0,30,,12628,23,,,0,70,,12629,23,,,0,27,,12630,23,,,0,70,,12631,23,,,0,30,,12632,23,,,0,70,,12633,23,,,0,30,,12634,23,,,0,70,,12635,23,,,0,30,,12636,23,,,0
5601,'244.0.3',639,,12637,23,,,0,70,,12638,23,,,0,30,,12639,23,,,0,70,,12640,23,,,0,30,,12641,23,,,0,70,,12642,23,,,0,30,,12643,23,,,0,70,,12644,23,,,0,34,,12645,23,,,0,70,,12646,23,,,0,30,,12647,23,,,0,70,,12648,23,,,0,30,,12649,23,,,0,70,,12650,23,,,0,30,,12651,23,,,0,70,,12652,23,,,0,30,,12653,23,,,0,70,,12654,23,,,0,31,,12655,23,,,0,70,,12656,23,,,0,30,,12657,23,,,0,70,,12658,23,,,0,30,,12659,23,,,0,70,,12660,23,,,0,30,,12661,23,,,0,69,,12662,23,,,0,27,,12663,23,,,0,70,,12664,23,,,0,30,,12665,23,,,0,70,,12666,23,,,0,29,,12667,23,,,0,69,,12668,23,,,0,30,,12669,23,,,0,70,,12670,23,,,0,30,,12671,23,,,0,70,,12672,23,,,0
7201,'244.0.1',641,,13675,10,,,0,77,,13676,30,,,0,30,,13677,30,,,0,70,,13678,30,,,0,30,,13679,30,,,0,70,,13680,30,,,0,30,,13681,30,,,0,75,,13682,30,,,0,30,,13683,30,,,0,70,,13684,30,,,0,36,,13685,30,,,0,70,,13686,30,,,0,30,,13687,30,,,0,70,,13688,30,,,0,30,,13689,30,,,0,70,,13690,30,,,0,30,,13691,30,,,0,70,,13692,30,,,0,30,,13693,30,,,0,70,,13694,30,,,0,30,,13695,30,,,0,70,,13696,30,,,0,30,,13697,30,,,0,67,,13698,30,,,0,25,,13699,30,,,0,70,,13700,30,,,0,100,,13701,30,,,0,100,,13702,30,,,0,100,,13703,30,,,0,100,,13704,30,,,0,100,,13705,30,,,0
7201,'244.0.2',717,,13706,10,,,0,100,,13707,30,,,0,100,,13708,30,,,0,100,,13709,30,,,0,104,,13710,30,,,0,106,,13711,30,,,0,100,,13712,30,,,0,100,,13713,30,,,0,100,,13714,30,,,0,100,,13715,30,,,0,100,,13716,30,,,0,96,,13717,30,,,0,100,,13718,30,,,0,92,,13719,30,,,0,100,,13720,30,,,0,100,,13721,30,,,0,100,,13722,30,,,0
7201,'244.0.3',653,,13723,30,,,0,70,,13724,30,,,0,30,,13725,30,,,0,73,,13726,30,,,0,32,,13727,30,,,0,73,,13728,30,,,0,70,,13729,30,,,0,28,,13730,30,,,0,30,,13731,30,,,0,70,,13732,30,,,0,30,,13733,30,,,0,70,,13734,30,,,0,30,,13735,30,,,0,70,,13736,30,,,0,30,,13737,30,,,0,70,,13738,30,,,0,71,,13739,30,,,0,30,,13740,30,,,0,71,,13741,30,,,0,31,,13742,30,,,0,70,,13743,30,,,0,30,,13744,30,,,0,70,,13745,30,,,0,30,,13746,30,,,0,25,,13747,30,,,0,64,,13748,30,,,0,100,,13749,30,,,0,100,,13750,30,,,0,100,,13751,30,,,0,100,,13752,30,,,0
2001000,'244.0.1',700,,16899,34,,,0,45,,16900,34,,,0,70,,16901,34,,,0,30,,16902,34,,,0,70,,16903,34,,,0,31,,16904,34,,,0,73,,16905,34,,,0,30,,16906,34,,,0,70,,16907,34,,,0,33,,16908,34,,,0,70,,16909,34,,,0,30,,16910,34,,,0,70,,16911,34,,,0,30,,16912,34,,,0,70,,16913,34,,,0,30,,16914,34,,,0,70,,16915,34,,,0,30,,16916,34,,,0,70,,16917,34,,,0,30,,16918,34,,,0,70,,16919,34,,,0,30,,16920,34,,,0,70,,16921,34,,,0,30,,16922,34,,,0,68,,16923,34,,,0,30,,16924,34,,,0,70,,16925,34,,,0,85,,16926,34,,,0,96,,16927,34,,,0,100,,16928,34,,,0,100,,16929,34,,,0
2001000,'244.0.2',658,,16930,34,,,0,155,,16931,34,,,0,30,,16932,34,,,0,70,,16933,34,,,0,32,,16934,34,,,0,72,,16935,34,,,0,30,,16936,34,,,0,70,,16937,34,,,0,30,,16938,34,,,0,70,,16939,34,,,0,30,,16940,34,,,0,70,,16941,34,,,0,32,,16942,34,,,0,71,,16943,34,,,0,30,,16944,34,,,0,70,,16945,34,,,0,30,,16946,34,,,0,70,,16947,34,,,0,30,,16948,34,,,0,70,,16949,34,,,0,30,,16950,34,,,0,70,,16951,34,,,0,85,,16952,34,,,0,96,,16953,34,,,0,100,,16954,34,,,0,100,,16955,34,,,0,100,,16956,34,,,0,100,,16957,34,,,0,100,,16958,34,,,0
2001000,'244.0.3',614,,16959,34,,,0,91,,16960,34,,,0,20,,16961,34,,,0,20,,16962,34,,,0,61,,16963,34,,,0,24,,16964,34,,,0,21,,16965,34,,,0,60,,16966,34,,,0,20,,16967,34,,,0,77,,16968,34,,,0,30,,16969,34,,,0,70,,16970,34,,,0,30,,16971,34,,,0,70,,16972,34,,,0,30,,16973,34,,,0,70,,16974,34,,,0,30,,16975,34,,,0,70,,16976,34,,,0,25,,16977,34,,,0,17,,16978,34,,,0,60,,16979,34,,,0,20,,16980,34,,,0,21,,16981,34,,,0,68,,16982,34,,,0,20,,16983,34,,,0,20,,16984,34,,,0,60,,16985,34,,,0,18,,16986,34,,,0,19,,16987,34,,,0,59,,16988,34,,,0,15,,16989,34,,,0,16,,16990,34,,,0,63,,16991,34,,,0,20,,16992,34,,,0,24,,16993,34,,,0,70,,16994,34,,,0,30,,16995,34,,,0,70,,16996,34,,,0,30,,16997,34,,,0
3001000,'244.0.1',630,,17448,34,,,0,100,,17449,34,,,0,70,,17450,34,,,0,30,,17451,34,,,0,70,,17452,34,,,0,31,,17453,34,,,0,73,,17454,34,,,0,30,,17455,34,,,0,70,,17456,34,,,0,30,,17457,34,,,0,73,,17458,34,,,0,30,,17459,34,,,0,70,,17460,34,,,0,30,,17461,34,,,0,70,,17462,34,,,0,30,,17463,34,,,0,70,,17464,34,,,0,30,,17465,34,,,0,70,,17466,34,,,0,30,,17467,34,,,0,70,,17468,34,,,0,30,,17469,34,,,0,70,,17470,34,,,0,30,,17471,34,,,0,68,,17472,34,,,0,30,,17473,34,,,0,100,,17474,34,,,0,100,,17475,34,,,0,96,,17476,34,,,0,100,,17477,34,,,0,100,,17478,34,,,0
3001000,'244.0.2',628,,17480,34,,,0,100,,17481,34,,,0,30,,17482,34,,,0,70,,17483,34,,,0,30,,17484,34,,,0,70,,17485,34,,,0,30,,17486,34,,,0,74,,17487,34,,,0,70,,17488,34,,,0,30,,17489,34,,,0,70,,17490,34,,,0,30,,17491,34,,,0,70,,17492,34,,,0,30,,17493,34,,,0,70,,17494,34,,,0,33,,17495,34,,,0,70,,17496,34,,,0,30,,17497,34,,,0,70,,17498,34,,,0,30,,17499,34,,,0,70,,17500,34,,,0,30,,17501,34,,,0,70,,17502,34,,,0,30,,17503,34,,,0,100,,17504,34,,,0,96,,17505,34,,,0,100,,17506,34,,,0,100,,17507,34,,,0,100,,17508,34,,,0
3001000,'244.0.3',619,,17512,34,,,0,19,,17513,34,,,0,20,,17514,34,,,0,59,,17515,34,,,0,18,,17516,34,,,0,17,,17517,34,,,0,60,,17518,34,,,0,33,,17519,34,,,0,60,,17520,34,,,0,20,,17521,34,,,0,28,,17522,34,,,0,70,,17523,34,,,0,30,,17524,34,,,0,70,,17525,34,,,0,30,,17526,34,,,0,70,,17527,34,,,0,30,,17528,34,,,0,70,,17529,34,,,0,30,,17530,34,,,0,70,,17531,34,,,0,20,,17532,34,,,0,60,,17533,34,,,0,20,,17534,34,,,0,20,,17535,34,,,0,66,,17536,34,,,0,23,,17537,34,,,0,20,,17538,34,,,0,60,,17539,34,,,0,18,,17540,34,,,0,19,,17541,34,,,0,60,,17542,34,,,0,14,,17543,34,,,0,16,,17544,34,,,0,20,,17545,34,,,0,60,,17546,34,,,0,19,,17547,34,,,0,70,,17548,34,,,0,30,,17549,34,,,0,70,,17550,34,,,0,30,,17551,34,,,0,69,,17552,34,,,0,27,,17553,34,,,0,70,,17554,34,,,0,30,,17555,34,,,0,70,,17556,34,,,0,30,,17557,34,,,0
