5900,'244.0.1',633,,12777,5,4,,0,100,,12778,5,4,,0,100,,12779,5,4,,0,100,,12780,5,4,,0,100,,12781,5,4,,0,100,,12782,5,4,,0,100,,12783,5,4,,0,100,,12784,5,4,,0,100,,12785,5,4,,0,100,,12786,5,4,,0,100,,12787,5,4,,0,100,,12788,5,4,,0,100,,12789,5,4,,0,100,,12790,5,4,,0,100,,12791,5,4,,0,100,,12792,5,4,,0,100,,12793,5,4,,0,100,,12794,5,4,,0
5900,'244.0.2',733,,12795,5,4,,0,100,,12796,5,4,,0,100,,12797,5,4,,0,100,,12798,5,4,,0,100,,12799,5,4,,0,100,,12800,5,4,,0,100,,12801,5,4,,0,100,,12802,5,4,,0,100,,12803,5,4,,0,100,,12804,5,4,,0,100,,12805,5,4,,0,100,,12806,5,4,,0,100,,12807,5,4,,0,100,,12808,5,4,,0,100,,12809,5,4,,0,100,,12810,5,4,,0
5900,'244.0.3',539,,12811,5,4,,0,20,,12832,5,4,,0,60,,12812,5,4,,0,20,,12813,5,4,,0,20,,12814,5,4,,0,60,,12815,5,4,,0,20,,12816,5,4,,0,62,,12817,5,4,,0,20,,12818,5,4,,0,93,,12819,5,4,,0,100,,12820,5,4,,0,100,,12821,5,4,,0,100,,12822,5,4,,0,100,,12823,5,4,,0,100,,12824,5,4,,0,100,,12825,5,4,,0,408,,12826,5,4,,0,100,,12827,5,4,,0,100,,12828,5,4,,0,100,,12829,5,4,,0,100,,12830,5,4,,0,100,,12831,5,4,,0
5901,'244.0.1',633,,12833,1,,,0,100,,12834,1,,,0,100,,12835,1,,,0,100,,12836,1,,,0,100,,12837,1,,,0,100,,12838,1,,,0,100,,12839,1,,,0,100,,12840,1,,,0,100,,12841,1,,,0,100,,12842,1,,,0,100,,12843,1,,,0,100,,12844,1,,,0,100,,12845,1,,,0,100,,12846,1,,,0,100,,12847,1,,,0,100,,12848,1,,,0,100,,12849,1,,,0,100,,12850,1,,,0
5901,'244.0.2',733,,12851,1,,,0,100,,12852,1,,,0,100,,12853,1,,,0,100,,12854,1,,,0,100,,12855,1,,,0,100,,12856,1,,,0,100,,12857,1,,,0,100,,12858,1,,,0,100,,12859,1,,,0,100,,12860,1,,,0,100,,12861,1,,,0,100,,12862,1,,,0,100,,12863,1,,,0,100,,12864,1,,,0,100,,12865,1,,,0,100,,12866,1,,,0
5901,'244.0.3',914,,12867,1,,,0,100,,12868,1,,,0,100,,12869,1,,,0,100,,12870,1,,,0,100,,12871,1,,,0,100,,12872,1,,,0,100,,12873,1,,,0,30,,12874,1,,,0,61,,12875,1,,,0,24,,12876,1,,,0,23,,12877,1,,,0,62,,12878,1,,,0,19,,12879,1,,,0,14,,12888,1,,,0,57,,12880,1,,,0,18,,12881,1,,,0,101,,12882,1,,,0,100,,12883,1,,,0,100,,12884,1,,,0,100,,12885,1,,,0,100,,12886,1,,,0,100,,12887,1,,,0
15900,'244.0.3',1544,,14978,18,4,,0,61,,14979,18,4,,0,24,,14980,18,4,,0,23,,14981,18,4,,0,62,,14982,18,4,,0,19,,14985,18,4,,0,11,,14986,18,4,,0,60,,14983,18,4,,0,18,,14984,18,4,,0
15901,'244.0.3',541,,14987,1,,,0,60,,14995,1,,,0,20,,14988,1,,,0,20,,14989,1,,,0,60,,14990,1,,,0,20,,14991,1,,,0,20,,14992,1,,,0,62,,14993,1,,,0,20,,14994,1,,,0
40101,'244.0.1',807,,15308,5,,,0,326,,15309,5,,,0,600,,15310,5,,,0
40101,'244.0.2',807,,15311,5,,,0,326,,15312,5,,,0,600,,15313,5,,,0
40101,'244.0.3',631,,15314,5,,,0,175,,15315,5,,,0,135,,15316,5,,,0,614,,15319,5,,,0,179,,15317,5,,,0,179,,15318,5,,,0
