6701,'259.0.1',726,,22263,4,,,0,100,,22264,4,,,0,100,,22265,4,,,0,100,,22266,4,,,0,100,,22267,4,,,0,100,,22268,4,,,0,100,,22269,4,,,0,100,,22270,4,,,0,100,,22271,4,,,0,100,,22272,4,,,0,100,,22273,4,,,0,100,,22274,4,,,0,100,,22275,4,,,0,100,,22276,4,,,0,100,,22277,4,,,0,100,,22278,4,,,0
6701,'259.0.2',726,,22279,4,,,0,100,,22280,4,,,0,100,,22281,4,,,0,100,,22282,4,,,0,100,,22283,4,,,0,100,,22284,4,,,0,100,,22285,4,,,0,100,,22286,4,,,0,100,,22287,4,,,0,100,,22288,4,,,0,100,,22289,4,,,0,100,,22290,4,,,0,100,,22291,4,,,0,100,,22292,4,,,0,100,,22293,4,,,0,100,,22294,4,,,0
6701,'259.0.3',610,,22295,4,,,0,30,,22296,4,,,0,70,,22297,4,,,0,30,,22298,4,,,0,70,,22299,4,,,0,30,,22300,4,,,0,100,,22301,4,,,0,100,,22302,4,,,0,100,,22303,4,,,0,100,,22304,4,,,0,100,,22305,4,,,0,100,,22306,4,,,0,70,,22307,4,,,0,30,,22308,4,,,0,70,,22309,4,,,0,30,,22310,4,,,0,70,,22311,4,,,0,30,,22312,4,,,0,70,,22313,4,,,0,30,,22314,4,,,0,70,,22315,4,,,0,100,,22316,4,,,0,100,,22317,4,,,0,100,,22318,4,,,0
1000600,'259.0.3',525,,24150,4,,,0,30,,24151,4,,,0,70,,24152,4,,,0,30,,24153,4,,,0,70,,24154,4,,,0,30,,24155,4,,,0,70,,24156,4,,,0,30,,24157,4,,,0,70,,24158,4,,,0,17,,24159,4,,,0,70,,24160,4,,,0,30,,24161,4,,,0,70,,24162,4,,,0,30,,24163,4,,,0,70,,24164,4,,,0,30,,24165,4,,,0,70,,24166,4,,,0,30,,24167,4,,,0,70,,24168,4,,,0,30,,24169,4,,,0,70,,24170,4,,,0,15,,24171,4,,,0,30,,24172,4,,,0,70,,24173,4,,,0,30,,24174,4,,,0,70,,24175,4,,,0,30,,24176,4,,,0,70,,24177,4,,,0
2000600,'259.0.1',545,,25112,32,,,0,100,,25113,32,,,0,100,,25114,32,,,0,100,,25115,32,,,0,100,,25116,32,,,0,102,,25117,32,,,0,100,,25118,32,,,0,102,,25119,32,,,0,100,,25120,32,,,0,100,,25121,32,,,0,100,,25122,32,,,0,99,,25123,32,,,0,100,,25124,32,,,0,99,,25125,32,,,0,98,,25126,32,,,0,100,,25127,32,,,0,100,,25128,32,,,0,98,,25129,32,,,0,100,,25130,32,,,0,100,,25131,32,,,0
2000600,'259.0.2',541,,25132,32,,,0,103,,25133,32,,,0,100,,25134,32,,,0,100,,25135,32,,,0,100,,25136,32,,,0,102,,25137,32,,,0,100,,25138,32,,,0,100,,25139,32,,,0,101,,25140,32,,,0,100,,25141,32,,,0,100,,25142,32,,,0,100,,25143,32,,,0,100,,25144,32,,,0,100,,25145,32,,,0,100,,25146,32,,,0,98,,25147,32,,,0,100,,25148,32,,,0,97,,25149,32,,,0,100,,25150,32,,,0,100,,25151,32,,,0
2000600,'259.0.3',553,,25152,32,,,0,51,,25153,32,,,0,26,,25154,34,,,0,70,,25155,34,,,0,32,,25156,34,,,0,72,,25157,34,,,0,29,,25158,34,,,0,70,,25159,34,,,0,30,,25160,34,,,0,25,,25161,34,,,0,100,,25162,34,,,0,100,,25163,34,,,0,101,,25164,34,,,0,100,,25165,34,,,0,100,,25166,34,,,0,145,,25167,34,,,0,30,,25168,34,,,0,69,,25169,34,,,0,30,,25170,34,,,0,70,,25171,34,,,0,29,,25172,34,,,0,69,,25173,34,,,0,56,,25174,34,,,0,100,,25175,34,,,0,98,,25176,32,,,0,97,,25177,32,,,0,100,,25178,32,,,0,100,,25179,32,,,0
3000600,'259.0.1',616,,26140,32,,,0,103,,26141,32,,,0,100,,26142,32,,,0,101,,26143,32,,,0,101,,26144,32,,,0,101,,26145,32,,,0,100,,26146,32,,,0,102,,26147,32,,,0,100,,26148,32,,,0,100,,26149,32,,,0,99,,26150,32,,,0,100,,26151,32,,,0,99,,26152,32,,,0,100,,26153,32,,,0,98,,26154,32,,,0,99,,26155,32,,,0,99,,26156,32,,,0,100,,26157,32,,,0,100,,26158,32,,,0,100,,26159,32,,,0
3000600,'259.0.2',616,,26160,32,,,0,103,,26161,32,,,0,100,,26162,32,,,0,100,,26163,32,,,0,100,,26164,32,,,0,102,,26165,32,,,0,101,,26166,32,,,0,101,,26167,32,,,0,100,,26168,32,,,0,100,,26169,32,,,0,99,,26170,32,,,0,100,,26171,32,,,0,100,,26172,32,,,0,100,,26173,32,,,0,100,,26174,32,,,0,98,,26175,32,,,0,98,,26176,32,,,0,100,,26177,32,,,0,100,,26178,32,,,0,100,,26179,32,,,0
3000600,'259.0.3',619,,26180,34,,,0,30,,26181,34,,,0,69,,26182,34,,,0,30,,26183,34,,,0,70,,26184,34,,,0,30,,26185,34,,,0,73,,26186,34,,,0,30,,26187,34,,,0,81,,26188,34,,,0,100,,26189,34,,,0,100,,26190,34,,,0,101,,26191,34,,,0,100,,26192,34,,,0,100,,26193,34,,,0,90,,26194,34,,,0,29,,26195,34,,,0,70,,26196,34,,,0,30,,26197,34,,,0,69,,26198,34,,,0,27,,26199,34,,,0,69,,26200,34,,,0,116,,26201,34,,,0,100,,26202,34,,,0,100,,26203,34,,,0,95,,26204,32,,,0,100,,26205,32,,,0,100,,26206,32,,,0
