401,'244.0.1',623,,10099,28,,,0,100,,10100,28,,,0,100,,10101,28,,,0,30,,10102,28,,,0,70,,10103,28,,,0,30,,10104,28,,,0,70,,10105,28,,,0,30,,10106,28,,,0,73,,10107,28,,,0,30,,10108,28,,,0,70,,10109,28,,,0,30,,10110,28,,,0,70,,10111,28,,,0,30,,10112,28,,,0,70,,10113,28,,,0,30,,10114,28,,,0,70,,10115,28,,,0,30,,10116,28,,,0,70,,10117,28,,,0,30,,10118,28,,,0,70,,10119,28,,,0,30,,10120,28,,,0,68,,10121,28,,,0,30,,10122,28,,,0,70,,10123,28,,,0,30,,10124,28,,,0,70,,10125,28,,,0,30,,10126,28,,,0,70,,10127,28,,,0,30,,10128,28,,,0,67,,10129,28,,,0,100,,10130,28,,,0,100,,10131,28,,,0
401,'244.0.2',723,,10132,28,,,0,30,,10133,28,,,0,70,,10134,28,,,0,30,,10135,28,,,0,70,,10136,28,,,0,30,,10137,28,,,0,70,,10138,28,,,0,30,,10139,28,,,0,69,,10140,28,,,0,30,,10141,28,,,0,70,,10142,28,,,0,30,,10143,28,,,0,70,,10144,28,,,0,30,,10145,28,,,0,70,,10146,28,,,0,30,,10147,28,,,0,70,,10148,28,,,0,30,,10149,28,,,0,70,,10150,28,,,0,30,,10151,28,,,0,70,,10152,28,,,0,30,,10153,28,,,0,70,,10154,28,,,0,30,,10155,28,,,0,70,,10156,28,,,0,32,,10157,28,,,0,67,,10158,28,,,0,100,,10159,28,,,0,100,,10160,28,,,0,100,,10161,28,,,0,100,,10162,28,,,0
401,'244.0.3',602,,10163,28,,,0,15,,10164,28,,,0,15,,10165,28,,,0,15,,10166,28,,,0,57,,10167,28,,,0,20,,10168,28,,,0,8,,10169,28,,,0,8,,10170,28,,,0,8,,10171,28,,,0,8,,10172,28,,,0,48,,10173,28,,,0,8,,10174,28,,,0,8,,10175,28,,,0,8,,10176,28,,,0,8,,10177,28,,,0,8,,10178,28,,,0,8,,10179,28,,,0,48,,10180,28,,,0,7,,10181,28,,,0,6,,10182,28,,,0,8,,10183,28,,,0,8,,10184,28,,,0,8,,10185,28,,,0,8,,10186,28,,,0,8,,10187,28,,,0,48,,10188,28,,,0,8,,10189,28,,,0,8,,10190,28,,,0,8,,10191,28,,,0,11,,10192,28,,,0,15,,10193,28,,,0,55,,10194,28,,,0,15,,10195,28,,,0,15,,10196,28,,,0,15,,10197,28,,,0,55,,10198,28,,,0,15,,10199,28,,,0,15,,10200,28,,,0,15,,10201,28,,,0,55,,10202,28,,,0,15,,10203,28,,,0,15,,10204,28,,,0,15,,10205,28,,,0,55,,10206,28,,,0,15,,10207,28,,,0,15,,10208,28,,,0,15,,10209,28,,,0,55,,10210,28,,,0,16,,10211,28,,,0,18,,10212,28,,,0,15,,10213,28,,,0,55,,10214,28,,,0,15,,10215,28,,,0,15,,10216,28,,,0,15,,10217,28,,,0,55,,10218,28,,,0,15,,10219,28,,,0,15,,10220,28,,,0,15,,10221,28,,,0,52,,10222,28,,,0,11,,10223,28,,,0,15,,10224,28,,,0,15,,10225,28,,,0,60,,10226,28,,,0,20,,10227,28,,,0,20,,10228,28,,,0,60,,10229,28,,,0,20,,10230,28,,,0,20,,10231,28,,,0,60,,10232,28,,,0,20,,10233,28,,,0,20,,10234,28,,,0,60,,10235,28,,,0,28,,10236,28,,,0,70,,10237,28,,,0,30,,10238,28,,,0,70,,10239,28,,,0,30,,10240,28,,,0,70,,10241,28,,,0
801,'244.0.1',610,,10684,70,,,0,30,,10685,70,,,0,70,,10686,70,,,0,30,,10687,70,,,0,73,,10688,70,,,0,33,,10689,70,,,0,70,,10690,70,,,0,30,,10691,70,,,0,74,,10692,70,,,0,34,,10693,70,,,0,70,,10694,70,,,0,30,,10695,70,,,0,70,,10696,70,,,0,30,,10697,70,,,0,71,,10698,70,,,0,31,,10699,70,,,0,70,,10700,70,,,0,30,,10701,70,,,0,70,,10702,70,,,0,30,,10703,70,,,0,70,,10704,70,,,0,30,,10705,70,,,0,70,,10706,70,,,0,28,,10707,70,,,0,68,,10708,70,,,0,29,,10709,70,,,0,70,,10710,70,,,0,27,,10711,70,,,0,65,,10712,70,,,0,29,,10713,70,,,0,70,,10714,70,,,0,30,,10715,70,,,0,70,,10716,70,,,0,30,,10717,70,,,0,70,,10718,70,,,0,30,,10719,70,,,0,70,,10720,70,,,0,100,,10721,70,,,0
801,'244.0.2',616,,10722,70,,,0,30,,10723,70,,,0,70,,10724,70,,,0,30,,10725,70,,,0,70,,10726,70,,,0,30,,10727,70,,,0,72,,10728,70,,,0,35,,10729,70,,,0,70,,10730,70,,,0,30,,10731,70,,,0,73,,10732,70,,,0,30,,10733,70,,,0,70,,10734,70,,,0,30,,10735,70,,,0,70,,10736,70,,,0,30,,10737,70,,,0,70,,10738,70,,,0,30,,10739,70,,,0,70,,10740,70,,,0,30,,10741,70,,,0,70,,10742,70,,,0,30,,10743,70,,,0,70,,10744,70,,,0,30,,10745,70,,,0,67,,10746,70,,,0,28,,10747,70,,,0,70,,10748,70,,,0,30,,10749,70,,,0,70,,10750,70,,,0,30,,10751,70,,,0,66,,10752,70,,,0,27,,10753,70,,,0,70,,10754,70,,,0,30,,10755,70,,,0,100,,10756,70,,,0,100,,10757,70,,,0
801,'244.0.3',605,,10758,70,,,0,30,,10759,70,,,0,70,,10760,70,,,0,23,,10761,70,,,0,30,,10762,70,,,0,60,,10763,70,,,0,20,,10764,70,,,0,20,,10765,70,,,0,57,,10766,70,,,0,16,,10767,70,,,0,17,,10768,70,,,0,60,,10769,70,,,0,20,,10770,70,,,0,20,,10771,70,,,0,60,,10772,70,,,0,20,,10773,70,,,0,20,,10774,70,,,0,60,,10775,70,,,0,20,,10776,70,,,0,20,,10777,70,,,0,60,,10778,70,,,0,20,,10779,70,,,0,20,,10780,70,,,0,60,,10781,70,,,0,20,,10782,70,,,0,20,,10783,70,,,0,60,,10784,70,,,0,20,,10785,70,,,0,23,,10786,70,,,0,73,,10787,70,,,0,30,,10788,70,,,0,70,,10789,70,,,0,30,,10790,70,,,0,64,,10791,70,,,0,25,,10792,70,,,0,68,,10793,70,,,0,30,,10794,70,,,0,70,,10795,70,,,0,30,,10796,70,,,0,70,,10797,70,,,0,26,,10798,70,,,0,69,,10799,70,,,0,30,,10800,70,,,0,70,,10801,70,,,0,30,,10802,70,,,0,70,,10803,70,,,0,30,,10804,70,,,0,70,,10805,70,,,0
9001,'244.0.1',630,,14654,51,,,0,70,,14655,51,,,0,30,,14656,51,,,0,25,,14657,51,,,0,70,,14658,51,,,0,30,,14659,51,,,0,70,,14660,51,,,0,25,,14661,51,,,0,74,,14662,51,,,0,31,,14663,51,,,0,70,,14664,51,,,0,30,,14665,51,,,0,70,,14666,51,,,0,30,,14667,51,,,0,70,,14668,51,,,0,30,,14669,51,,,0,70,,14670,51,,,0,30,,14671,51,,,0,70,,14672,51,,,0,30,,14673,51,,,0,70,,14674,51,,,0,30,,14675,51,,,0,70,,14676,51,,,0,75,,14677,51,,,0,25,,14678,51,,,0,29,,14679,51,,,0,70,,14680,51,,,0,30,,14681,51,,,0,70,,14682,51,,,0,99,,14683,51,,,0,100,,14684,51,,,0,100,,14685,51,,,0,100,,14686,51,,,0
9001,'244.0.2',617,,14687,51,,,0,100,,14688,51,,,0,100,,14689,51,,,0,100,,14690,51,,,0,98,,14691,51,,,0,102,,14692,51,,,0,100,,14693,51,,,0,102,,14694,51,,,0,100,,14695,51,,,0,98,,14696,51,,,0,100,,14697,51,,,0,100,,14698,51,,,0,98,,14699,51,,,0,103,,14700,51,,,0,105,,14701,51,,,0,98,,14702,51,,,0,97,,14703,51,,,0,99,,14704,51,,,0
9001,'244.0.3',603,,14705,51,,,0,30,,14706,51,,,0,72,,14707,51,,,0,24,,14739,51,,,0,13,,14708,51,,,0,15,,14740,51,,,0,50,,14709,51,,,0,15,,14741,51,,,0,15,,14710,51,,,0,13,,14742,51,,,0,51,,14711,51,,,0,15,,14743,51,,,0,15,,14712,51,,,0,70,,14713,51,,,0,25,,14714,51,,,0,30,,14715,51,,,0,70,,14716,51,,,0,30,,14717,51,,,0,70,,14718,51,,,0,30,,14719,51,,,0,70,,14720,51,,,0,30,,14721,51,,,0,70,,14722,51,,,0,30,,14723,51,,,0,72,,14724,51,,,0,73,,14725,51,,,0,21,,14744,51,,,0,22,,14726,51,,,0,8,,14745,51,,,0,65,,14727,51,,,0,15,,14746,51,,,0,15,,14728,51,,,0,12,,14747,51,,,0,52,,14729,51,,,0,13,,14748,51,,,0,13,,14730,51,,,0,12,,14749,51,,,0,53,,14731,51,,,0,12,,14750,51,,,0,13,,14732,51,,,0,30,,14733,51,,,0,67,,14734,51,,,0,30,,14735,51,,,0,100,,14736,51,,,0,100,,14737,51,,,0,100,,14738,51,,,0
2000701,'244.0.1',605,,16597,15,,,0,20,,16598,15,,,0,20,,16599,15,,,0,60,,16600,15,,,0,20,,16601,15,,,0,20,,16602,15,,,0,61,,16603,15,,,0,18,,16604,15,,,0,20,,16605,15,,,0,60,,16606,15,,,0,20,,16607,15,,,0,17,,16608,15,,,0,60,,16609,15,,,0,20,,16610,15,,,0,20,,16611,15,,,0,60,,16612,15,,,0,20,,16613,15,,,0,20,,16614,15,,,0,60,,16615,15,,,0,20,,16616,15,,,0,20,,16617,15,,,0,60,,16618,15,,,0,20,,16619,15,,,0,20,,16620,15,,,0,60,,16621,15,,,0,20,,16622,15,,,0,20,,16623,15,,,0,60,,16624,15,,,0,20,,16625,15,,,0,20,,16626,15,,,0,61,,16627,15,,,0,21,,16628,15,,,0,20,,16629,15,,,0,60,,16630,15,,,0,20,,16631,15,,,0,20,,16632,15,,,0,60,,16633,15,,,0,20,,16634,15,,,0,20,,16635,15,,,0,60,,16636,15,,,0,20,,16637,15,,,0,20,,16638,15,,,0,61,,16639,15,,,0,20,,16640,15,,,0,20,,16641,15,,,0,60,,16642,15,,,0,20,,16643,15,,,0,20,,16644,15,,,0,60,,16645,15,,,0,20,,16646,15,,,0,20,,16647,15,,,0,60,,16648,15,,,0,20,,16649,15,,,0,20,,16650,15,,,0
2000701,'244.0.2',605,,16651,15,,,0,30,,16652,15,,,0,70,,16653,15,,,0,30,,16654,15,,,0,70,,16655,15,,,0,30,,16656,15,,,0,70,,16657,15,,,0,28,,16658,15,,,0,69,,16659,15,,,0,30,,16660,15,,,0,70,,16661,15,,,0,30,,16662,15,,,0,70,,16663,15,,,0,30,,16664,15,,,0,70,,16665,15,,,0,30,,16666,15,,,0,70,,16667,15,,,0,30,,16668,15,,,0,70,,16669,15,,,0,30,,16670,15,,,0,70,,16671,15,,,0,30,,16672,15,,,0,70,,16673,15,,,0,30,,16674,15,,,0,70,,16675,15,,,0,30,,16676,15,,,0,70,,16677,15,,,0,32,,16678,15,,,0,70,,16679,15,,,0,30,,16680,15,,,0,70,,16681,15,,,0,30,,16682,15,,,0,70,,16683,15,,,0,30,,16684,15,,,0,70,,16685,15,,,0,30,,16686,15,,,0
2000701,'244.0.3',556,,16687,15,,,0,55,,16688,15,,,0,15,,16689,15,,,0,15,,16690,15,,,0,15,,16691,15,,,0,55,,16692,15,,,0,15,,16693,15,,,0,15,,16694,15,,,0,18,,16695,15,,,0,55,,16696,15,,,0,15,,16697,15,,,0,15,,16698,15,,,0,15,,16699,15,,,0,53,,16700,15,,,0,15,,16701,15,,,0,15,,16702,15,,,0,15,,16703,15,,,0,55,,16704,15,,,0,15,,16705,15,,,0,15,,16706,15,,,0,15,,16707,15,,,0,55,,16708,15,,,0,15,,16709,15,,,0,15,,16710,15,,,0,15,,16711,15,,,0,55,,16712,15,,,0,15,,16713,15,,,0,15,,16714,15,,,0,15,,16715,15,,,0,55,,16716,15,,,0,15,,16717,15,,,0,15,,16718,15,,,0,15,,16719,15,,,0,55,,16720,15,,,0,15,,16721,15,,,0,15,,16722,15,,,0,15,,16723,15,,,0,55,,16724,15,,,0,15,,16725,15,,,0,15,,16726,15,,,0,15,,16727,15,,,0,55,,16728,15,,,0,15,,16729,15,,,0,15,,16730,15,,,0,15,,16731,15,,,0,55,,16732,15,,,0,15,,16733,15,,,0,14,,16734,15,,,0,15,,16735,15,,,0,55,,16736,15,,,0,15,,16737,15,,,0,15,,16738,15,,,0,15,,16739,15,,,0,53,,16740,15,,,0,15,,16741,15,,,0,15,,16742,15,,,0,15,,16743,15,,,0,55,,16744,15,,,0,15,,16745,15,,,0,15,,16746,15,,,0,15,,16747,15,,,0,55,,16748,15,,,0,15,,16749,15,,,0,15,,16750,15,,,0,15,,16751,15,,,0,55,,16752,15,,,0,15,,16753,15,,,0,15,,16754,15,,,0,15,,16755,15,,,0,70,,16756,15,,,0,30,,16757,15,,,0,70,,16758,15,,,0,30,,16759,15,,,0
