9000,'244.0.1',609,,14558,6,,,0,25,,14559,6,,,0,70,,14560,6,,,0,30,,14561,6,,,0,70,,14562,6,,,0,25,,14563,6,,,0,30,,14564,6,,,0,70,,14565,6,,,0,25,,14566,6,,,0,70,,14567,6,,,0,30,,14568,6,,,0,70,,14569,6,,,0,30,,14570,6,,,0,67,,14571,6,,,0,30,,14572,6,,,0,70,,14573,6,,,0,30,,14574,6,,,0,70,,14575,6,,,0,30,,14576,6,,,0,70,,14577,6,,,0,30,,14578,6,,,0,73,,14579,6,,,0,30,,14580,6,,,0,70,,14581,6,,,0,30,,14582,6,,,0,70,,14583,6,,,0,30,,14584,6,,,0,70,,14585,6,,,0,30,,14586,6,,,0,105,,14587,6,,,0,100,,14588,6,,,0,100,,14589,6,,,0,100,,14590,6,,,0
9000,'244.0.2',558,,14591,6,,,0,100,,14592,6,,,0,100,,14593,6,,,0,95,,14594,6,,,0,97,,14595,6,,,0,99,,14596,6,,,0,100,,14597,6,,,0,100,,14598,6,,,0,98,,14599,6,,,0,100,,14600,6,,,0,100,,14601,6,,,0,100,,14602,6,,,0,103,,14603,6,,,0,105,,14604,6,,,0,102,,14605,6,,,0,100,,14606,6,,,0,100,,14607,6,,,0,100,,14608,6,,,0
9000,'244.0.3',552,,14642,6,,,0,55,,14641,6,,,0,15,,14609,6,,,0,15,,14643,6,,,0,15,,14610,6,,,0,55,,14644,6,,,0,15,,14611,6,,,0,15,,14645,6,,,0,20,,14612,6,,,0,70,,14613,6,,,0,25,,14614,6,,,0,71,,14615,6,,,0,29,,14616,6,,,0,70,,14617,6,,,0,30,,14618,6,,,0,67,,14619,6,,,0,31,,14620,6,,,0,70,,14621,6,,,0,30,,14622,6,,,0,70,,14623,6,,,0,30,,14624,6,,,0,70,,14625,6,,,0,16,,14646,6,,,0,15,,14626,6,,,0,55,,14647,6,,,0,15,,14627,6,,,0,15,,14648,6,,,0,15,,14628,6,,,0,55,,14649,6,,,0,15,,14653,6,,,0,15,,14650,6,,,0,15,,14629,6,,,0,55,,14651,6,,,0,15,,14630,6,,,0,15,,14652,6,,,0,13,,14631,6,,,0,75,,14632,6,,,0,30,,14633,6,,,0,70,,14634,6,,,0,30,,14635,6,,,0,70,,14636,6,,,0,100,,14637,6,,,0,100,,14638,6,,,0,100,,14639,6,,,0,100,,14640,6,,,0
13500,'244.0.3',702,,14913,33,,,0,30,,14914,33,,,0,70,,14915,33,,,0,15,,14916,33,,,0,16,,14917,33,,,0,15,,14918,33,,,0
13500,'244.1141.3',747,,14919,33,,,0
13500,'244.1143.3',747,,14920,33,,,0
13600,'244.0.3',650,,14928,37,,,0,71,,14929,37,,,0,16,,14930,37,,,0,15,,14931,37,,,0,55,,14932,37,,,0,16,,14933,37,,,0,11,,14934,37,,,0,20,,14935,37,,,0
13700,'244.0.3',656,,14948,31,,,0,70,,14944,31,,,0,21,,14949,31,,,0,10,,14945,31,,,0,70,,14946,31,,,0,30,,14947,31,,,0
13800,'244.0.3',640,,14956,40,,,0,71,,14957,40,,,0,15,,14958,40,,,0,16,,14959,40,,,0,70,,14960,40,,,0,5,,14961,40,,,0,27,,14962,40,,,0
15801,'244.0.3',740,,14974,31,,,0,71,,14977,31,,,0,29,,14975,31,,,0,69,,14976,31,,,0
15901,'244.0.3',626,,14987,31,,,0,25,,14995,31,,,0,55,,14988,31,,,0,24,,14989,31,,,0,23,,14990,31,,,0,62,,14991,31,,,0,19,,14992,31,,,0,21,,14993,31,,,0,57,,14994,31,,,0
16100,'244.0.3',630,,14996,44,,,0,70,,14997,44,,,0,35,,14998,44,,,0,73,,14999,44,,,0,30,,15000,44,,,0,69,,15001,44,,,0
16501,'244.0.3',647,,15014,33,,,0,71,,15015,33,,,0,36,,15016,33,,,0,73,,15017,33,,,0,30,,15018,33,,,0,70,,15019,33,,,0
1016801,'244.0.3',652,,16292,34,,,0,72,,16293,34,,,0,76,,16294,34,,,0,30,,16295,34,,,0,29,,16296,34,,,0,66,,16297,34,,,0
2016801,'244.0.3',639,,17307,39,,,0,70,,17308,39,,,0,36,,17309,39,,,0,73,,17310,39,,,0,30,,17311,39,,,0,70,,17312,39,,,0
