100,'259.0.1',614,,17670,28,,,0,15,,17671,28,,,0,15,,17672,28,,,0,15,,17673,28,,,0,55,,17674,28,,,0,15,,17675,28,,,0,15,,17676,28,,,0,15,,17677,28,,,0,58,,17678,28,,,0,15,,17679,28,,,0,15,,17680,28,,,0,55,,17681,28,,,0,15,,17682,28,,,0,16,,17683,28,,,0,17,,17684,28,,,0,55,,17685,28,,,0,15,,17686,28,,,0,15,,17687,28,,,0,15,,17688,28,,,0,58,,17689,28,,,0,16,,17690,28,,,0,15,,17691,28,,,0,15,,17692,28,,,0,55,,17693,28,,,0,15,,17694,28,,,0,15,,17695,28,,,0,15,,17696,28,,,0,55,,17697,28,,,0,15,,17698,28,,,0,15,,17699,28,,,0,15,,17700,28,,,0,55,,17701,28,,,0,15,,17702,28,,,0,15,,17703,28,,,0,15,,17704,28,,,0,55,,17705,28,,,0,15,,17706,28,,,0,15,,17707,28,,,0,15,,17708,28,,,0,55,,17709,28,,,0,15,,17710,28,,,0,15,,17711,28,,,0,15,,17712,28,,,0,55,,17713,28,,,0,15,,17714,28,,,0,15,,17715,28,,,0,15,,17716,28,,,0,55,,17717,28,,,0,15,,17718,28,,,0,15,,17719,28,,,0,15,,17720,28,,,0,55,,17721,28,,,0,13,,17722,28,,,0,14,,17723,28,,,0,15,,17724,28,,,0,55,,17725,28,,,0,15,,17726,28,,,0,15,,17727,28,,,0,15,,17728,28,,,0,55,,17729,28,,,0,15,,17730,28,,,0,15,,17731,28,,,0,15,,17732,28,,,0,55,,17733,28,,,0,13,,17734,28,,,0,13,,17735,28,,,0,15,,17736,28,,,0,55,,17737,28,,,0,15,,17738,28,,,0,15,,17739,28,,,0,15,,17740,28,,,0,55,,17741,28,,,0,15,,17742,28,,,0,15,,17743,28,,,0,15,,17744,28,,,0,55,,17745,28,,,0
100,'259.0.2',615,,17746,28,,,0,15,,17747,28,,,0,15,,17748,28,,,0,55,,17749,28,,,0,15,,17750,28,,,0,15,,17751,28,,,0,15,,17752,28,,,0,55,,17753,28,,,0,15,,17754,28,,,0,15,,17755,28,,,0,18,,17756,28,,,0,55,,17757,28,,,0,15,,17758,28,,,0,15,,17759,28,,,0,15,,17760,28,,,0,55,,17761,28,,,0,16,,17762,28,,,0,17,,17763,28,,,0,15,,17764,28,,,0,55,,17765,28,,,0,15,,17766,28,,,0,15,,17767,28,,,0,15,,17768,28,,,0,57,,17769,28,,,0,16,,17770,28,,,0,15,,17771,28,,,0,15,,17772,28,,,0,55,,17773,28,,,0,15,,17774,28,,,0,15,,17775,28,,,0,15,,17776,28,,,0,55,,17777,28,,,0,15,,17778,28,,,0,15,,17779,28,,,0,15,,17780,28,,,0,55,,17781,28,,,0,15,,17782,28,,,0,15,,17783,28,,,0,15,,17784,28,,,0,55,,17785,28,,,0,15,,17786,28,,,0,15,,17787,28,,,0,15,,17788,28,,,0,55,,17789,28,,,0,15,,17790,28,,,0,15,,17791,28,,,0,15,,17792,28,,,0,55,,17793,28,,,0,15,,17794,28,,,0,13,,17795,28,,,0,13,,17796,28,,,0,55,,17797,28,,,0,15,,17798,28,,,0,15,,17799,28,,,0,15,,17800,28,,,0,55,,17801,28,,,0,15,,17802,28,,,0,15,,17803,28,,,0,70,,17804,28,,,0,30,,17805,28,,,0,70,,17806,28,,,0,27,,17807,28,,,0,70,,17808,28,,,0,30,,17809,28,,,0,70,,17810,28,,,0
100,'259.0.3',625,,17812,28,,,0,10,,17813,28,,,0,10,,17814,28,,,0,10,,17815,28,,,0,50,,17816,28,,,0,10,,17817,28,,,0,10,,17818,28,,,0,11,,17819,28,,,0,13,,17820,28,,,0,53,,17821,28,,,0,10,,17822,28,,,0,10,,17823,28,,,0,10,,17824,28,,,0,10,,17825,28,,,0,10,,17826,28,,,0,50,,17827,28,,,0,10,,17828,28,,,0,10,,17829,28,,,0,9,,17830,28,,,0,9,,17831,28,,,0,9,,17832,28,,,0,10,,17833,28,,,0,50,,17834,28,,,0,10,,17835,28,,,0,10,,17836,28,,,0,10,,17837,28,,,0,10,,17838,28,,,0,10,,17839,28,,,0,50,,17840,28,,,0,10,,17841,28,,,0,10,,17842,28,,,0,10,,17843,28,,,0,10,,17844,28,,,0,10,,17845,28,,,0,50,,17846,28,,,0,10,,17847,28,,,0,10,,17848,28,,,0,10,,17849,28,,,0,10,,17850,28,,,0,10,,17851,28,,,0,50,,17852,28,,,0,10,,17853,28,,,0,10,,17854,28,,,0,10,,17855,28,,,0,10,,17856,28,,,0,10,,17857,28,,,0,50,,17858,28,,,0,10,,17859,28,,,0,10,,17860,28,,,0,10,,17861,28,,,0,10,,17862,28,,,0,10,,17863,28,,,0,50,,17864,28,,,0,11,,17865,28,,,0,11,,17866,28,,,0,12,,17867,28,,,0,10,,17868,28,,,0,50,,17869,28,,,0,10,,17870,28,,,0,10,,17871,28,,,0,10,,17872,28,,,0,10,,17873,28,,,0,10,,17874,28,,,0,50,,17875,28,,,0,10,,17876,28,,,0,10,,17877,28,,,0,10,,17878,28,,,0,10,,17879,28,,,0,10,,17880,28,,,0,49,,17881,28,,,0,8,,17882,28,,,0,7,,17883,28,,,0,8,,17884,28,,,0,10,,17885,28,,,0,10,,17886,28,,,0,10,,17887,28,,,0,50,,17888,28,,,0,10,,17889,28,,,0,10,,17890,28,,,0,10,,17891,28,,,0,10,,17892,28,,,0,10,,17893,28,,,0,50,,17894,28,,,0,10,,17895,28,,,0,10,,17896,28,,,0,10,,17897,28,,,0,10,,17898,28,,,0,10,,17899,28,,,0,50,,17900,28,,,0,10,,17901,28,,,0,10,,17902,28,,,0,10,,17903,28,,,0,10,,17904,28,,,0,10,,17905,28,,,0,50,,17906,28,,,0,10,,17907,28,,,0,8,,17908,28,,,0,15,,17909,28,,,0,15,,17910,28,,,0,55,,17911,28,,,0,15,,17912,28,,,0,15,,17913,28,,,0,15,,17914,28,,,0,55,,17915,28,,,0,15,,17916,28,,,0,15,,17917,28,,,0,15,,17918,28,,,0
500,'259.0.1',631,,19069,2,,,0,20,,19070,2,,,0,60,,19071,2,,,0,20,,19072,2,,,0,20,,19073,2,,,0,60,,19074,2,,,0,20,,19075,2,,,0,20,,19076,2,,,0,60,,19077,2,,,0,20,,19078,2,,,0,20,,19079,2,,,0,60,,19080,2,,,0,20,,19081,2,,,0,20,,19082,2,,,0,60,,19083,2,,,0,20,,19084,2,,,0,20,,19085,2,,,0,60,,19086,2,,,0,20,,19087,2,,,0,20,,19088,2,,,0,60,,19089,2,,,0,20,,19090,2,,,0,20,,19091,2,,,0,60,,19092,2,,,0,20,,19093,2,,,0,20,,19094,2,,,0,60,,19095,2,,,0,20,,19096,2,,,0,20,,19097,2,,,0,60,,19098,2,,,0,20,,19099,2,,,0,20,,19100,2,,,0,60,,19101,2,,,0,20,,19102,2,,,0,20,,19103,2,,,0,60,,19104,2,,,0,20,,19105,2,,,0,20,,19106,2,,,0,60,,19107,2,,,0,20,,19108,2,,,0,20,,19109,2,,,0,60,,19110,2,,,0,20,,19111,2,,,0,20,,19112,2,,,0,60,,19113,2,,,0,20,,19114,2,,,0,20,,19115,2,,,0,60,,19116,2,,,0,30,,19117,2,,,0,70,,19118,2,,,0,30,,19119,2,,,0,70,,19120,2,,,0,30,,19121,2,,,0,70,,19122,2,,,0
500,'259.0.2',631,,19123,2,,,0,70,,19124,2,,,0,30,,19125,2,,,0,70,,19126,2,,,0,30,,19127,2,,,0,70,,19128,2,,,0,30,,19129,2,,,0,70,,19130,2,,,0,30,,19131,2,,,0,70,,19132,2,,,0,30,,19133,2,,,0,70,,19134,2,,,0,30,,19135,2,,,0,70,,19136,2,,,0,30,,19137,2,,,0,70,,19138,2,,,0,30,,19139,2,,,0,70,,19140,2,,,0,30,,19141,2,,,0,70,,19142,2,,,0,30,,19143,2,,,0,70,,19144,2,,,0,30,,19145,2,,,0,70,,19146,2,,,0,30,,19147,2,,,0,70,,19148,2,,,0,30,,19149,2,,,0,70,,19150,2,,,0,30,,19151,2,,,0,70,,19152,2,,,0,30,,19153,2,,,0,70,,19154,2,,,0,30,,19155,2,,,0,70,,19156,2,,,0,30,,19157,2,,,0,70,,19158,2,,,0
500,'259.0.3',531,,19159,2,,,0,70,,19160,2,,,0,15,,19161,2,,,0,15,,19162,2,,,0,15,,19163,2,,,0,55,,19164,2,,,0,15,,19165,2,,,0,15,,19166,2,,,0,15,,19167,2,,,0,55,,19168,2,,,0,15,,19169,2,,,0,15,,19170,2,,,0,15,,19171,2,,,0,55,,19172,2,,,0,15,,19173,2,,,0,15,,19174,2,,,0,15,,19175,2,,,0,55,,19176,2,,,0,15,,19177,2,,,0,15,,19178,2,,,0,15,,19179,2,,,0,55,,19180,2,,,0,15,,19181,2,,,0,15,,19182,2,,,0,15,,19183,2,,,0,55,,19184,2,,,0,15,,19185,2,,,0,15,,19186,2,,,0,15,,19187,2,,,0,55,,19188,2,,,0,15,,19189,2,,,0,15,,19190,2,,,0,15,,19191,2,,,0,55,,19192,2,,,0,15,,19193,2,,,0,15,,19194,2,,,0,15,,19195,2,,,0,55,,19196,2,,,0,15,,19197,2,,,0,15,,19198,2,,,0,15,,19199,2,,,0,55,,19200,2,,,0,15,,19201,2,,,0,15,,19202,2,,,0,15,,19203,2,,,0,55,,19204,2,,,0,15,,19205,2,,,0,15,,19206,2,,,0,15,,19207,2,,,0,55,,19208,2,,,0,15,,19209,2,,,0,15,,19210,2,,,0,20,,19211,2,,,0,55,,19212,2,,,0,20,,19213,2,,,0,20,,19214,2,,,0,60,,19215,2,,,0,20,,19216,2,,,0,20,,19217,2,,,0,60,,19218,2,,,0,20,,19219,2,,,0,20,,19220,2,,,0,75,,19221,2,,,0,30,,19222,2,,,0,70,,19223,2,,,0,30,,19224,2,,,0,70,,19225,2,,,0,30,,19226,2,,,0
5000,'259.0.3',1521,,20908,5,,,0,30,,20909,5,,,0,70,,20910,5,,,0,30,,20911,5,,,0
13501,'259.0.3',1526,,23748,10,,,0,30,,23749,10,,,0,70,,23750,10,,,0,30,,23751,10,,,0,70,,23752,10,,,0,30,,23753,10,,,0,69,,23754,10,,,0
13801,'259.0.3',1541,,23790,10,,,0,70,,23791,10,,,0,30,,23792,10,,,0,70,,23793,10,,,0,30,,23794,10,,,0,70,,23795,10,,,0,20,,23796,10,,,0
19200,'259.0.3',1523,,23926,8,,,0,30,,23927,8,,,0,70,,23928,8,,,0,30,,23929,8,,,0,70,,23930,8,,,0,30,,23931,8,,,0
19401,'259.0.3',1544,,23942,8,,,0,70,,23943,8,,,0,31,,23944,8,,,0,70,,23945,8,,,0
19600,'259.0.3',1545,,23946,8,,,0,70,,23947,8,,,0,30,,23948,8,,,0,71,,23949,8,,,0
1001000,'259.0.3',635,,24716,19,,,0,19,,24717,19,,,0,59,,24718,19,,,0,28,,24719,19,,,0,18,,24720,19,,,0,60,,24721,19,,,0,20,,24722,19,,,0,20,,24723,19,,,0,60,,24724,19,,,0,500,,24725,19,,,0,19,,24726,19,,,0,20,,24727,19,,,0,60,,24728,19,,,0,20,,24729,19,,,0,63,,24730,19,,,0,20,,24731,19,,,0,20,,24732,19,,,0,60,,24733,19,,,0,10,,24734,19,,,0,29,,24735,19,,,0,60,,24736,19,,,0,20,,24737,19,,,0,16,,24738,19,,,0
2000700,'259.0.1',621,,25248,2,,,0,20,,25249,2,,,0,60,,25250,2,,,0,20,,25251,2,,,0,20,,25252,2,,,0,60,,25253,2,,,0,20,,25254,2,,,0,20,,25255,2,,,0,60,,25256,2,,,0,20,,25257,2,,,0,20,,25258,2,,,0,60,,25259,2,,,0,20,,25260,2,,,0,20,,25261,2,,,0,60,,25262,2,,,0,20,,25263,2,,,0,20,,25264,2,,,0,60,,25265,2,,,0,20,,25266,2,,,0,20,,25267,2,,,0,60,,25268,2,,,0,20,,25269,2,,,0,20,,25270,2,,,0,60,,25271,2,,,0,20,,25272,2,,,0,20,,25273,2,,,0,60,,25274,2,,,0,20,,25275,2,,,0,20,,25276,2,,,0,60,,25277,2,,,0,20,,25278,2,,,0,20,,25279,2,,,0,60,,25280,2,,,0,20,,25281,2,,,0,20,,25282,2,,,0,60,,25283,2,,,0,20,,25284,2,,,0,20,,25285,2,,,0,60,,25286,2,,,0,20,,25287,2,,,0,20,,25288,2,,,0,60,,25289,2,,,0,20,,25290,2,,,0,20,,25291,2,,,0,60,,25292,2,,,0,20,,25293,2,,,0,20,,25294,2,,,0,60,,25295,2,,,0,20,,25296,2,,,0,20,,25297,2,,,0,60,,25298,2,,,0,20,,25299,2,,,0,20,,25300,2,,,0,60,,25301,2,,,0
2000700,'259.0.2',621,,25302,2,,,0,30,,25303,2,,,0,70,,25304,2,,,0,30,,25305,2,,,0,70,,25306,2,,,0,30,,25307,2,,,0,70,,25308,2,,,0,30,,25309,2,,,0,70,,25310,2,,,0,30,,25311,2,,,0,70,,25312,2,,,0,30,,25313,2,,,0,70,,25314,2,,,0,30,,25315,2,,,0,70,,25316,2,,,0,30,,25317,2,,,0,70,,25318,2,,,0,30,,25319,2,,,0,70,,25320,2,,,0,30,,25321,2,,,0,70,,25322,2,,,0,30,,25323,2,,,0,70,,25324,2,,,0,30,,25325,2,,,0,70,,25326,2,,,0,30,,25327,2,,,0,70,,25328,2,,,0,30,,25329,2,,,0,70,,25330,2,,,0,30,,25331,2,,,0,70,,25332,2,,,0,30,,25333,2,,,0,70,,25334,2,,,0,30,,25335,2,,,0,70,,25336,2,,,0,30,,25337,2,,,0
2000700,'259.0.3',612,,25338,2,,,0,15,,25339,2,,,0,15,,25340,2,,,0,15,,25341,2,,,0,55,,25342,2,,,0,15,,25343,2,,,0,15,,25344,2,,,0,60,,25345,2,,,0,19,,25346,2,,,0,15,,25347,2,,,0,15,,25348,2,,,0,55,,25349,2,,,0,14,,25350,2,,,0,13,,25351,2,,,0,15,,25352,2,,,0,55,,25353,2,,,0,15,,25354,2,,,0,15,,25355,2,,,0,15,,25356,2,,,0,55,,25357,2,,,0,15,,25358,2,,,0,15,,25359,2,,,0,15,,25360,2,,,0,55,,25361,2,,,0,15,,25362,2,,,0,15,,25363,2,,,0,15,,25364,2,,,0,55,,25365,2,,,0,15,,25366,2,,,0,15,,25367,2,,,0,15,,25368,2,,,0,55,,25369,2,,,0,15,,25370,2,,,0,15,,25371,2,,,0,15,,25372,2,,,0,55,,25373,2,,,0,15,,25374,2,,,0,17,,25375,2,,,0,15,,25376,2,,,0,55,,25377,2,,,0,15,,25378,2,,,0,15,,25379,2,,,0,15,,25380,2,,,0,55,,25381,2,,,0,15,,25382,2,,,0,15,,25383,2,,,0,12,,25384,2,,,0,54,,25385,2,,,0,15,,25386,2,,,0,15,,25387,2,,,0,15,,25388,2,,,0,55,,25389,2,,,0,12,,25390,2,,,0,13,,25391,2,,,0,15,,25392,2,,,0,15,,25393,2,,,0,55,,25394,2,,,0,15,,25395,2,,,0,15,,25396,2,,,0,15,,25397,2,,,0,55,,25398,2,,,0,15,,25399,2,,,0,15,,25400,2,,,0,15,,25401,2,,,0,55,,25402,2,,,0,15,,25403,2,,,0,15,,25404,2,,,0,15,,25405,2,,,0,55,,25406,2,,,0,30,,25407,2,,,0,70,,25408,2,,,0,30,,25409,2,,,0,70,,25410,2,,,0
2001000,'259.0.1',644,,25713,19,,,0,85,,25714,19,,,0,30,,25715,19,,,0,70,,25716,19,,,0,30,,25717,19,,,0,70,,25718,19,,,0,73,,25719,19,,,0,30,,25720,19,,,0,70,,25721,19,,,0,32,,25722,19,,,0,70,,25723,19,,,0,30,,25724,19,,,0,70,,25725,19,,,0,30,,25726,19,,,0,70,,25727,19,,,0,30,,25728,19,,,0,70,,25729,19,,,0,30,,25730,19,,,0,70,,25731,19,,,0,30,,25732,19,,,0,70,,25733,19,,,0,30,,25734,19,,,0,70,,25735,19,,,0,30,,25736,19,,,0,68,,25737,19,,,0,30,,25738,19,,,0,70,,25739,19,,,0,45,,25740,19,,,0,98,,25741,19,,,0,100,,25742,19,,,0,100,,25743,19,,,0
2001000,'259.0.2',644,,25744,19,,,0,115,,25745,19,,,0,70,,25746,19,,,0,30,,25747,19,,,0,70,,25748,19,,,0,72,,25749,19,,,0,30,,25750,19,,,0,70,,25751,19,,,0,30,,25752,19,,,0,70,,25753,19,,,0,30,,25754,19,,,0,70,,25755,19,,,0,30,,25756,19,,,0,71,,25757,19,,,0,30,,25758,19,,,0,70,,25759,19,,,0,30,,25760,19,,,0,70,,25761,19,,,0,30,,25762,19,,,0,70,,25763,19,,,0,30,,25764,19,,,0,70,,25765,19,,,0,45,,25766,19,,,0,97,,25767,19,,,0,100,,25768,19,,,0,100,,25769,19,,,0,100,,25770,19,,,0,100,,25771,19,,,0,100,,25772,19,,,0
2001000,'259.0.3',557,,25773,19,,,0,91,,25774,19,,,0,60,,25775,19,,,0,20,,25776,19,,,0,20,,25777,19,,,0,63,,25778,19,,,0,21,,25779,19,,,0,20,,25780,19,,,0,60,,25781,19,,,0,37,,25782,19,,,0,70,,25783,19,,,0,30,,25784,19,,,0,70,,25785,19,,,0,30,,25786,19,,,0,70,,25787,19,,,0,30,,25788,19,,,0,70,,25789,19,,,0,30,,25790,19,,,0,65,,25791,19,,,0,17,,25792,19,,,0,20,,25793,19,,,0,60,,25794,19,,,0,20,,25795,19,,,0,23,,25796,19,,,0,60,,25797,19,,,0,20,,25798,19,,,0,20,,25799,19,,,0,60,,25800,19,,,0,19,,25801,19,,,0,20,,25802,19,,,0,60,,25803,19,,,0,16,,25804,19,,,0,23,,25805,19,,,0,60,,25806,19,,,0,24,,25807,19,,,0,70,,25808,19,,,0,30,,25809,19,,,0,70,,25810,19,,,0,30,,25811,19,,,0
3001000,'259.0.1',614,,26275,19,,,0,100,,26276,19,,,0,30,,26277,19,,,0,70,,26278,19,,,0,30,,26279,19,,,0,70,,26280,19,,,0,33,,26281,19,,,0,70,,26282,19,,,0,30,,26283,19,,,0,70,,26284,19,,,0,32,,26285,19,,,0,70,,26286,19,,,0,30,,26287,19,,,0,70,,26288,19,,,0,30,,26289,19,,,0,70,,26290,19,,,0,30,,26291,19,,,0,70,,26292,19,,,0,30,,26293,19,,,0,70,,26294,19,,,0,30,,26295,19,,,0,70,,26296,19,,,0,30,,26297,19,,,0,70,,26298,19,,,0,28,,26299,19,,,0,70,,26300,19,,,0,100,,26301,19,,,0,100,,26302,19,,,0,98,,26303,19,,,0,100,,26304,19,,,0,100,,26305,19,,,0
3001000,'259.0.2',614,,26307,19,,,0,100,,26308,19,,,0,30,,26309,19,,,0,70,,26310,19,,,0,30,,26311,19,,,0,70,,26312,19,,,0,30,,26313,19,,,0,72,,26314,19,,,0,30,,26315,19,,,0,70,,26316,19,,,0,30,,26317,19,,,0,70,,26318,19,,,0,30,,26319,19,,,0,70,,26320,19,,,0,30,,26321,19,,,0,71,,26322,19,,,0,30,,26323,19,,,0,70,,26324,19,,,0,30,,26325,19,,,0,70,,26326,19,,,0,30,,26327,19,,,0,70,,26328,19,,,0,30,,26329,19,,,0,70,,26330,19,,,0,100,,26331,19,,,0,97,,26332,19,,,0,100,,26333,19,,,0,100,,26334,19,,,0,100,,26335,19,,,0
3001000,'259.0.3',602,,26339,19,,,0,19,,26340,19,,,0,20,,26341,19,,,0,59,,26342,19,,,0,18,,26343,19,,,0,17,,26344,19,,,0,18,,26345,19,,,0,73,,26346,19,,,0,20,,26347,19,,,0,60,,26348,19,,,0,28,,26349,19,,,0,70,,26350,19,,,0,30,,26351,19,,,0,70,,26352,19,,,0,30,,26353,19,,,0,70,,26354,19,,,0,30,,26355,19,,,0,70,,26356,19,,,0,30,,26357,19,,,0,70,,26358,19,,,0,20,,26359,19,,,0,20,,26360,19,,,0,60,,26361,19,,,0,20,,26362,19,,,0,20,,26363,19,,,0,63,,26364,19,,,0,20,,26365,19,,,0,20,,26366,19,,,0,60,,26367,19,,,0,19,,26368,19,,,0,20,,26369,19,,,0,60,,26370,19,,,0,16,,26371,19,,,0,20,,26372,19,,,0,60,,26373,19,,,0,19,,26374,19,,,0,30,,26375,19,,,0,70,,26376,19,,,0,30,,26377,19,,,0,70,,26378,19,,,0,30,,26379,19,,,0,67,,26380,19,,,0,30,,26381,19,,,0,70,,26382,19,,,0,30,,26383,19,,,0,70,,26384,19,,,0
