101,'244.0.1',606,,9092,7,,,0,15,,9093,7,,,0,15,,9094,7,,,0,15,,9095,7,,,0,55,,9096,7,,,0,15,,9097,7,,,0,16,,9098,7,,,0,15,,9099,7,,,0,55,,9100,7,,,0,15,,9101,7,,,0,15,,9102,7,,,0,15,,9103,7,,,0,55,,9104,7,,,0,15,,9105,7,,,0,15,,9106,7,,,0,15,,9107,7,,,0,55,,9108,7,,,0,15,,9109,7,,,0,15,,9110,7,,,0,15,,9111,7,,,0,57,,9112,7,,,0,15,,9113,7,,,0,15,,9114,7,,,0,15,,9115,7,,,0,55,,9116,7,,,0,15,,9117,7,,,0,15,,9118,7,,,0,15,,9119,7,,,0,55,,9120,7,,,0,15,,9121,7,,,0,15,,9122,7,,,0,15,,9123,7,,,0,55,,9124,7,,,0,15,,9125,7,,,0,15,,9126,7,,,0,15,,9127,7,,,0,55,,9128,7,,,0,15,,9129,7,,,0,15,,9130,7,,,0,15,,9131,7,,,0,55,,9132,7,,,0,15,,9133,7,,,0,15,,9134,7,,,0,15,,9135,7,,,0,55,,9136,7,,,0,15,,9137,7,,,0,15,,9138,7,,,0,15,,9139,7,,,0,55,,9140,7,,,0,14,,9141,7,,,0,15,,9142,7,,,0,15,,9143,7,,,0,55,,9144,7,,,0,15,,9145,7,,,0,15,,9146,7,,,0,15,,9147,7,,,0,55,,9148,7,,,0,15,,9149,7,,,0,15,,9150,7,,,0,15,,9151,7,,,0,52,,9152,7,,,0,15,,9153,7,,,0,15,,9154,7,,,0,15,,9155,7,,,0,55,,9156,7,,,0,15,,9157,7,,,0,15,,9158,7,,,0,15,,9159,7,,,0,55,,9160,7,,,0,15,,9161,7,,,0,15,,9162,7,,,0,15,,9163,7,,,0,55,,9164,7,,,0,15,,9165,7,,,0,15,,9166,7,,,0
101,'244.0.2',605,,9167,7,,,0,25,,9168,7,,,0,15,,9169,7,,,0,55,,9170,7,,,0,15,,9171,7,,,0,15,,9172,7,,,0,15,,9173,7,,,0,55,,9174,7,,,0,15,,9175,7,,,0,15,,9176,7,,,0,16,,9177,7,,,0,55,,9178,7,,,0,15,,9179,7,,,0,15,,9180,7,,,0,15,,9181,7,,,0,55,,9182,7,,,0,15,,9183,7,,,0,15,,9184,7,,,0,15,,9185,7,,,0,55,,9186,7,,,0,15,,9187,7,,,0,16,,9188,7,,,0,15,,9189,7,,,0,55,,9190,7,,,0,15,,9191,7,,,0,15,,9192,7,,,0,15,,9193,7,,,0,55,,9194,7,,,0,15,,9195,7,,,0,15,,9196,7,,,0,15,,9197,7,,,0,55,,9198,7,,,0,15,,9199,7,,,0,15,,9200,7,,,0,15,,9201,7,,,0,55,,9202,7,,,0,15,,9203,7,,,0,15,,9204,7,,,0,15,,9205,7,,,0,55,,9206,7,,,0,15,,9207,7,,,0,15,,9208,7,,,0,15,,9209,7,,,0,55,,9210,7,,,0,15,,9211,7,,,0,15,,9212,7,,,0,15,,9213,7,,,0,55,,9214,7,,,0,15,,9215,7,,,0,13,,9216,7,,,0,15,,9217,7,,,0,55,,9218,7,,,0,15,,9219,7,,,0,15,,9220,7,,,0,15,,9221,7,,,0,55,,9222,7,,,0,30,,9223,7,,,0,70,,9224,7,,,0,30,,9225,7,,,0,70,,9226,7,,,0,30,,9227,7,,,0,70,,9228,7,,,0,30,,9229,7,,,0,70,,9230,7,,,0
101,'244.0.3',553,,9231,7,,,0,70,,9232,7,,,0,13,,9233,7,,,0,15,,9234,7,,,0,55,,9235,7,,,0,10,,9236,7,,,0,10,,9237,7,,,0,13,,9238,7,,,0,12,,9239,7,,,0,50,,9240,7,,,0,10,,9241,7,,,0,10,,9242,7,,,0,12,,9243,7,,,0,10,,9244,7,,,0,8,,9245,7,,,0,8,,9246,7,,,0,50,,9247,7,,,0,10,,9248,7,,,0,10,,9249,7,,,0,10,,9250,7,,,0,10,,9251,7,,,0,9,,9252,7,,,0,49,,9253,7,,,0,10,,9254,7,,,0,10,,9255,7,,,0,10,,9256,7,,,0,10,,9257,7,,,0,10,,9258,7,,,0,50,,9259,7,,,0,10,,9260,7,,,0,10,,9261,7,,,0,10,,9262,7,,,0,10,,9263,7,,,0,10,,9264,7,,,0,50,,9265,7,,,0,10,,9266,7,,,0,10,,9267,7,,,0,10,,9268,7,,,0,10,,9269,7,,,0,10,,9270,7,,,0,50,,9271,7,,,0,10,,9272,7,,,0,10,,9273,7,,,0,10,,9274,7,,,0,10,,9275,7,,,0,10,,9276,7,,,0,50,,9277,7,,,0,10,,9278,7,,,0,10,,9279,7,,,0,10,,9280,7,,,0,10,,9281,7,,,0,10,,9282,7,,,0,50,,9283,7,,,0,10,,9284,7,,,0,10,,9285,7,,,0,12,,9286,7,,,0,12,,9287,7,,,0,50,,9288,7,,,0,10,,9289,7,,,0,10,,9290,7,,,0,10,,9291,7,,,0,10,,9292,7,,,0,10,,9293,7,,,0,50,,9294,7,,,0,10,,9295,7,,,0,10,,9296,7,,,0,10,,9297,7,,,0,10,,9298,7,,,0,10,,9299,7,,,0,50,,9300,7,,,0,7,,9301,7,,,0,9,,9302,7,,,0,10,,9303,7,,,0,10,,9304,7,,,0,10,,9305,7,,,0,10,,9306,7,,,0,50,,9307,7,,,0,10,,9308,7,,,0,10,,9309,7,,,0,10,,9310,7,,,0,10,,9311,7,,,0,10,,9312,7,,,0,49,,9313,7,,,0,9,,9314,7,,,0,10,,9315,7,,,0,10,,9316,7,,,0,10,,9317,7,,,0,10,,9318,7,,,0,50,,9319,7,,,0,10,,9320,7,,,0,10,,9321,7,,,0,10,,9322,7,,,0,10,,9323,7,,,0,10,,9324,7,,,0,50,,9325,7,,,0,10,,9326,7,,,0,15,,9327,7,,,0,15,,9328,7,,,0,55,,9329,7,,,0,15,,9330,7,,,0,15,,9331,7,,,0,15,,9332,7,,,0,55,,9333,7,,,0,15,,9334,7,,,0,15,,9335,7,,,0,15,,9336,7,,,0,55,,9337,7,,,0
201,'244.0.1',630,,9504,43,,,0,100,,9505,43,,,0,100,,9506,43,,,0,15,,9507,43,,,0,55,,9508,43,,,0,15,,9509,43,,,0,15,,9510,43,,,0,15,,9511,43,,,0,55,,9512,43,,,0,16,,9513,43,,,0,18,,9514,43,,,0,16,,9515,43,,,0,55,,9516,43,,,0,15,,9517,43,,,0,15,,9518,43,,,0,15,,9519,43,,,0,55,,9520,43,,,0,15,,9521,43,,,0,15,,9522,43,,,0,15,,9523,43,,,0,55,,9524,43,,,0,15,,9525,43,,,0,15,,9526,43,,,0,15,,9527,43,,,0,55,,9528,43,,,0,15,,9529,43,,,0,15,,9530,43,,,0,15,,9531,43,,,0,55,,9532,43,,,0,15,,9533,43,,,0,15,,9534,43,,,0,15,,9535,43,,,0,55,,9536,43,,,0,15,,9537,43,,,0,15,,9538,43,,,0,14,,9539,43,,,0,54,,9540,43,,,0,15,,9541,43,,,0,15,,9542,43,,,0,15,,9543,43,,,0,55,,9544,43,,,0,15,,9545,43,,,0,15,,9546,43,,,0,14,,9547,43,,,0,53,,9548,43,,,0,14,,9549,43,,,0,15,,9550,43,,,0,30,,9551,43,,,0,70,,9552,43,,,0,30,,9553,43,,,0,70,,9554,43,,,0,30,,9555,43,,,0,70,,9556,43,,,0,30,,9557,43,,,0,70,,9558,43,,,0,30,,9559,43,,,0,70,,9560,43,,,0,30,,9561,43,,,0
201,'244.0.2',637,,9562,43,,,0,100,,9563,43,,,0,95,,9564,43,,,0,20,,9565,43,,,0,60,,9566,43,,,0,20,,9567,43,,,0,22,,9568,43,,,0,62,,9569,43,,,0,20,,9570,43,,,0,20,,9571,43,,,0,60,,9572,43,,,0,20,,9573,43,,,0,20,,9574,43,,,0,60,,9575,43,,,0,20,,9576,43,,,0,20,,9577,43,,,0,60,,9578,43,,,0,20,,9579,43,,,0,20,,9580,43,,,0,60,,9581,43,,,0,20,,9582,43,,,0,20,,9583,43,,,0,60,,9584,43,,,0,20,,9585,43,,,0,20,,9586,43,,,0,60,,9587,43,,,0,20,,9588,43,,,0,20,,9589,43,,,0,60,,9590,43,,,0,20,,9591,43,,,0,20,,9592,43,,,0,60,,9593,43,,,0,15,,9594,43,,,0,27,,9595,43,,,0,69,,9596,43,,,0,30,,9597,43,,,0,70,,9598,43,,,0,30,,9599,43,,,0,70,,9600,43,,,0,30,,9601,43,,,0,70,,9602,43,,,0,30,,9603,43,,,0,70,,9604,43,,,0,30,,9605,43,,,0,70,,9606,43,,,0
201,'244.0.3',600,,9607,43,,,0,30,,9608,43,,,0,70,,9609,43,,,0,15,,9610,43,,,0,15,,9611,43,,,0,22,,9612,43,,,0,58,,9613,43,,,0,15,,9614,43,,,0,15,,9615,43,,,0,15,,9616,43,,,0,55,,9617,43,,,0,13,,9618,43,,,0,14,,9619,43,,,0,15,,9620,43,,,0,55,,9621,43,,,0,15,,9622,43,,,0,15,,9623,43,,,0,15,,9624,43,,,0,55,,9625,43,,,0,15,,9626,43,,,0,15,,9627,43,,,0,15,,9628,43,,,0,55,,9629,43,,,0,15,,9630,43,,,0,15,,9631,43,,,0,15,,9632,43,,,0,55,,9633,43,,,0,15,,9634,43,,,0,15,,9635,43,,,0,15,,9636,43,,,0,55,,9637,43,,,0,15,,9638,43,,,0,15,,9639,43,,,0,15,,9640,43,,,0,55,,9641,43,,,0,15,,9642,43,,,0,17,,9643,43,,,0,17,,9644,43,,,0,56,,9645,43,,,0,15,,9646,43,,,0,15,,9647,43,,,0,15,,9648,43,,,0,55,,9649,43,,,0,15,,9650,43,,,0,15,,9651,43,,,0,12,,9652,43,,,0,52,,9653,43,,,0,14,,9654,43,,,0,15,,9655,43,,,0,15,,9656,43,,,0,54,,9657,43,,,0,27,,9658,43,,,0,70,,9659,43,,,0,30,,9660,43,,,0,70,,9661,43,,,0,30,,9662,43,,,0,70,,9663,43,,,0,30,,9664,43,,,0,70,,9665,43,,,0,30,,9666,43,,,0,70,,9667,43,,,0,30,,9668,43,,,0,70,,9669,43,,,0
800,'244.0.1',540,,10559,1,,,0,70,,10560,1,,,0,30,,10561,1,,,0,70,,10562,1,,,0,30,,10563,1,,,0,60,,10564,1,,,0,20,,10565,1,,,0,30,,10566,1,,,0,70,,10567,1,,,0,30,,10568,1,,,0,70,,10569,1,,,0,25,,10570,1,,,0,70,,10571,1,,,0,30,,10572,1,,,0,70,,10573,1,,,0,30,,10574,1,,,0,70,,10575,1,,,0,30,,10576,1,,,0,70,,10577,1,,,0,30,,10578,1,,,0,70,,10579,1,,,0,30,,10580,1,,,0,70,,10581,1,,,0,30,,10582,1,,,0,70,,10583,1,,,0,30,,10584,1,,,0,75,,10585,1,,,0,30,,10586,1,,,0,70,,10587,1,,,0,30,,10588,1,,,0,70,,10589,1,,,0,30,,10590,1,,,0,70,,10591,1,,,0,30,,10592,1,,,0,70,,10593,1,,,0,30,,10594,1,,,0,70,,10595,1,,,0,100,,10596,1,,,0
800,'244.0.2',555,,10597,1,,,0,70,,10598,1,,,0,30,,10599,1,,,0,70,,10600,1,,,0,30,,10601,1,,,0,70,,10602,1,,,0,30,,10603,1,,,0,70,,10604,1,,,0,30,,10605,1,,,0,70,,10606,1,,,0,30,,10607,1,,,0,65,,10608,1,,,0,30,,10609,1,,,0,70,,10610,1,,,0,30,,10611,1,,,0,70,,10612,1,,,0,30,,10613,1,,,0,70,,10614,1,,,0,30,,10615,1,,,0,70,,10616,1,,,0,30,,10617,1,,,0,75,,10618,1,,,0,30,,10619,1,,,0,70,,10620,1,,,0,30,,10621,1,,,0,70,,10622,1,,,0,30,,10623,1,,,0,70,,10624,1,,,0,30,,10625,1,,,0,70,,10626,1,,,0,30,,10627,1,,,0,70,,10628,1,,,0,30,,10629,1,,,0,70,,10630,1,,,0,100,,10631,1,,,0,100,,10632,1,,,0
800,'244.0.3',527,,10635,1,,,0,30,,10636,1,,,0,70,,10637,1,,,0,30,,10638,1,,,0,70,,10639,1,,,0,31,,10640,1,,,0,70,,10641,1,,,0,30,,10642,1,,,0,70,,10643,1,,,0,20,,10644,1,,,0,60,,10645,1,,,0,20,,10646,1,,,0,20,,10647,1,,,0,60,,10648,1,,,0,20,,10649,1,,,0,20,,10650,1,,,0,60,,10651,1,,,0,20,,10652,1,,,0,20,,10653,1,,,0,60,,10654,1,,,0,20,,10655,1,,,0,20,,10656,1,,,0,60,,10657,1,,,0,20,,10658,1,,,0,20,,10659,1,,,0,60,,10660,1,,,0,20,,10661,1,,,0,20,,10662,1,,,0,60,,10663,1,,,0,20,,10664,1,,,0,20,,10665,1,,,0,60,,10666,1,,,0,20,,10667,1,,,0,79,,10668,1,,,0,10,,10683,1,,,0,10,,10669,1,,,0,30,,10670,1,,,0,70,,10671,1,,,0,30,,10672,1,,,0,70,,10673,1,,,0,30,,10674,1,,,0,70,,10675,1,,,0,30,,10676,1,,,0,70,,10677,1,,,0,30,,10678,1,,,0,70,,10679,1,,,0,30,,10680,1,,,0,70,,10681,1,,,0,30,,10682,1,,,0
2900,'244.0.1',645,,11695,32,,,0,70,,11696,32,,,0,30,,11697,32,,,0,70,,11698,32,,,0,30,,11699,32,,,0,70,,11700,32,,,0,30,,11701,32,,,0,70,,11702,32,,,0,34,,11703,32,,,0,66,,11704,32,,,0,30,,11705,32,,,0,70,,11706,32,,,0,30,,11707,32,,,0,70,,11708,32,,,0,30,,11709,32,,,0,70,,11710,32,,,0,30,,11711,32,,,0,70,,11712,32,,,0,30,,11713,32,,,0,70,,11714,32,,,0,29,,11715,32,,,0,70,,11716,32,,,0,31,,11717,32,,,0,70,,11718,32,,,0,30,,11719,32,,,0,70,,11720,32,,,0,30,,11721,32,,,0,70,,11722,32,,,0,28,,11723,32,,,0,102,,11724,32,,,0,100,,11725,32,,,0,100,,11726,32,,,0,81,,11727,32,,,0
2900,'244.0.2',650,,11728,32,,,0,70,,11729,32,,,0,30,,11730,32,,,0,70,,11731,32,,,0,30,,11732,32,,,0,70,,11733,32,,,0,30,,11734,32,,,0,70,,11735,32,,,0,30,,11736,32,,,0,73,,11737,32,,,0,27,,11738,32,,,0,70,,11739,32,,,0,30,,11740,32,,,0,70,,11741,32,,,0,30,,11742,32,,,0,70,,11743,32,,,0,30,,11744,32,,,0,70,,11745,32,,,0,30,,11746,32,,,0,70,,11747,32,,,0,30,,11748,32,,,0,70,,11749,32,,,0,30,,11750,32,,,0,68,,11751,32,,,0,32,,11752,32,,,0,100,,11753,32,,,0,100,,11754,32,,,0,100,,11755,32,,,0,100,,11756,32,,,0,100,,11757,32,,,0,78,,11758,32,,,0
2900,'244.0.3',605,,11759,32,,,0,15,,11760,32,,,0,15,,11761,32,,,0,15,,11762,32,,,0,55,,11763,32,,,0,15,,11764,32,,,0,15,,11765,32,,,0,15,,11766,32,,,0,55,,11767,32,,,0,15,,11768,32,,,0,15,,11769,32,,,0,15,,11770,32,,,0,55,,11771,32,,,0,15,,11772,32,,,0,15,,11773,32,,,0,70,,11774,32,,,0,30,,11775,32,,,0,70,,11776,32,,,0,30,,11777,32,,,0,70,,11778,32,,,0,30,,11779,32,,,0,70,,11780,32,,,0,30,,11781,32,,,0,70,,11782,32,,,0,30,,11783,32,,,0,70,,11784,32,,,0,30,,11785,32,,,0,15,,11786,32,,,0,55,,11787,32,,,0,15,,11788,32,,,0,15,,11789,32,,,0,15,,11790,32,,,0,55,,11791,32,,,0,15,,11792,32,,,0,15,,11793,32,,,0,15,,11794,32,,,0,55,,11795,32,,,0,15,,11796,32,,,0,15,,11797,32,,,0,15,,11798,32,,,0,55,,11799,32,,,0,30,,11800,32,,,0,70,,11801,32,,,0,30,,11802,32,,,0,70,,11803,32,,,0,30,,11804,32,,,0,70,,11805,32,,,0,30,,11806,32,,,0,100,,11807,32,,,0,88,,11808,32,,,0
1000900,'244.0.1',648,,15724,1,,,0,100,,15725,1,,,0,100,,15726,1,,,0,94,,15727,1,,,0,100,,15728,1,,,0,96,,15729,1,,,0,99,,15730,1,,,0,100,,15731,1,,,0,100,,15732,1,,,0,100,,15733,1,,,0,100,,15734,1,,,0,100,,15735,1,,,0,100,,15736,1,,,0,105,,15737,1,,,0,100,,15738,1,,,0,100,,15739,1,,,0,100,,15740,1,,,0,100,,15741,1,,,0
1000900,'244.0.2',646,,15742,1,,,0,96,,15743,1,,,0,100,,15744,1,,,0,100,,15745,1,,,0,100,,15746,1,,,0,100,,15747,1,,,0,100,,15748,1,,,0,100,,15749,1,,,0,100,,15750,1,,,0,100,,15751,1,,,0,100,,15752,1,,,0,100,,15753,1,,,0,100,,15754,1,,,0,100,,15755,1,,,0,102,,15756,1,,,0,100,,15757,1,,,0,100,,15758,1,,,0,100,,15759,1,,,0
1000900,'244.0.3',600,,15760,1,,,0,30,,15761,1,,,0,70,,15762,1,,,0,30,,15763,1,,,0,70,,15764,1,,,0,29,,15765,1,,,0,12,,15766,1,,,0,15,,15767,1,,,0,70,,15768,1,,,0,15,,15769,1,,,0,15,,15770,1,,,0,70,,15771,1,,,0,15,,15772,1,,,0,12,,15773,1,,,0,67,,15774,1,,,0,15,,15775,1,,,0,15,,15776,1,,,0,70,,15777,1,,,0,15,,15778,1,,,0,15,,15779,1,,,0,70,,15780,1,,,0,15,,15781,1,,,0,15,,15782,1,,,0,70,,15783,1,,,0,26,,15784,1,,,0,59,,15785,1,,,0,9,,15786,1,,,0,19,,15787,1,,,0,10,,15788,1,,,0,60,,15789,1,,,0,10,,15790,1,,,0,20,,15791,1,,,0,10,,15792,1,,,0,10,,15793,1,,,0,61,,15794,1,,,0,9,,15795,1,,,0,8,,15796,1,,,0,16,,15797,1,,,0,10,,15798,1,,,0,60,,15799,1,,,0,10,,15800,1,,,0,30,,15801,1,,,0,70,,15802,1,,,0,30,,15803,1,,,0,70,,15804,1,,,0,30,,15805,1,,,0,70,,15806,1,,,0,15,,15807,1,,,0,15,,15808,1,,,0,75,,15809,1,,,0,20,,15810,1,,,0,80,,15811,1,,,0,20,,15812,1,,,0,80,,15813,1,,,0
1001001,'244.0.3',643,,15933,7,,,0,63,,15934,7,,,0,20,,15935,7,,,0,20,,15936,7,,,0,60,,15937,7,,,0,20,,15938,7,,,0,20,,15939,7,,,0,57,,15940,7,,,0,20,,15941,7,,,0,506,,15942,7,,,0,15,,15943,7,,,0,64,,15944,7,,,0,21,,15945,7,,,0,20,,15946,7,,,0,60,,15947,7,,,0,20,,15948,7,,,0,25,,15949,7,,,0,64,,15950,7,,,0,22,,15951,7,,,0,60,,15952,7,,,0,9,,15953,7,,,0,20,,15954,7,,,0
2000900,'244.0.1',618,,16760,1,,,0,100,,16761,1,,,0,100,,16762,1,,,0,94,,16763,1,,,0,100,,16764,1,,,0,100,,16765,1,,,0,95,,16766,1,,,0,100,,16767,1,,,0,100,,16768,1,,,0,100,,16769,1,,,0,100,,16770,1,,,0,100,,16771,1,,,0,100,,16772,1,,,0,105,,16773,1,,,0,100,,16774,1,,,0,100,,16775,1,,,0,100,,16776,1,,,0,100,,16777,1,,,0,100,,16778,1,,,0
2000900,'244.0.2',617,,16779,1,,,0,97,,16780,1,,,0,98,,16781,1,,,0,100,,16782,1,,,0,100,,16783,1,,,0,100,,16784,1,,,0,100,,16785,1,,,0,100,,16786,1,,,0,100,,16787,1,,,0,100,,16788,1,,,0,100,,16789,1,,,0,100,,16790,1,,,0,100,,16791,1,,,0,100,,16792,1,,,0,102,,16793,1,,,0,100,,16794,1,,,0,100,,16795,1,,,0,100,,16796,1,,,0,100,,16797,1,,,0
2000900,'244.0.3',615,,16800,1,,,0,30,,16801,1,,,0,70,,16802,1,,,0,26,,16803,1,,,0,70,,16804,1,,,0,100,,16805,1,,,0,100,,16806,1,,,0,95,,16807,1,,,0,96,,16808,1,,,0,100,,16809,1,,,0,100,,16810,1,,,0,28,,16811,1,,,0,25,,16812,1,,,0,68,,16813,1,,,0,30,,16814,1,,,0,70,,16815,1,,,0,80,,16816,1,,,0,34,,16817,1,,,0,70,,16818,1,,,0,30,,16819,1,,,0,70,,16820,1,,,0,30,,16821,1,,,0,70,,16822,1,,,0,30,,16823,1,,,0,70,,16824,1,,,0,100,,16825,1,,,0,100,,16826,1,,,0,100,,16827,1,,,0,100,,16828,1,,,0
2001001,'244.0.1',652,,16998,18,,,0,94,,16999,18,,,0,87,,17000,18,,,0,72,,17001,18,,,0,30,,17002,18,,,0,71,,17003,18,,,0,33,,17004,18,,,0,70,,17005,18,,,0,31,,17006,18,,,0,72,,17007,18,,,0,33,,17008,18,,,0,72,,17009,18,,,0,30,,17010,18,,,0,70,,17011,18,,,0,30,,17012,18,,,0,70,,17013,18,,,0,30,,17014,18,,,0,70,,17015,18,,,0,30,,17016,18,,,0,70,,17017,18,,,0,30,,17018,18,,,0,70,,17019,18,,,0,30,,17020,18,,,0,67,,17021,18,,,0,26,,17022,18,,,0,70,,17023,18,,,0,30,,17024,18,,,0,100,,17025,18,,,0,99,,17026,18,,,0,99,,17027,18,,,0,100,,17028,18,,,0
2001001,'244.0.2',646,,17029,18,,,0,92,,17030,18,,,0,90,,17031,18,,,0,72,,17032,18,,,0,30,,17033,18,,,0,72,,17034,18,,,0,32,,17035,18,,,0,72,,17036,18,,,0,31,,17037,18,,,0,70,,17038,18,,,0,30,,17039,18,,,0,70,,17040,18,,,0,30,,17041,18,,,0,70,,17042,18,,,0,32,,17043,18,,,0,71,,17044,18,,,0,30,,17045,18,,,0,70,,17046,18,,,0,30,,17047,18,,,0,69,,17048,18,,,0,30,,17049,18,,,0,70,,17050,18,,,0,30,,17051,18,,,0,101,,17052,18,,,0,100,,17053,18,,,0,100,,17054,18,,,0,100,,17055,18,,,0,100,,17056,18,,,0,100,,17057,18,,,0
2001001,'244.0.3',604,,17058,18,,,0,30,,17059,18,,,0,22,,17060,18,,,0,63,,17061,18,,,0,22,,17096,18,,,0,60,,17062,18,,,0,20,,17063,18,,,0,20,,17064,18,,,0,61,,17065,18,,,0,50,,17066,18,,,0,60,,17067,18,,,0,24,,17068,18,,,0,69,,17069,18,,,0,31,,17070,18,,,0,70,,17071,18,,,0,30,,17072,18,,,0,70,,17073,18,,,0,30,,17074,18,,,0,79,,17075,18,,,0,21,,17076,18,,,0,64,,17077,18,,,0,15,,17078,18,,,0,21,,17079,18,,,0,20,,17080,18,,,0,60,,17081,18,,,0,21,,17082,18,,,0,64,,17083,18,,,0,25,,17084,18,,,0,21,,17085,18,,,0,60,,17086,18,,,0,9,,17087,18,,,0,20,,17088,18,,,0,70,,17089,18,,,0,27,,17090,18,,,0,72,,17091,18,,,0,30,,17092,18,,,0,70,,17093,18,,,0,30,,17094,18,,,0,70,,17095,18,,,0
3001001,'244.0.1',622,,17558,26,,,0,94,,17559,26,,,0,100,,17560,26,,,0,34,,17561,26,,,0,70,,17562,26,,,0,30,,17563,26,,,0,70,,17564,26,,,0,34,,17565,26,,,0,71,,17566,26,,,0,31,,17567,26,,,0,72,,17568,26,,,0,74,,17569,26,,,0,30,,17570,26,,,0,70,,17571,26,,,0,30,,17572,26,,,0,70,,17573,26,,,0,30,,17574,26,,,0,70,,17575,26,,,0,30,,17576,26,,,0,70,,17577,26,,,0,30,,17578,26,,,0,70,,17579,26,,,0,30,,17580,26,,,0,70,,17581,26,,,0,24,,17582,26,,,0,28,,17583,26,,,0,70,,17584,26,,,0,100,,17585,26,,,0,96,,17586,26,,,0,94,,17587,26,,,0,100,,17588,26,,,0
3001001,'244.0.2',621,,17590,26,,,0,90,,17591,26,,,0,100,,17592,26,,,0,30,,17593,26,,,0,70,,17594,26,,,0,30,,17595,26,,,0,72,,17596,26,,,0,33,,17597,26,,,0,74,,17598,26,,,0,30,,17599,26,,,0,70,,17600,26,,,0,30,,17601,26,,,0,71,,17602,26,,,0,30,,17603,26,,,0,70,,17604,26,,,0,30,,17605,26,,,0,73,,17606,26,,,0,30,,17607,26,,,0,70,,17608,26,,,0,30,,17609,26,,,0,70,,17610,26,,,0,30,,17611,26,,,0,70,,17612,26,,,0,30,,17613,26,,,0,67,,17614,26,,,0,100,,17615,26,,,0,94,,17616,26,,,0,100,,17617,26,,,0,100,,17618,26,,,0
3001001,'244.0.3',549,,17620,26,,,0,70,,17621,26,,,0,30,,17622,26,,,0,65,,17623,26,,,0,22,,17624,26,,,0,20,,17625,26,,,0,58,,17626,26,,,0,19,,17627,26,,,0,20,,17628,26,,,0,57,,17629,26,,,0,32,,17630,26,,,0,60,,17631,26,,,0,20,,17632,26,,,0,28,,17633,26,,,0,71,,17634,26,,,0,30,,17635,26,,,0,70,,17636,26,,,0,30,,17637,26,,,0,70,,17638,26,,,0,30,,17639,26,,,0,70,,17640,26,,,0,30,,17641,26,,,0,70,,17642,26,,,0,21,,17643,26,,,0,60,,17644,26,,,0,20,,17645,26,,,0,21,,17646,26,,,0,67,,17647,26,,,0,23,,17648,26,,,0,20,,17649,26,,,0,60,,17650,26,,,0,18,,17651,26,,,0,16,,17652,26,,,0,57,,17653,26,,,0,14,,17654,26,,,0,12,,17655,26,,,0,19,,17656,26,,,0,79,,17657,26,,,0,30,,17658,26,,,0,70,,17659,26,,,0,30,,17660,26,,,0,70,,17661,26,,,0,28,,17662,26,,,0,64,,17663,26,,,0
