501,'244.0.1',621,,10400,17,,,0,20,,10401,17,,,0,60,,10402,17,,,0,20,,10403,17,,,0,20,,10404,17,,,0,60,,10405,17,,,0,20,,10406,17,,,0,20,,10407,17,,,0,60,,10408,17,,,0,20,,10409,17,,,0,20,,10410,17,,,0,62,,10411,17,,,0,24,,10412,17,,,0,20,,10413,17,,,0,60,,10414,17,,,0,20,,10415,17,,,0,20,,10416,17,,,0,60,,10417,17,,,0,20,,10418,17,,,0,20,,10419,17,,,0,60,,10420,17,,,0,20,,10421,17,,,0,20,,10422,17,,,0,60,,10423,17,,,0,20,,10424,17,,,0,20,,10425,17,,,0,60,,10426,17,,,0,20,,10427,17,,,0,20,,10428,17,,,0,59,,10429,17,,,0,19,,10430,17,,,0,20,,10431,17,,,0,60,,10432,17,,,0,20,,10433,17,,,0,20,,10434,17,,,0,60,,10435,17,,,0,20,,10436,17,,,0,20,,10437,17,,,0,60,,10438,17,,,0,20,,10439,17,,,0,20,,10440,17,,,0,59,,10441,17,,,0,17,,10442,17,,,0,20,,10443,17,,,0,60,,10444,17,,,0,20,,10445,17,,,0,20,,10446,17,,,0,60,,10447,17,,,0,20,,10448,17,,,0,30,,10449,17,,,0,70,,10450,17,,,0,30,,10451,17,,,0,70,,10452,17,,,0,30,,10453,17,,,0
501,'244.0.2',621,,10454,17,,,0,30,,10455,17,,,0,70,,10456,17,,,0,30,,10457,17,,,0,70,,10458,17,,,0,30,,10459,17,,,0,70,,10460,17,,,0,30,,10461,17,,,0,70,,10462,17,,,0,33,,10463,17,,,0,69,,10464,17,,,0,30,,10465,17,,,0,70,,10466,17,,,0,31,,10467,17,,,0,69,,10468,17,,,0,30,,10469,17,,,0,70,,10470,17,,,0,30,,10471,17,,,0,70,,10472,17,,,0,30,,10473,17,,,0,70,,10474,17,,,0,30,,10475,17,,,0,70,,10476,17,,,0,30,,10477,17,,,0,70,,10478,17,,,0,30,,10479,17,,,0,70,,10480,17,,,0,30,,10481,17,,,0,70,,10482,17,,,0,30,,10483,17,,,0,70,,10484,17,,,0,27,,10485,17,,,0,70,,10486,17,,,0,30,,10487,17,,,0,70,,10488,17,,,0,30,,10489,17,,,0
501,'244.0.3',523,,10490,17,,,0,30,,10491,17,,,0,70,,10492,17,,,0,15,,10493,17,,,0,15,,10494,17,,,0,55,,10495,17,,,0,18,,10496,17,,,0,22,,10497,17,,,0,55,,10498,17,,,0,15,,10499,17,,,0,15,,10500,17,,,0,14,,10501,17,,,0,53,,10502,17,,,0,12,,10503,17,,,0,13,,10504,17,,,0,15,,10505,17,,,0,15,,10506,17,,,0,55,,10507,17,,,0,15,,10508,17,,,0,15,,10509,17,,,0,15,,10510,17,,,0,55,,10511,17,,,0,15,,10512,17,,,0,15,,10513,17,,,0,15,,10514,17,,,0,55,,10515,17,,,0,15,,10516,17,,,0,15,,10517,17,,,0,15,,10518,17,,,0,55,,10519,17,,,0,15,,10520,17,,,0,15,,10521,17,,,0,15,,10522,17,,,0,55,,10523,17,,,0,15,,10524,17,,,0,15,,10525,17,,,0,15,,10526,17,,,0,55,,10527,17,,,0,15,,10528,17,,,0,15,,10529,17,,,0,15,,10530,17,,,0,58,,10531,17,,,0,15,,10532,17,,,0,15,,10533,17,,,0,15,,10534,17,,,0,55,,10535,17,,,0,15,,10536,17,,,0,15,,10537,17,,,0,15,,10538,17,,,0,55,,10539,17,,,0,14,,10540,17,,,0,12,,10541,17,,,0,12,,10542,17,,,0,60,,10543,17,,,0,20,,10544,17,,,0,20,,10545,17,,,0,60,,10546,17,,,0,20,,10547,17,,,0,20,,10548,17,,,0,60,,10549,17,,,0,20,,10550,17,,,0,20,,10551,17,,,0,60,,10552,17,,,0,30,,10553,17,,,0,70,,10554,17,,,0,30,,10555,17,,,0,70,,10556,17,,,0,30,,10557,17,,,0
5001,'244.0.3',634,,12085,2,,,0,15,,12086,2,,,0,71,,12087,2,,,0,30,,12088,2,,,0,70,,12089,2,,,0
1001001,'244.0.3',639,,15933,2,,,0,62,,15934,2,,,0,20,,15935,2,,,0,20,,15936,2,,,0,60,,15937,2,,,0,20,,15938,2,,,0,20,,15939,2,,,0,18,,15940,2,,,0,60,,15941,2,,,0,506,,15942,2,,,0,15,,15943,2,,,0,64,,15944,2,,,0,21,,15945,2,,,0,20,,15946,2,,,0,60,,15947,2,,,0,20,,15948,2,,,0,25,,15949,2,,,0,64,,15950,2,,,0,22,,15951,2,,,0,20,,15952,2,,,0,49,,15953,2,,,0,20,,15954,2,,,0
2001001,'244.0.1',649,,16998,13,,,0,94,,16999,13,,,0,87,,17000,13,,,0,72,,17001,13,,,0,30,,17002,13,,,0,71,,17003,13,,,0,33,,17004,13,,,0,70,,17005,13,,,0,30,,17006,13,,,0,72,,17007,13,,,0,33,,17008,13,,,0,72,,17009,13,,,0,30,,17010,13,,,0,70,,17011,13,,,0,30,,17012,13,,,0,70,,17013,13,,,0,30,,17014,13,,,0,70,,17015,13,,,0,30,,17016,13,,,0,70,,17017,13,,,0,30,,17018,13,,,0,70,,17019,13,,,0,30,,17020,13,,,0,68,,17021,13,,,0,26,,17022,13,,,0,70,,17023,13,,,0,30,,17024,13,,,0,100,,17025,13,,,0,99,,17026,13,,,0,99,,17027,13,,,0,100,,17028,13,,,0
2001001,'244.0.2',643,,17029,13,,,0,92,,17030,13,,,0,90,,17031,13,,,0,32,,17032,13,,,0,70,,17033,13,,,0,32,,17034,13,,,0,72,,17035,13,,,0,72,,17036,13,,,0,31,,17037,13,,,0,70,,17038,13,,,0,30,,17039,13,,,0,70,,17040,13,,,0,30,,17041,13,,,0,70,,17042,13,,,0,32,,17043,13,,,0,71,,17044,13,,,0,30,,17045,13,,,0,70,,17046,13,,,0,30,,17047,13,,,0,69,,17048,13,,,0,30,,17049,13,,,0,70,,17050,13,,,0,30,,17051,13,,,0,101,,17052,13,,,0,100,,17053,13,,,0,100,,17054,13,,,0,100,,17055,13,,,0,100,,17056,13,,,0,100,,17057,13,,,0
2001001,'244.0.3',600,,17058,13,,,0,30,,17059,13,,,0,22,,17060,13,,,0,62,,17061,13,,,0,22,,17096,13,,,0,20,,17062,13,,,0,60,,17063,13,,,0,20,,17064,13,,,0,21,,17065,13,,,0,91,,17066,13,,,0,60,,17067,13,,,0,24,,17068,13,,,0,69,,17069,13,,,0,31,,17070,13,,,0,70,,17071,13,,,0,30,,17072,13,,,0,70,,17073,13,,,0,30,,17074,13,,,0,79,,17075,13,,,0,21,,17076,13,,,0,24,,17077,13,,,0,55,,17078,13,,,0,21,,17079,13,,,0,20,,17080,13,,,0,60,,17081,13,,,0,21,,17082,13,,,0,24,,17083,13,,,0,65,,17084,13,,,0,21,,17085,13,,,0,60,,17086,13,,,0,9,,17087,13,,,0,20,,17088,13,,,0,70,,17089,13,,,0,27,,17090,13,,,0,72,,17091,13,,,0,30,,17092,13,,,0,70,,17093,13,,,0,30,,17094,13,,,0,70,,17095,13,,,0
3001001,'244.0.1',619,,17558,21,,,0,94,,17559,21,,,0,100,,17560,21,,,0,34,,17561,21,,,0,70,,17562,21,,,0,30,,17563,21,,,0,70,,17564,21,,,0,34,,17565,21,,,0,70,,17566,21,,,0,31,,17567,21,,,0,72,,17568,21,,,0,34,,17569,21,,,0,70,,17570,21,,,0,30,,17571,21,,,0,70,,17572,21,,,0,30,,17573,21,,,0,70,,17574,21,,,0,30,,17575,21,,,0,70,,17576,21,,,0,30,,17577,21,,,0,70,,17578,21,,,0,30,,17579,21,,,0,70,,17580,21,,,0,30,,17581,21,,,0,65,,17582,21,,,0,28,,17583,21,,,0,70,,17584,21,,,0,100,,17585,21,,,0,96,,17586,21,,,0,94,,17587,21,,,0,100,,17588,21,,,0
3001001,'244.0.2',618,,17590,21,,,0,90,,17591,21,,,0,100,,17592,21,,,0,30,,17593,21,,,0,70,,17594,21,,,0,30,,17595,21,,,0,72,,17596,21,,,0,33,,17597,21,,,0,74,,17598,21,,,0,30,,17599,21,,,0,70,,17600,21,,,0,30,,17601,21,,,0,71,,17602,21,,,0,30,,17603,21,,,0,70,,17604,21,,,0,30,,17605,21,,,0,73,,17606,21,,,0,30,,17607,21,,,0,70,,17608,21,,,0,30,,17609,21,,,0,70,,17610,21,,,0,30,,17611,21,,,0,70,,17612,21,,,0,30,,17613,21,,,0,67,,17614,21,,,0,100,,17615,21,,,0,94,,17616,21,,,0,100,,17617,21,,,0,100,,17618,21,,,0
3001001,'244.0.3',545,,17620,21,,,0,70,,17621,21,,,0,30,,17622,21,,,0,64,,17623,21,,,0,22,,17624,21,,,0,20,,17625,21,,,0,58,,17626,21,,,0,19,,17627,21,,,0,20,,17628,21,,,0,58,,17629,21,,,0,32,,17630,21,,,0,20,,17631,21,,,0,60,,17632,21,,,0,28,,17633,21,,,0,71,,17634,21,,,0,30,,17635,21,,,0,70,,17636,21,,,0,30,,17637,21,,,0,70,,17638,21,,,0,30,,17639,21,,,0,70,,17640,21,,,0,30,,17641,21,,,0,70,,17642,21,,,0,21,,17643,21,,,0,20,,17644,21,,,0,60,,17645,21,,,0,21,,17646,21,,,0,67,,17647,21,,,0,23,,17648,21,,,0,20,,17649,21,,,0,60,,17650,21,,,0,18,,17651,21,,,0,16,,17652,21,,,0,57,,17653,21,,,0,14,,17654,21,,,0,12,,17655,21,,,0,19,,17656,21,,,0,79,,17657,21,,,0,30,,17658,21,,,0,70,,17659,21,,,0,30,,17660,21,,,0,70,,17661,21,,,0,28,,17662,21,,,0,64,,17663,21,,,0
