500,'244.0.1',643,,10242,12,,,0,60,,10243,12,,,0,20,,10244,12,,,0,20,,10245,12,,,0,60,,10246,12,,,0,20,,10247,12,,,0,20,,10248,12,,,0,61,,10249,12,,,0,20,,10250,12,,,0,20,,10251,12,,,0,60,,10252,12,,,0,20,,10253,12,,,0,20,,10254,12,,,0,61,,10255,12,,,0,20,,10256,12,,,0,20,,10257,12,,,0,60,,10258,12,,,0,20,,10259,12,,,0,20,,10260,12,,,0,60,,10261,12,,,0,20,,10262,12,,,0,20,,10263,12,,,0,60,,10264,12,,,0,20,,10265,12,,,0,20,,10266,12,,,0,59,,10267,12,,,0,20,,10268,12,,,0,20,,10269,12,,,0,60,,10270,12,,,0,20,,10271,12,,,0,20,,10272,12,,,0,60,,10273,12,,,0,20,,10274,12,,,0,20,,10275,12,,,0,60,,10276,12,,,0,20,,10277,12,,,0,20,,10278,12,,,0,60,,10279,12,,,0,20,,10280,12,,,0,20,,10281,12,,,0,60,,10282,12,,,0,20,,10283,12,,,0,20,,10284,12,,,0,60,,10285,12,,,0,20,,10286,12,,,0,20,,10287,12,,,0,60,,10288,12,,,0,20,,10289,12,,,0,30,,10290,12,,,0,70,,10291,12,,,0,30,,10292,12,,,0,70,,10293,12,,,0,30,,10294,12,,,0,70,,10295,12,,,0
500,'244.0.2',643,,10296,12,,,0,70,,10297,12,,,0,30,,10298,12,,,0,70,,10299,12,,,0,30,,10300,12,,,0,70,,10301,12,,,0,30,,10302,12,,,0,71,,10303,12,,,0,30,,10304,12,,,0,70,,10305,12,,,0,30,,10306,12,,,0,70,,10307,12,,,0,30,,10308,12,,,0,70,,10309,12,,,0,30,,10310,12,,,0,70,,10311,12,,,0,30,,10312,12,,,0,70,,10313,12,,,0,30,,10314,12,,,0,70,,10315,12,,,0,30,,10316,12,,,0,70,,10317,12,,,0,30,,10318,12,,,0,70,,10319,12,,,0,30,,10320,12,,,0,70,,10321,12,,,0,30,,10322,12,,,0,70,,10323,12,,,0,30,,10324,12,,,0,70,,10325,12,,,0,30,,10326,12,,,0,70,,10327,12,,,0,30,,10328,12,,,0,70,,10329,12,,,0,30,,10330,12,,,0,70,,10331,12,,,0
500,'244.0.3',543,,10332,12,,,0,70,,10333,12,,,0,15,,10334,12,,,0,15,,10335,12,,,0,15,,10336,12,,,0,55,,10337,12,,,0,15,,10338,12,,,0,15,,10339,12,,,0,15,,10340,12,,,0,55,,10341,12,,,0,15,,10342,12,,,0,15,,10343,12,,,0,15,,10344,12,,,0,56,,10345,12,,,0,15,,10346,12,,,0,15,,10347,12,,,0,15,,10348,12,,,0,55,,10349,12,,,0,15,,10350,12,,,0,15,,10351,12,,,0,15,,10352,12,,,0,57,,10353,12,,,0,15,,10354,12,,,0,15,,10355,12,,,0,55,,10356,12,,,0,15,,10357,12,,,0,15,,10358,12,,,0,15,,10359,12,,,0,55,,10360,12,,,0,15,,10361,12,,,0,15,,10362,12,,,0,15,,10363,12,,,0,55,,10364,12,,,0,15,,10365,12,,,0,15,,10366,12,,,0,15,,10367,12,,,0,55,,10368,12,,,0,14,,10369,12,,,0,15,,10370,12,,,0,15,,10371,12,,,0,55,,10372,12,,,0,15,,10373,12,,,0,15,,10374,12,,,0,15,,10375,12,,,0,55,,10376,12,,,0,15,,10377,12,,,0,15,,10378,12,,,0,15,,10379,12,,,0,55,,10380,12,,,0,15,,10381,12,,,0,15,,10382,12,,,0,15,,10383,12,,,0,60,,10384,12,,,0,15,,10385,12,,,0,20,,10386,12,,,0,60,,10387,12,,,0,19,,10388,12,,,0,20,,10389,12,,,0,20,,10390,12,,,0,60,,10391,12,,,0,20,,10392,12,,,0,20,,10393,12,,,0,75,,10394,12,,,0,70,,10395,12,,,0,30,,10396,12,,,0,70,,10397,12,,,0,30,,10398,12,,,0,70,,10399,12,,,0
5300,'244.0.1',606,,12090,2,,,0,30,,12091,2,,,0,70,,12092,2,,,0,30,,12093,2,,,0,70,,12094,2,,,0,30,,12095,2,,,0,70,,12096,2,,,0,30,,12097,2,,,0,70,,12098,2,,,0,30,,12099,2,,,0,70,,12100,2,,,0,30,,12101,2,,,0,70,,12102,2,,,0,30,,12103,2,,,0,70,,12104,2,,,0,30,,12105,2,,,0,70,,12106,2,,,0,30,,12107,2,,,0,70,,12108,2,,,0,30,,12109,2,,,0,70,,12110,2,,,0,30,,12111,2,,,0,70,,12112,2,,,0,30,,12113,2,,,0,70,,12114,2,,,0,30,,12115,2,,,0,70,,12116,2,,,0,30,,12117,2,,,0,70,,12118,2,,,0,30,,12119,2,,,0,70,,12120,2,,,0,30,,12121,2,,,0,70,,12122,2,,,0,100,,12123,2,,,0
5300,'244.0.2',706,,12124,2,,,0,100,,12125,2,,,0,100,,12126,2,,,0,100,,12127,2,,,0,100,,12128,2,,,0,100,,12129,2,,,0,100,,12130,2,,,0,100,,12131,2,,,0,100,,12132,2,,,0,100,,12133,2,,,0,100,,12134,2,,,0,100,,12135,2,,,0,100,,12136,2,,,0,100,,12137,2,,,0,100,,12138,2,,,0,100,,12139,2,,,0
5300,'244.0.3',605,,12140,2,,,0,30,,12141,2,,,0,71,,12142,2,,,0,30,,12143,2,,,0,70,,12144,2,,,0,30,,12145,2,,,0,70,,12146,2,,,0,30,,12147,2,,,0,70,,12148,2,,,0,30,,12149,2,,,0,70,,12150,2,,,0,30,,12151,2,,,0,70,,12152,2,,,0,30,,12153,2,,,0,70,,12154,2,,,0,30,,12155,2,,,0,70,,12156,2,,,0,30,,12157,2,,,0,70,,12158,2,,,0,30,,12159,2,,,0,70,,12160,2,,,0,30,,12161,2,,,0,70,,12162,2,,,0,30,,12163,2,,,0,70,,12164,2,,,0,30,,12165,2,,,0,70,,12166,2,,,0,30,,12167,2,,,0,70,,12168,2,,,0,30,,12169,2,,,0,70,,12170,2,,,0,100,,12171,2,,,0,100,,12172,2,,,0,100,,12173,2,,,0
5400,'244.0.1',600,,12258,4,,,0,100,,12259,4,,,0,100,,12260,4,,,0,100,,12261,4,,,0,100,,12262,4,,,0,100,,12263,4,,,0,100,,12264,4,,,0,100,,12265,4,,,0,100,,12266,4,,,0,100,,12267,4,,,0,100,,12268,4,,,0,100,,12269,4,,,0,100,,12270,4,,,0,100,,12271,4,,,0,100,,12272,4,,,0,100,,12273,4,,,0,100,,12274,4,,,0
5400,'244.0.2',800,,12275,4,,,0,100,,12276,4,,,0,100,,12277,4,,,0,100,,12278,4,,,0,100,,12279,4,,,0,100,,12280,4,,,0,100,,12281,4,,,0,100,,12282,4,,,0,100,,12283,4,,,0,100,,12284,4,,,0,100,,12285,4,,,0,100,,12286,4,,,0,100,,12287,4,,,0,100,,12288,4,,,0
5400,'244.0.3',602,,12289,4,,,0,28,,12290,4,,,0,70,,12291,4,,,0,28,,12292,4,,,0,30,,12293,4,,,0,71,,12294,4,,,0,75,,12295,4,,,0,100,,12296,4,,,0,100,,12297,4,,,0,100,,12298,4,,,0,100,,12299,4,,,0,100,,12300,4,,,0,100,,12301,4,,,0,30,,12302,4,,,0,70,,12303,4,,,0,29,,12304,4,,,0,70,,12305,4,,,0,30,,12306,4,,,0,71,,12307,4,,,0,30,,12308,4,,,0,70,,12309,4,,,0,30,,12310,4,,,0,70,,12311,4,,,0,100,,12312,4,,,0
5500,'244.0.1',730,,12368,4,,,0,100,,12369,4,,,0,100,,12370,4,,,0,100,,12371,4,,,0,100,,12372,4,,,0,100,,12373,4,,,0,100,,12374,4,,,0,100,,12375,4,,,0,100,,12376,4,,,0,100,,12377,4,,,0,100,,12378,4,,,0,100,,12379,4,,,0,100,,12380,4,,,0,100,,12381,4,,,0,100,,12382,4,,,0
5500,'244.0.2',730,,12383,4,,,0,100,,12384,4,,,0,100,,12385,4,,,0,100,,12386,4,,,0,100,,12387,4,,,0,100,,12388,4,,,0,100,,12389,4,,,0,100,,12390,4,,,0,100,,12391,4,,,0,100,,12392,4,,,0,100,,12393,4,,,0,100,,12394,4,,,0,100,,12395,4,,,0,100,,12396,4,,,0,100,,12397,4,,,0
5500,'244.0.3',619,,12398,4,,,0,30,,12416,4,,,0,70,,12399,4,,,0,30,,12400,4,,,0,100,,12401,4,,,0,85,,12402,4,,,0,100,,12403,4,,,0,100,,12404,4,,,0,100,,12405,4,,,0,100,,12406,4,,,0,100,,12407,4,,,0,85,,12408,4,,,0,101,,12409,4,,,0,34,,12417,4,,,0,70,,12410,4,,,0,25,,12411,4,,,0,75,,12412,4,,,0,100,,12413,4,,,0,110,,12414,4,,,0,100,,12415,4,,,0
6200,'244.0.1',703,,12991,4,,,0,100,,12992,4,,,0,100,,12993,4,,,0,100,,12994,4,,,0,100,,12995,4,,,0,100,,12996,4,,,0,100,,12997,4,,,0,100,,12998,4,,,0,100,,12999,4,,,0,100,,13000,4,,,0,100,,13001,4,,,0,100,,13002,4,,,0,100,,13003,4,,,0,100,,13004,4,,,0,100,,13005,4,,,0,100,,13006,4,,,0
6200,'244.0.2',703,,13007,4,,,0,100,,13008,4,,,0,100,,13009,4,,,0,100,,13010,4,,,0,100,,13011,4,,,0,100,,13012,4,,,0,100,,13013,4,,,0,100,,13014,4,,,0,100,,13015,4,,,0,100,,13016,4,,,0,100,,13017,4,,,0,100,,13018,4,,,0,100,,13019,4,,,0,100,,13020,4,,,0,100,,13021,4,,,0,100,,13022,4,,,0
6200,'244.0.3',612,,13023,4,,,0,30,,13024,4,,,0,70,,13025,4,,,0,30,,13026,4,,,0,70,,13027,4,,,0,30,,13028,4,,,0,70,,13029,4,,,0,100,,13030,4,,,0,100,,13031,4,,,0,100,,13032,4,,,0,100,,13033,4,,,0,100,,13034,4,,,0,100,,13035,4,,,0,30,,13036,4,,,0,70,,13037,4,,,0,30,,13038,4,,,0,70,,13039,4,,,0,30,,13040,4,,,0,70,,13041,4,,,0,30,,13042,4,,,0,100,,13043,4,,,0,100,,13044,4,,,0,100,,13045,4,,,0,100,,13046,4,,,0
1000601,'244.0.3',536,,15372,4,,,0,70,,15373,4,,,0,30,,15374,4,,,0,70,,15375,4,,,0,29,,15376,4,,,0,70,,15377,4,,,0,30,,15378,4,,,0,70,,15379,4,,,0,15,,15380,4,,,0,30,,15381,4,,,0,70,,15382,4,,,0,30,,15383,4,,,0,70,,15384,4,,,0,30,,15385,4,,,0,70,,15386,4,,,0,30,,15387,4,,,0,70,,15388,4,,,0,30,,15389,4,,,0,70,,15390,4,,,0,30,,15391,4,,,0,55,,15392,4,,,0,30,,15393,4,,,0,70,,15394,4,,,0,30,,15395,4,,,0,70,,15396,4,,,0,30,,15397,4,,,0,71,,15398,4,,,0,30,,15399,4,,,0
2000601,'244.0.1',603,,16367,4,,,0,100,,16368,4,,,0,100,,16369,4,,,0,100,,16370,4,,,0,100,,16371,4,,,0,100,,16372,4,,,0,100,,16373,4,,,0,100,,16374,4,,,0,100,,16375,4,,,0,100,,16376,4,,,0,100,,16377,4,,,0,100,,16378,4,,,0,100,,16379,4,,,0,100,,16380,4,,,0,100,,16381,4,,,0,100,,16382,4,,,0,100,,16383,4,,,0,100,,16384,4,,,0,100,,16385,4,,,0
2000601,'244.0.2',603,,16387,4,,,0,100,,16388,4,,,0,100,,16389,4,,,0,100,,16390,4,,,0,100,,16391,4,,,0,100,,16392,4,,,0,100,,16393,4,,,0,100,,16394,4,,,0,100,,16395,4,,,0,100,,16396,4,,,0,100,,16397,4,,,0,100,,16398,4,,,0,100,,16399,4,,,0,100,,16400,4,,,0,100,,16401,4,,,0,100,,16402,4,,,0,100,,16403,4,,,0,100,,16404,4,,,0,100,,16405,4,,,0
2000601,'244.0.3',543,,16408,4,,,0,70,,16409,4,,,0,30,,16410,4,,,0,70,,16411,4,,,0,30,,16412,4,,,0,70,,16413,4,,,0,30,,16414,4,,,0,65,,16415,4,,,0,100,,16416,4,,,0,100,,16417,4,,,0,100,,16418,4,,,0,100,,16419,4,,,0,100,,16420,4,,,0,104,,16421,4,,,0,30,,16422,4,,,0,70,,16423,4,,,0,30,,16424,4,,,0,70,,16425,4,,,0,30,,16426,4,,,0,70,,16427,4,,,0,100,,16428,4,,,0,100,,16429,4,,,0,100,,16430,4,,,0,100,,16431,4,,,0,100,,16432,4,,,0,100,,16433,4,,,0
3000601,'244.0.1',633,,17381,4,,,0,100,,17382,4,,,0,100,,17383,4,,,0,100,,17384,4,,,0,100,,17385,4,,,0,100,,17386,4,,,0,100,,17387,4,,,0,100,,17388,4,,,0,100,,17389,4,,,0,100,,17390,4,,,0,100,,17391,4,,,0,100,,17392,4,,,0,100,,17393,4,,,0,100,,17394,4,,,0,100,,17395,4,,,0,100,,17396,4,,,0,100,,17397,4,,,0,100,,17398,4,,,0,100,,17399,4,,,0
3000601,'244.0.2',633,,17401,4,,,0,100,,17402,4,,,0,100,,17403,4,,,0,100,,17404,4,,,0,100,,17405,4,,,0,100,,17406,4,,,0,100,,17407,4,,,0,100,,17408,4,,,0,100,,17409,4,,,0,100,,17410,4,,,0,100,,17411,4,,,0,100,,17412,4,,,0,100,,17413,4,,,0,100,,17414,4,,,0,100,,17415,4,,,0,100,,17416,4,,,0,100,,17417,4,,,0,100,,17418,4,,,0,100,,17419,4,,,0
3000601,'244.0.3',558,,17421,4,,,0,70,,17422,4,,,0,30,,17423,4,,,0,70,,17424,4,,,0,30,,17425,4,,,0,70,,17426,4,,,0,30,,17427,4,,,0,80,,17428,4,,,0,100,,17429,4,,,0,100,,17430,4,,,0,100,,17431,4,,,0,100,,17432,4,,,0,100,,17433,4,,,0,89,,17434,4,,,0,30,,17435,4,,,0,70,,17436,4,,,0,30,,17437,4,,,0,70,,17438,4,,,0,30,,17439,4,,,0,70,,17440,4,,,0,116,,17441,4,,,0,100,,17442,4,,,0,100,,17443,4,,,0,100,,17444,4,,,0,100,,17445,4,,,0,100,,17446,4,,,0
