200,'244.0.1',627,,9338,29,,,0,100,,9339,29,,,0,100,,9340,29,,,0,15,,9341,29,,,0,15,,9342,29,,,0,55,,9343,29,,,0,15,,9344,29,,,0,15,,9345,29,,,0,15,,9346,29,,,0,55,,9347,29,,,0,15,,9348,29,,,0,15,,9349,29,,,0,16,,9350,29,,,0,56,,9351,29,,,0,15,,9352,29,,,0,15,,9353,29,,,0,15,,9354,29,,,0,55,,9355,29,,,0,15,,9356,29,,,0,15,,9357,29,,,0,15,,9358,29,,,0,55,,9359,29,,,0,15,,9360,29,,,0,15,,9361,29,,,0,15,,9362,29,,,0,55,,9363,29,,,0,15,,9364,29,,,0,15,,9365,29,,,0,15,,9366,29,,,0,55,,9367,29,,,0,15,,9368,29,,,0,15,,9369,29,,,0,15,,9370,29,,,0,55,,9371,29,,,0,15,,9372,29,,,0,15,,9373,29,,,0,15,,9374,29,,,0,55,,9375,29,,,0,15,,9376,29,,,0,15,,9377,29,,,0,15,,9378,29,,,0,55,,9379,29,,,0,15,,9380,29,,,0,15,,9381,29,,,0,15,,9382,29,,,0,55,,9383,29,,,0,15,,9384,29,,,0,15,,9385,29,,,0,70,,9386,29,,,0,30,,9387,29,,,0,69,,9388,29,,,0,29,,9389,29,,,0,70,,9390,29,,,0,30,,9391,29,,,0,70,,9392,29,,,0,30,,9393,29,,,0,70,,9394,29,,,0,30,,9395,29,,,0
200,'244.0.2',614,,9396,29,,,0,100,,9397,29,,,0,100,,9398,29,,,0,30,,9399,29,,,0,60,,9400,29,,,0,20,,9401,29,,,0,20,,9402,29,,,0,60,,9403,29,,,0,20,,9404,29,,,0,20,,9405,29,,,0,64,,9406,29,,,0,20,,9407,29,,,0,20,,9408,29,,,0,60,,9409,29,,,0,20,,9410,29,,,0,20,,9411,29,,,0,60,,9412,29,,,0,20,,9413,29,,,0,20,,9414,29,,,0,60,,9415,29,,,0,20,,9416,29,,,0,20,,9417,29,,,0,60,,9418,29,,,0,20,,9419,29,,,0,20,,9420,29,,,0,60,,9421,29,,,0,20,,9422,29,,,0,20,,9423,29,,,0,60,,9424,29,,,0,20,,9425,29,,,0,20,,9426,29,,,0,60,,9427,29,,,0,20,,9428,29,,,0,25,,9429,29,,,0,70,,9430,29,,,0,30,,9431,29,,,0,70,,9432,29,,,0,30,,9433,29,,,0,70,,9434,29,,,0,30,,9435,29,,,0,70,,9436,29,,,0,30,,9437,29,,,0,70,,9438,29,,,0,30,,9439,29,,,0,70,,9440,29,,,0
200,'244.0.3',557,,9441,29,,,0,70,,9442,29,,,0,30,,9443,29,,,0,55,,9444,29,,,0,15,,9445,29,,,0,17,,9446,29,,,0,57,,9447,29,,,0,15,,9448,29,,,0,15,,9449,29,,,0,15,,9450,29,,,0,55,,9451,29,,,0,14,,9452,29,,,0,14,,9453,29,,,0,15,,9454,29,,,0,15,,9455,29,,,0,55,,9456,29,,,0,15,,9457,29,,,0,15,,9458,29,,,0,15,,9459,29,,,0,55,,9460,29,,,0,15,,9461,29,,,0,15,,9462,29,,,0,15,,9463,29,,,0,56,,9464,29,,,0,17,,9465,29,,,0,15,,9466,29,,,0,55,,9467,29,,,0,15,,9468,29,,,0,15,,9469,29,,,0,15,,9470,29,,,0,55,,9471,29,,,0,15,,9472,29,,,0,15,,9473,29,,,0,15,,9474,29,,,0,55,,9475,29,,,0,15,,9476,29,,,0,19,,9477,29,,,0,17,,9478,29,,,0,55,,9479,29,,,0,15,,9480,29,,,0,15,,9481,29,,,0,15,,9482,29,,,0,55,,9483,29,,,0,15,,9484,29,,,0,15,,9485,29,,,0,14,,9486,29,,,0,50,,9487,29,,,0,11,,9488,29,,,0,15,,9489,29,,,0,15,,9490,29,,,0,15,,9491,29,,,0,55,,9492,29,,,0,30,,9493,29,,,0,70,,9494,29,,,0,30,,9495,29,,,0,70,,9496,29,,,0,30,,9497,29,,,0,70,,9498,29,,,0,30,,9499,29,,,0,70,,9500,29,,,0,30,,9501,29,,,0,70,,9502,29,,,0,30,,9503,29,,,0
300,'244.0.1',700,,9670,50,,,0,100,,9671,50,,,0,100,,9672,50,,,0,30,,9673,50,,,0,70,,9674,50,,,0,30,,9675,50,,,0,70,,9676,50,,,0,30,,9677,50,,,0,70,,9678,50,,,0,32,,9679,50,,,0,70,,9680,50,,,0,30,,9681,50,,,0,70,,9682,50,,,0,30,,9683,50,,,0,70,,9684,50,,,0,30,,9685,50,,,0,70,,9686,50,,,0,30,,9687,50,,,0,70,,9688,50,,,0,30,,9689,50,,,0,70,,9690,50,,,0,30,,9691,50,,,0,70,,9692,50,,,0,26,,9693,50,,,0,29,,9694,50,,,0,70,,9695,50,,,0,30,,9696,50,,,0,70,,9697,50,,,0,30,,9698,50,,,0,70,,9699,50,,,0,30,,9700,50,,,0,70,,9701,50,,,0,30,,9702,50,,,0,70,,9703,50,,,0,30,,9704,50,,,0,60,,9705,50,,,0
300,'244.0.2',640,,9706,50,,,0,100,,9707,50,,,0,100,,9708,50,,,0,70,,9709,50,,,0,30,,9710,50,,,0,67,,9711,50,,,0,20,,9712,50,,,0,20,,9713,50,,,0,62,,9714,50,,,0,24,,9715,50,,,0,20,,9716,50,,,0,60,,9717,50,,,0,20,,9718,50,,,0,20,,9719,50,,,0,60,,9720,50,,,0,20,,9721,50,,,0,20,,9722,50,,,0,60,,9723,50,,,0,20,,9724,50,,,0,20,,9725,50,,,0,60,,9726,50,,,0,20,,9727,50,,,0,20,,9728,50,,,0,60,,9729,50,,,0,20,,9730,50,,,0,20,,9731,50,,,0,60,,9732,50,,,0,20,,9733,50,,,0,20,,9734,50,,,0,57,,9735,50,,,0,17,,9736,50,,,0,19,,9737,50,,,0,70,,9738,50,,,0,30,,9739,50,,,0,70,,9740,50,,,0,30,,9741,50,,,0,70,,9742,50,,,0,30,,9743,50,,,0,70,,9744,50,,,0,23,,9745,50,,,0,70,,9746,50,,,0,30,,9747,50,,,0,70,,9748,50,,,0,30,,9749,50,,,0
300,'244.0.3',615,,9750,50,,,0,30,,9751,50,,,0,55,,9752,50,,,0,15,,9753,50,,,0,15,,9754,50,,,0,20,,9755,50,,,0,57,,9756,50,,,0,19,,9757,50,,,0,15,,9758,50,,,0,13,,9759,50,,,0,54,,9760,50,,,0,15,,9761,50,,,0,15,,9762,50,,,0,15,,9763,50,,,0,60,,9764,50,,,0,20,,9765,50,,,0,20,,9766,50,,,0,60,,9767,50,,,0,20,,9768,50,,,0,20,,9769,50,,,0,60,,9770,50,,,0,20,,9771,50,,,0,20,,9772,50,,,0,60,,9773,50,,,0,20,,9774,50,,,0,20,,9775,50,,,0,60,,9776,50,,,0,20,,9777,50,,,0,20,,9778,50,,,0,60,,9779,50,,,0,20,,9780,50,,,0,10,,9781,50,,,0,13,,9782,50,,,0,61,,9783,50,,,0,15,,9784,50,,,0,15,,9785,50,,,0,55,,9786,50,,,0,15,,9787,50,,,0,15,,9788,50,,,0,14,,9789,50,,,0,13,,9790,50,,,0,53,,9791,50,,,0,13,,9792,50,,,0,13,,9793,50,,,0,15,,9794,50,,,0,53,,9795,50,,,0,7,,9796,50,,,0,17,,9797,50,,,0,20,,9798,50,,,0,60,,9799,50,,,0,20,,9800,50,,,0,20,,9801,50,,,0,60,,9802,50,,,0,20,,9803,50,,,0,10,,9804,50,,,0,70,,9805,50,,,0,30,,9806,50,,,0,70,,9807,50,,,0,30,,9808,50,,,0,70,,9809,50,,,0,30,,9810,50,,,0,70,,9811,50,,,0
400,'244.0.1',612,,9953,28,,,0,100,,9954,28,,,0,100,,9955,28,,,0,30,,9956,28,,,0,70,,9957,28,,,0,32,,9958,28,,,0,72,,9959,28,,,0,30,,9960,28,,,0,70,,9961,28,,,0,30,,9962,28,,,0,70,,9963,28,,,0,30,,9964,28,,,0,70,,9965,28,,,0,30,,9966,28,,,0,70,,9967,28,,,0,30,,9968,28,,,0,70,,9969,28,,,0,30,,9970,28,,,0,70,,9971,28,,,0,30,,9972,28,,,0,70,,9973,28,,,0,30,,9974,28,,,0,70,,9975,28,,,0,30,,9976,28,,,0,70,,9977,28,,,0,30,,9978,28,,,0,70,,9979,28,,,0,30,,9980,28,,,0,68,,9981,28,,,0,28,,9982,28,,,0,70,,9983,28,,,0,100,,9984,28,,,0,100,,9985,28,,,0
400,'244.0.2',706,,9986,28,,,0,30,,9987,28,,,0,70,,9988,28,,,0,30,,9989,28,,,0,70,,9990,28,,,0,30,,9991,28,,,0,70,,9992,28,,,0,30,,9993,28,,,0,70,,9994,28,,,0,32,,9995,28,,,0,72,,9996,28,,,0,30,,9997,28,,,0,70,,9998,28,,,0,30,,9999,28,,,0,70,,10000,28,,,0,30,,10001,28,,,0,70,,10002,28,,,0,30,,10003,28,,,0,70,,10004,28,,,0,30,,10005,28,,,0,70,,10006,28,,,0,30,,10007,28,,,0,69,,10008,28,,,0,28,,10009,28,,,0,70,,10010,28,,,0,30,,10011,28,,,0,70,,10012,28,,,0,100,,10013,28,,,0,100,,10014,28,,,0,100,,10015,28,,,0,100,,10016,28,,,0
400,'244.0.3',622,,10017,28,,,0,20,,10018,28,,,0,60,,10019,28,,,0,20,,10020,28,,,0,17,,10021,28,,,0,18,,10022,28,,,0,55,,10023,28,,,0,15,,10024,28,,,0,15,,10025,28,,,0,15,,10026,28,,,0,55,,10027,28,,,0,15,,10028,28,,,0,15,,10029,28,,,0,15,,10030,28,,,0,55,,10031,28,,,0,15,,10032,28,,,0,15,,10033,28,,,0,15,,10034,28,,,0,55,,10035,28,,,0,15,,10036,28,,,0,15,,10037,28,,,0,17,,10038,28,,,0,55,,10039,28,,,0,15,,10040,28,,,0,15,,10041,28,,,0,15,,10042,28,,,0,55,,10043,28,,,0,15,,10044,28,,,0,10,,10045,28,,,0,10,,10046,28,,,0,10,,10047,28,,,0,50,,10048,28,,,0,10,,10049,28,,,0,10,,10050,28,,,0,8,,10051,28,,,0,8,,10052,28,,,0,8,,10053,28,,,0,49,,10054,28,,,0,9,,10055,28,,,0,8,,10056,28,,,0,9,,10057,28,,,0,8,,10058,28,,,0,8,,10059,28,,,0,8,,10060,28,,,0,48,,10061,28,,,0,8,,10062,28,,,0,8,,10063,28,,,0,8,,10064,28,,,0,8,,10065,28,,,0,8,,10066,28,,,0,8,,10067,28,,,0,8,,10068,28,,,0,48,,10069,28,,,0,8,,10070,28,,,0,16,,10071,28,,,0,8,,10072,28,,,0,8,,10073,28,,,0,8,,10074,28,,,0,48,,10075,28,,,0,6,,10076,28,,,0,8,,10077,28,,,0,13,,10078,28,,,0,15,,10079,28,,,0,15,,10080,28,,,0,60,,10081,28,,,0,20,,10082,28,,,0,20,,10083,28,,,0,60,,10084,28,,,0,20,,10085,28,,,0,20,,10086,28,,,0,57,,10087,28,,,0,18,,10088,28,,,0,20,,10089,28,,,0,60,,10090,28,,,0,30,,10091,28,,,0,70,,10092,28,,,0,30,,10093,28,,,0,70,,10094,28,,,0,30,,10095,28,,,0,70,,10096,28,,,0
400,'244.1141.3',1720,,10097,28,,,0
400,'244.1143.3',1720,,10098,28,,,0
13501,'244.0.3',1542,,14921,16,,,0,70,,14922,16,,,0,30,,14923,16,,,0,70,,14924,16,,,0,27,,14925,16,,,0,70,,14926,16,,,0,27,,14927,16,,,0
13601,'244.0.3',1533,,14936,14,,,0,70,,14937,14,,,0,33,,14938,14,,,0,15,,14939,14,,,0,55,,14940,14,,,0,27,,14941,14,,,0,26,,14942,14,,,0,70,,14943,14,,,0
13701,'244.0.3',1554,,14950,14,,,0,70,,14951,14,,,0,30,,14952,14,,,0,70,,14953,14,,,0,26,,14954,14,,,0,70,,14955,14,,,0
13801,'244.0.3',1558,,14963,16,,,0,72,,14964,16,,,0,71,,14965,16,,,0,29,,14966,16,,,0,24,,14967,16,,,0,70,,14968,16,,,0,20,,14969,16,,,0
