8200,'259.0.1',606,,22580,3,,,0,100,,22581,3,,,0,100,,22582,3,,,0,100,,22583,3,,,0,100,,22584,3,,,0,100,,22585,3,,,0,100,,22586,3,,,0,100,,22587,3,,,0,100,,22588,3,,,0,100,,22589,3,,,0,100,,22590,3,,,0,100,,22591,3,,,0,100,,22592,3,,,0,100,,22593,3,,,0,100,,22594,3,,,0,100,,22595,3,,,0,100,,22596,3,,,0
8200,'259.0.2',608,,22597,3,,,0,100,,22598,3,,,0,100,,22599,3,,,0,100,,22600,3,,,0,100,,22601,3,,,0,100,,22602,3,,,0,100,,22603,3,,,0,100,,22604,3,,,0,100,,22605,3,,,0,100,,22606,3,,,0,100,,22607,3,,,0,100,,22608,3,,,0,100,,22609,3,,,0,100,,22610,3,,,0,100,,22611,3,,,0,100,,22612,3,,,0
8200,'259.0.3',556,,22613,3,,,0,64,,22614,3,,,0,28,,22615,3,,,0,70,,22616,3,,,0,30,,22617,3,,,0,93,,22618,3,,,0,69,,22619,3,,,0,100,,22620,3,,,0,100,,22621,3,,,0,100,,22622,3,,,0,100,,22623,3,,,0,100,,22624,3,,,0,100,,22625,3,,,0,430,,22626,3,,,0,100,,22627,3,,,0,100,,22628,3,,,0,100,,22629,3,,,0
8400,'259.0.1',658,,22782,15,,,0,100,,22783,15,,,0,100,,22784,15,,,0,100,,22785,15,,,0,101,,22786,15,,,0,97,,22787,15,,,0,100,,22788,15,,,0,100,,22789,15,,,0,100,,22790,15,,,0,100,,22791,15,,,0,100,,22792,15,,,0,100,,22793,15,,,0,98,,22794,15,,,0,105,,22795,15,,,0,100,,22796,15,,,0,100,,22797,15,,,0,100,,22798,15,,,0
8400,'259.0.2',703,,22799,15,,,0,100,,22800,15,,,0,100,,22801,15,,,0,100,,22802,15,,,0,101,,22803,15,,,0,96,,22804,15,,,0,100,,22805,15,,,0,100,,22806,15,,,0,100,,22807,15,,,0,100,,22808,15,,,0,104,,22809,15,,,0,100,,22810,15,,,0,100,,22811,15,,,0,100,,22812,15,,,0,98,,22813,15,,,0,100,,22814,15,,,0,100,,22815,15,,,0
8400,'259.0.3',611,,22846,15,,,0,30,,22816,15,,,0,70,,22817,15,,,0,31,,22818,15,,,0,71,,22819,15,,,0,30,,22820,15,,,0,70,,22821,15,,,0,100,,22822,15,,,0,100,,22823,15,,,0,100,,22824,15,,,0,100,,22825,15,,,0,100,,22826,15,,,0,104,,22827,15,,,0,30,,22828,15,,,0,55,,22829,15,,,0,15,,22830,15,,,0,15,,22831,15,,,0,15,,22832,15,,,0,55,,22833,15,,,0,15,,22834,15,,,0,15,,22835,15,,,0,14,,22836,15,,,0,55,,22837,15,,,0,12,,22838,15,,,0,15,,22847,15,,,0,15,,22839,15,,,0,98,,22840,15,,,0,100,,22841,15,,,0,100,,22842,15,,,0,100,,22843,15,,,0,103,,22844,15,,,0,103,,22845,15,,,0
8800,'259.0.1',715,,23289,13,,,0,100,,23290,13,,,0,100,,23291,13,,,0,100,,23292,13,,,0,100,,23293,13,,,0,100,,23294,13,,,0,100,,23295,13,,,0,100,,23296,13,,,0,100,,23297,13,,,0,100,,23298,13,,,0,100,,23299,13,,,0,100,,23300,13,,,0,100,,23301,13,,,0,100,,23302,13,,,0,100,,23303,13,,,0,100,,23304,13,,,0
8800,'259.0.2',715,,23305,13,,,0,100,,23306,13,,,0,100,,23307,13,,,0,100,,23308,13,,,0,100,,23309,13,,,0,100,,23310,13,,,0,100,,23311,13,,,0,100,,23312,13,,,0,100,,23313,13,,,0,100,,23314,13,,,0,100,,23315,13,,,0,100,,23316,13,,,0,100,,23317,13,,,0,100,,23318,13,,,0,100,,23319,13,,,0
8800,'259.0.3',633,,23320,13,,,0,100,,23321,13,,,0,100,,23322,13,,,0,100,,23323,13,,,0,100,,23324,13,,,0,100,,23325,13,,,0,100,,23326,13,,,0,100,,23327,13,,,0,100,,23328,13,,,0,100,,23329,13,,,0,100,,23330,13,,,0,100,,23331,13,,,0,75,,23332,13,,,0,40,,23333,13,,,0,100,,23334,13,,,0,100,,23335,13,,,0,100,,23336,13,,,0
18200,'259.0.3',1530,,23847,21,,,0,15,,23848,21,,,0,57,,23849,21,,,0,18,,23850,21,,,0,14,,23851,21,,,0,17,,23852,21,,,0,55,,23853,21,,,0,13,,23854,21,,,0,13,,23855,21,,,0,15,,23856,21,,,0,11,,23857,21,,,0,55,,23858,21,,,0,15,,23860,21,,,0,14,,23859,21,,,0,16,,23861,21,,,0
