801,'244.0.1',551,,10684,44,,,0,70,,10685,44,,,0,30,,10686,44,,,0,70,,10687,44,,,0,30,,10688,44,,,0,73,,10689,44,,,0,30,,10690,44,,,0,70,,10691,44,,,0,30,,10692,44,,,0,73,,10693,44,,,0,30,,10694,44,,,0,70,,10695,44,,,0,30,,10696,44,,,0,70,,10697,44,,,0,31,,10698,44,,,0,71,,10699,44,,,0,30,,10700,44,,,0,70,,10701,44,,,0,30,,10702,44,,,0,70,,10703,44,,,0,30,,10704,44,,,0,70,,10705,44,,,0,30,,10706,44,,,0,70,,10707,44,,,0,28,,10708,44,,,0,69,,10709,44,,,0,30,,10710,44,,,0,70,,10711,44,,,0,26,,10712,44,,,0,69,,10713,44,,,0,30,,10714,44,,,0,70,,10715,44,,,0,30,,10716,44,,,0,70,,10717,44,,,0,30,,10718,44,,,0,70,,10719,44,,,0,30,,10720,44,,,0,100,,10721,44,,,0
801,'244.0.2',555,,10722,44,,,0,70,,10723,44,,,0,30,,10724,44,,,0,70,,10725,44,,,0,30,,10726,44,,,0,70,,10727,44,,,0,30,,10728,44,,,0,74,,10729,44,,,0,30,,10730,44,,,0,70,,10731,44,,,0,30,,10732,44,,,0,70,,10733,44,,,0,30,,10734,44,,,0,70,,10735,44,,,0,30,,10736,44,,,0,70,,10737,44,,,0,30,,10738,44,,,0,70,,10739,44,,,0,30,,10740,44,,,0,70,,10741,44,,,0,30,,10742,44,,,0,70,,10743,44,,,0,30,,10744,44,,,0,70,,10745,44,,,0,30,,10746,44,,,0,69,,10747,44,,,0,30,,10748,44,,,0,70,,10749,44,,,0,30,,10750,44,,,0,70,,10751,44,,,0,30,,10752,44,,,0,67,,10753,44,,,0,30,,10754,44,,,0,70,,10755,44,,,0,100,,10756,44,,,0,100,,10757,44,,,0
801,'244.0.3',540,,10758,44,,,0,70,,10759,44,,,0,30,,10760,44,,,0,60,,10761,44,,,0,23,,10762,44,,,0,20,,10763,44,,,0,60,,10764,44,,,0,20,,10765,44,,,0,20,,10766,44,,,0,60,,10767,44,,,0,17,,10768,44,,,0,20,,10769,44,,,0,60,,10770,44,,,0,20,,10771,44,,,0,20,,10772,44,,,0,60,,10773,44,,,0,20,,10774,44,,,0,20,,10775,44,,,0,60,,10776,44,,,0,20,,10777,44,,,0,20,,10778,44,,,0,60,,10779,44,,,0,20,,10780,44,,,0,20,,10781,44,,,0,60,,10782,44,,,0,20,,10783,44,,,0,20,,10784,44,,,0,60,,10785,44,,,0,23,,10786,44,,,0,33,,10787,44,,,0,70,,10788,44,,,0,30,,10789,44,,,0,70,,10790,44,,,0,30,,10791,44,,,0,66,,10792,44,,,0,28,,10793,44,,,0,70,,10794,44,,,0,30,,10795,44,,,0,70,,10796,44,,,0,30,,10797,44,,,0,67,,10798,44,,,0,29,,10799,44,,,0,70,,10800,44,,,0,30,,10801,44,,,0,70,,10802,44,,,0,30,,10803,44,,,0,70,,10804,44,,,0,30,,10805,44,,,0
9001,'244.0.1',615,,14654,29,,,0,30,,14655,29,,,0,70,,14656,29,,,0,25,,14657,29,,,0,70,,14658,29,,,0,30,,14659,29,,,0,70,,14660,29,,,0,25,,14661,29,,,0,71,,14662,29,,,0,31,,14663,29,,,0,70,,14664,29,,,0,30,,14665,29,,,0,70,,14666,29,,,0,30,,14667,29,,,0,70,,14668,29,,,0,30,,14669,29,,,0,70,,14670,29,,,0,30,,14671,29,,,0,70,,14672,29,,,0,30,,14673,29,,,0,70,,14674,29,,,0,30,,14675,29,,,0,70,,14676,29,,,0,35,,14677,29,,,0,68,,14678,29,,,0,29,,14679,29,,,0,70,,14680,29,,,0,30,,14681,29,,,0,70,,14682,29,,,0,100,,14683,29,,,0,100,,14684,29,,,0,100,,14685,29,,,0,100,,14686,29,,,0
9001,'244.0.2',602,,14687,29,,,0,100,,14688,29,,,0,100,,14689,29,,,0,100,,14690,29,,,0,56,,14691,29,,,0,142,,14692,29,,,0,100,,14693,29,,,0,102,,14694,29,,,0,100,,14695,29,,,0,98,,14696,29,,,0,100,,14697,29,,,0,100,,14698,29,,,0,58,,14699,29,,,0,143,,14700,29,,,0,105,,14701,29,,,0,98,,14702,29,,,0,100,,14703,29,,,0,99,,14704,29,,,0
9001,'244.0.3',546,,14705,29,,,0,70,,14706,29,,,0,30,,14707,29,,,0,58,,14739,29,,,0,13,,14708,29,,,0,15,,14740,29,,,0,10,,14709,29,,,0,15,,14741,29,,,0,55,,14710,29,,,0,17,,14742,29,,,0,14,,14711,29,,,0,15,,14743,29,,,0,55,,14712,29,,,0,30,,14713,29,,,0,65,,14714,29,,,0,30,,14715,29,,,0,70,,14716,29,,,0,30,,14717,29,,,0,70,,14718,29,,,0,30,,14719,29,,,0,70,,14720,29,,,0,30,,14721,29,,,0,70,,14722,29,,,0,30,,14723,29,,,0,70,,14724,29,,,0,33,,14725,29,,,0,61,,14744,29,,,0,22,,14726,29,,,0,8,,14745,29,,,0,25,,14727,29,,,0,55,,14746,29,,,0,15,,14728,29,,,0,15,,14747,29,,,0,13,,14729,29,,,0,53,,14748,29,,,0,13,,14730,29,,,0,12,,14749,29,,,0,13,,14731,29,,,0,12,,14750,29,,,0,53,,14732,29,,,0,30,,14733,29,,,0,69,,14734,29,,,0,30,,14735,29,,,0,100,,14736,29,,,0,100,,14737,29,,,0,100,,14738,29,,,0
9101,'244.0.1',809,,14805,33,,,0,100,,14806,33,,,0,100,,14807,33,,,0,100,,14808,33,,,0,100,,14809,33,,,0,100,,14810,33,,,0,100,,14811,33,,,0,100,,14812,33,,,0,100,,14813,33,,,0,100,,14814,33,,,0,100,,14815,33,,,0,100,,14816,33,,,0,100,,14817,33,,,0,100,,14818,33,,,0,100,,14819,33,,,0,100,,14820,33,,,0
9101,'244.0.2',838,,14821,33,,,0,100,,14822,33,,,0,100,,14823,33,,,0,100,,14824,33,,,0,100,,14825,33,,,0,100,,14826,33,,,0,100,,14827,33,,,0,100,,14828,33,,,0,100,,14829,33,,,0,100,,14830,33,,,0,100,,14831,33,,,0,100,,14832,33,,,0,100,,14833,33,,,0,100,,14834,33,,,0,100,,14835,33,,,0
9101,'244.0.3',612,,14836,33,,,0,30,,14837,33,,,0,76,,14838,33,,,0,24,,14839,33,,,0,70,,14840,33,,,0,37,,14841,33,,,0,68,,14842,33,,,0,29,,14843,33,,,0,100,,14844,33,,,0,103,,14845,33,,,0,100,,14846,33,,,0,99,,14847,33,,,0,107,,14848,33,,,0,101,,14849,33,,,0,71,,14850,33,,,0,30,,14851,33,,,0,73,,14852,33,,,0,70,,14853,33,,,0,24,,14854,33,,,0,94,,14855,33,,,0,100,,14856,33,,,0,100,,14857,33,,,0,100,,14858,33,,,0,100,,14859,33,,,0
9301,'244.0.3',617,,14867,30,,,0,30,,14868,30,,,0,70,,14869,30,,,0,30,,14870,30,,,0,71,,14871,30,,,0,30,,14872,30,,,0
