5400,'244.0.1',613,,12258,18,,,0,100,,12259,18,,,0,100,,12260,18,,,0,100,,12261,18,,,0,101,,12262,18,,,0,100,,12263,18,,,0,100,,12264,18,,,0,100,,12265,18,,,0,100,,12266,18,,,0,100,,12267,18,,,0,100,,12268,18,,,0,100,,12269,18,,,0,99,,12270,18,,,0,100,,12271,18,,,0,100,,12272,18,,,0,100,,12273,18,,,0,100,,12274,18,,,0
5400,'244.0.2',813,,12275,18,,,0,100,,12276,18,,,0,101,,12277,18,,,0,100,,12278,18,,,0,100,,12279,18,,,0,100,,12280,18,,,0,100,,12281,18,,,0,100,,12282,18,,,0,100,,12283,18,,,0,100,,12284,18,,,0,99,,12285,18,,,0,100,,12286,18,,,0,100,,12287,18,,,0,100,,12288,18,,,0
5400,'244.0.3',614,,12289,18,,,0,28,,12290,18,,,0,70,,12291,18,,,0,30,,12292,18,,,0,70,,12293,18,,,0,31,,12294,18,,,0,75,,12295,18,,,0,100,,12296,18,,,0,100,,12297,18,,,0,102,,12298,18,,,0,100,,12299,18,,,0,100,,12300,18,,,0,100,,12301,18,,,0,30,,12302,18,,,0,70,,12303,18,,,0,29,,12304,18,,,0,70,,12305,18,,,0,27,,12306,18,,,0,71,,12307,18,,,0,30,,12308,18,,,0,70,,12309,18,,,0,30,,12310,18,,,0,70,,12311,18,,,0,100,,12312,18,,,0
6700,'244.0.1',758,,13380,4,,,0,100,,13381,4,,,0,144,,13382,4,,,0,101,,13383,4,,,0,100,,13384,4,,,0,100,,13385,4,,,0,100,,13386,4,,,0,100,,13387,4,,,0,100,,13388,4,,,0,100,,13389,4,,,0,100,,13390,4,,,0,56,,13391,4,,,0,99,,13392,4,,,0,100,,13393,4,,,0,100,,13394,4,,,0,100,,13395,4,,,0
6700,'244.0.2',756,,13396,4,,,0,100,,13397,4,,,0,100,,13398,4,,,0,146,,13399,4,,,0,100,,13400,4,,,0,100,,13401,4,,,0,100,,13402,4,,,0,100,,13403,4,,,0,100,,13404,4,,,0,100,,13405,4,,,0,57,,13406,4,,,0,100,,13407,4,,,0,100,,13408,4,,,0,100,,13409,4,,,0,97,,13410,4,,,0,100,,13411,4,,,0
6700,'244.0.3',609,,13412,4,,,0,30,,13413,4,,,0,70,,13414,4,,,0,30,,13415,4,,,0,70,,13416,4,,,0,30,,13417,4,,,0,70,,13418,4,,,0,100,,13419,4,,,0,98,,13420,4,,,0,100,,13421,4,,,0,100,,13422,4,,,0,100,,13423,4,,,0,99,,13424,4,,,0,30,,13425,4,,,0,70,,13426,4,,,0,30,,13427,4,,,0,70,,13428,4,,,0,31,,13429,4,,,0,73,,13430,4,,,0,30,,13431,4,,,0,100,,13432,4,,,0,100,,13433,4,,,0,100,,13434,4,,,0,100,,13435,4,,,0
7201,'244.0.1',647,,13675,14,,,0,77,,13676,34,,,0,30,,13677,34,,,0,70,,13678,34,,,0,30,,13679,34,,,0,70,,13680,34,,,0,30,,13681,34,,,0,76,,13682,34,,,0,70,,13683,34,,,0,30,,13684,34,,,0,76,,13685,34,,,0,30,,13686,34,,,0,70,,13687,34,,,0,30,,13688,34,,,0,70,,13689,34,,,0,30,,13690,34,,,0,70,,13691,34,,,0,30,,13692,34,,,0,70,,13693,34,,,0,30,,13694,34,,,0,70,,13695,34,,,0,30,,13696,34,,,0,70,,13697,34,,,0,26,,13698,34,,,0,25,,13699,34,,,0,70,,13700,34,,,0,100,,13701,34,,,0,100,,13702,34,,,0,100,,13703,34,,,0,100,,13704,34,,,0,100,,13705,34,,,0
7201,'244.0.2',723,,13706,14,,,0,100,,13707,34,,,0,100,,13708,34,,,0,100,,13709,34,,,0,104,,13710,34,,,0,106,,13711,34,,,0,100,,13712,34,,,0,100,,13713,34,,,0,100,,13714,34,,,0,100,,13715,34,,,0,100,,13716,34,,,0,96,,13717,34,,,0,100,,13718,34,,,0,92,,13719,34,,,0,100,,13720,34,,,0,100,,13721,34,,,0,100,,13722,34,,,0
7201,'244.0.3',659,,13723,34,,,0,70,,13724,34,,,0,30,,13725,34,,,0,73,,13726,34,,,0,72,,13727,34,,,0,32,,13728,34,,,0,70,,13729,34,,,0,28,,13730,34,,,0,70,,13731,34,,,0,30,,13732,34,,,0,70,,13733,34,,,0,30,,13734,34,,,0,70,,13735,34,,,0,30,,13736,34,,,0,70,,13737,34,,,0,30,,13738,34,,,0,73,,13739,34,,,0,30,,13740,34,,,0,71,,13741,34,,,0,31,,13742,34,,,0,70,,13743,34,,,0,30,,13744,34,,,0,70,,13745,34,,,0,29,,13746,34,,,0,64,,13747,34,,,0,24,,13748,34,,,0,100,,13749,34,,,0,100,,13750,34,,,0,100,,13751,34,,,0,100,,13752,34,,,0
37000,'244.0.3',1408,,15281,3,,,0,130,,15282,3,,,0,69,,15283,3,,,0,32,,15284,3,,,0,71,,15285,3,,,0,27,,15286,3,,,0,105,,15287,3,,,0
3001000,'244.0.1',635,,17448,38,,,0,100,,17449,38,,,0,70,,17450,38,,,0,30,,17451,38,,,0,70,,17452,38,,,0,31,,17453,38,,,0,73,,17454,38,,,0,30,,17455,38,,,0,70,,17456,38,,,0,31,,17457,38,,,0,73,,17458,38,,,0,30,,17459,38,,,0,70,,17460,38,,,0,30,,17461,38,,,0,70,,17462,38,,,0,30,,17463,38,,,0,70,,17464,38,,,0,30,,17465,38,,,0,70,,17466,38,,,0,30,,17467,38,,,0,70,,17468,38,,,0,30,,17469,38,,,0,70,,17470,38,,,0,29,,17471,38,,,0,68,,17472,38,,,0,30,,17473,38,,,0,100,,17474,38,,,0,100,,17475,38,,,0,96,,17476,38,,,0,100,,17477,38,,,0,100,,17478,38,,,0
3001000,'244.0.2',633,,17480,38,,,0,100,,17481,38,,,0,70,,17482,38,,,0,30,,17483,38,,,0,70,,17484,38,,,0,30,,17485,38,,,0,70,,17486,38,,,0,34,,17487,38,,,0,70,,17488,38,,,0,30,,17489,38,,,0,70,,17490,38,,,0,30,,17491,38,,,0,70,,17492,38,,,0,30,,17493,38,,,0,70,,17494,38,,,0,33,,17495,38,,,0,70,,17496,38,,,0,30,,17497,38,,,0,70,,17498,38,,,0,30,,17499,38,,,0,70,,17500,38,,,0,30,,17501,38,,,0,70,,17502,38,,,0,30,,17503,38,,,0,100,,17504,38,,,0,96,,17505,38,,,0,100,,17506,38,,,0,100,,17507,38,,,0,100,,17508,38,,,0
3001000,'244.0.3',625,,17512,38,,,0,19,,17513,38,,,0,60,,17514,38,,,0,19,,17515,38,,,0,18,,17516,38,,,0,17,,17517,38,,,0,60,,17518,38,,,0,33,,17519,38,,,0,60,,17520,38,,,0,20,,17521,38,,,0,28,,17522,38,,,0,70,,17523,38,,,0,30,,17524,38,,,0,70,,17525,38,,,0,30,,17526,38,,,0,70,,17527,38,,,0,30,,17528,38,,,0,70,,17529,38,,,0,30,,17530,38,,,0,70,,17531,38,,,0,20,,17532,38,,,0,60,,17533,38,,,0,20,,17534,38,,,0,21,,17535,38,,,0,67,,17536,38,,,0,23,,17537,38,,,0,60,,17538,38,,,0,20,,17539,38,,,0,18,,17540,38,,,0,19,,17541,38,,,0,58,,17542,38,,,0,13,,17543,38,,,0,16,,17544,38,,,0,60,,17545,38,,,0,20,,17546,38,,,0,19,,17547,38,,,0,70,,17548,38,,,0,30,,17549,38,,,0,70,,17550,38,,,0,30,,17551,38,,,0,69,,17552,38,,,0,27,,17553,38,,,0,70,,17554,38,,,0,30,,17555,38,,,0,70,,17556,38,,,0,30,,17557,38,,,0
