201,'244.0.1',615,,9504,26,,,0,100,,9505,26,,,0,100,,9506,26,,,0,15,,9507,26,,,0,15,,9508,26,,,0,55,,9509,26,,,0,15,,9510,26,,,0,15,,9511,26,,,0,15,,9512,26,,,0,55,,9513,26,,,0,18,,9514,26,,,0,16,,9515,26,,,0,15,,9516,26,,,0,55,,9517,26,,,0,15,,9518,26,,,0,15,,9519,26,,,0,15,,9520,26,,,0,55,,9521,26,,,0,15,,9522,26,,,0,15,,9523,26,,,0,15,,9524,26,,,0,55,,9525,26,,,0,15,,9526,26,,,0,15,,9527,26,,,0,15,,9528,26,,,0,55,,9529,26,,,0,15,,9530,26,,,0,15,,9531,26,,,0,15,,9532,26,,,0,55,,9533,26,,,0,15,,9534,26,,,0,15,,9535,26,,,0,15,,9536,26,,,0,55,,9537,26,,,0,15,,9538,26,,,0,15,,9539,26,,,0,14,,9540,26,,,0,55,,9541,26,,,0,15,,9542,26,,,0,15,,9543,26,,,0,15,,9544,26,,,0,55,,9545,26,,,0,15,,9546,26,,,0,15,,9547,26,,,0,13,,9548,26,,,0,54,,9549,26,,,0,15,,9550,26,,,0,30,,9551,26,,,0,70,,9552,26,,,0,30,,9553,26,,,0,70,,9554,26,,,0,30,,9555,26,,,0,70,,9556,26,,,0,30,,9557,26,,,0,70,,9558,26,,,0,30,,9559,26,,,0,70,,9560,26,,,0,30,,9561,26,,,0
201,'244.0.2',625,,9562,26,,,0,100,,9563,26,,,0,95,,9564,26,,,0,20,,9565,26,,,0,60,,9566,26,,,0,20,,9567,26,,,0,20,,9568,26,,,0,62,,9569,26,,,0,20,,9570,26,,,0,20,,9571,26,,,0,60,,9572,26,,,0,20,,9573,26,,,0,20,,9574,26,,,0,60,,9575,26,,,0,20,,9576,26,,,0,20,,9577,26,,,0,60,,9578,26,,,0,20,,9579,26,,,0,20,,9580,26,,,0,60,,9581,26,,,0,20,,9582,26,,,0,20,,9583,26,,,0,60,,9584,26,,,0,20,,9585,26,,,0,20,,9586,26,,,0,60,,9587,26,,,0,20,,9588,26,,,0,20,,9589,26,,,0,60,,9590,26,,,0,20,,9591,26,,,0,20,,9592,26,,,0,60,,9593,26,,,0,15,,9594,26,,,0,29,,9595,26,,,0,69,,9596,26,,,0,30,,9597,26,,,0,70,,9598,26,,,0,30,,9599,26,,,0,70,,9600,26,,,0,30,,9601,26,,,0,70,,9602,26,,,0,30,,9603,26,,,0,70,,9604,26,,,0,30,,9605,26,,,0,70,,9606,26,,,0
201,'244.0.3',547,,9607,26,,,0,70,,9608,26,,,0,30,,9609,26,,,0,55,,9610,26,,,0,15,,9611,26,,,0,19,,9612,26,,,0,18,,9613,26,,,0,55,,9614,26,,,0,15,,9615,26,,,0,15,,9616,26,,,0,15,,9617,26,,,0,53,,9618,26,,,0,14,,9619,26,,,0,15,,9620,26,,,0,15,,9621,26,,,0,55,,9622,26,,,0,15,,9623,26,,,0,15,,9624,26,,,0,15,,9625,26,,,0,55,,9626,26,,,0,15,,9627,26,,,0,15,,9628,26,,,0,15,,9629,26,,,0,55,,9630,26,,,0,15,,9631,26,,,0,15,,9632,26,,,0,15,,9633,26,,,0,55,,9634,26,,,0,15,,9635,26,,,0,15,,9636,26,,,0,15,,9637,26,,,0,55,,9638,26,,,0,15,,9639,26,,,0,15,,9640,26,,,0,15,,9641,26,,,0,55,,9642,26,,,0,15,,9643,26,,,0,16,,9644,26,,,0,16,,9645,26,,,0,55,,9646,26,,,0,15,,9647,26,,,0,15,,9648,26,,,0,15,,9649,26,,,0,55,,9650,26,,,0,15,,9651,26,,,0,15,,9652,26,,,0,13,,9653,26,,,0,54,,9654,26,,,0,15,,9655,26,,,0,15,,9656,26,,,0,15,,9657,26,,,0,69,,9658,26,,,0,30,,9659,26,,,0,70,,9660,26,,,0,30,,9661,26,,,0,70,,9662,26,,,0,30,,9663,26,,,0,70,,9664,26,,,0,30,,9665,26,,,0,70,,9666,26,,,0,30,,9667,26,,,0,70,,9668,26,,,0,30,,9669,26,,,0
301,'244.0.1',622,,9812,22,,,0,100,,9813,22,,,0,100,,9814,22,,,0,30,,9815,22,,,0,70,,9816,22,,,0,30,,9817,22,,,0,70,,9818,22,,,0,33,,9819,22,,,0,70,,9820,22,,,0,30,,9821,22,,,0,70,,9822,22,,,0,30,,9823,22,,,0,70,,9824,22,,,0,30,,9825,22,,,0,70,,9826,22,,,0,30,,9827,22,,,0,70,,9828,22,,,0,30,,9829,22,,,0,70,,9830,22,,,0,30,,9831,22,,,0,70,,9832,22,,,0,30,,9833,22,,,0,67,,9834,22,,,0,30,,9835,22,,,0,70,,9836,22,,,0,30,,9837,22,,,0,70,,9838,22,,,0,30,,9839,22,,,0,70,,9840,22,,,0,30,,9841,22,,,0,70,,9842,22,,,0,30,,9843,22,,,0,70,,9844,22,,,0,30,,9845,22,,,0,70,,9846,22,,,0,30,,9847,22,,,0
301,'244.0.2',621,,9848,22,,,0,100,,9849,22,,,0,100,,9850,22,,,0,30,,9851,22,,,0,70,,9852,22,,,0,20,,9853,22,,,0,60,,9854,22,,,0,20,,9855,22,,,0,22,,9856,22,,,0,60,,9857,22,,,0,20,,9858,22,,,0,20,,9859,22,,,0,60,,9860,22,,,0,20,,9861,22,,,0,20,,9862,22,,,0,60,,9863,22,,,0,20,,9864,22,,,0,20,,9865,22,,,0,60,,9866,22,,,0,20,,9867,22,,,0,20,,9868,22,,,0,60,,9869,22,,,0,20,,9870,22,,,0,20,,9871,22,,,0,60,,9872,22,,,0,20,,9873,22,,,0,20,,9874,22,,,0,60,,9875,22,,,0,20,,9876,22,,,0,20,,9877,22,,,0,60,,9878,22,,,0,20,,9879,22,,,0,30,,9880,22,,,0,70,,9881,22,,,0,30,,9882,22,,,0,70,,9883,22,,,0,30,,9884,22,,,0,67,,9885,22,,,0,30,,9886,22,,,0,70,,9887,22,,,0,30,,9888,22,,,0,70,,9889,22,,,0,30,,9890,22,,,0,70,,9891,22,,,0
301,'244.0.3',553,,9892,22,,,0,70,,9893,22,,,0,15,,9894,22,,,0,15,,9895,22,,,0,55,,9896,22,,,0,15,,9897,22,,,0,18,,9898,22,,,0,18,,9899,22,,,0,55,,9900,22,,,0,15,,9901,22,,,0,15,,9902,22,,,0,15,,9903,22,,,0,55,,9904,22,,,0,14,,9905,22,,,0,16,,9906,22,,,0,60,,9907,22,,,0,20,,9908,22,,,0,20,,9909,22,,,0,60,,9910,22,,,0,20,,9911,22,,,0,20,,9912,22,,,0,60,,9913,22,,,0,20,,9914,22,,,0,20,,9915,22,,,0,60,,9916,22,,,0,20,,9917,22,,,0,20,,9918,22,,,0,60,,9919,22,,,0,20,,9920,22,,,0,20,,9921,22,,,0,60,,9922,22,,,0,22,,9923,22,,,0,15,,9924,22,,,0,15,,9925,22,,,0,55,,9926,22,,,0,15,,9927,22,,,0,15,,9928,22,,,0,15,,9929,22,,,0,55,,9930,22,,,0,15,,9931,22,,,0,15,,9932,22,,,0,15,,9933,22,,,0,53,,9934,22,,,0,14,,9935,22,,,0,15,,9936,22,,,0,15,,9937,22,,,0,60,,9938,22,,,0,20,,9939,22,,,0,20,,9940,22,,,0,60,,9941,22,,,0,20,,9942,22,,,0,20,,9943,22,,,0,60,,9944,22,,,0,10,,9945,22,,,0,30,,9946,22,,,0,69,,9947,22,,,0,27,,9948,22,,,0,70,,9949,22,,,0,33,,9950,22,,,0,70,,9951,22,,,0,30,,9952,22,,,0
2200,'244.0.1',616,,10968,3,,,0,30,,10969,3,,,0,70,,10970,3,,,0,30,,10971,3,,,0,70,,10972,3,,,0,30,,10973,3,,,0,70,,10974,3,,,0,30,,10975,3,,,0,70,,10976,3,,,0,30,,10977,3,,,0,70,,10978,3,,,0,35,,10979,3,,,0,70,,10980,3,,,0,30,,10981,3,,,0,70,,10982,3,,,0,30,,10983,3,,,0,70,,10984,3,,,0,30,,10985,3,,,0,70,,10986,3,,,0,30,,10987,3,,,0,70,,10988,3,,,0,30,,10989,3,,,0,70,,10990,3,,,0,30,,10991,3,,,0,70,,10992,3,,,0,25,,10993,3,,,0,70,,10994,3,,,0,30,,10995,3,,,0,70,,10996,3,,,0,30,,10997,3,,,0,70,,10998,3,,,0,30,,10999,3,,,0,70,,11000,3,,,0,30,,11001,3,,,0,70,,11002,3,,,0,30,,11003,3,,,0
2200,'244.0.2',636,,11004,3,,,0,70,,11005,3,,,0,30,,11006,3,,,0,70,,11007,3,,,0,30,,11008,3,,,0,70,,11009,3,,,0,30,,11010,3,,,0,70,,11011,3,,,0,30,,11012,3,,,0,70,,11013,3,,,0,30,,11014,3,,,0,70,,11015,3,,,0,30,,11016,3,,,0,70,,11017,3,,,0,30,,11018,3,,,0,70,,11019,3,,,0,30,,11020,3,,,0,70,,11021,3,,,0,30,,11022,3,,,0,70,,11023,3,,,0,30,,11024,3,,,0,70,,11025,3,,,0,30,,11026,3,,,0,70,,11027,3,,,0,30,,11028,3,,,0,70,,11029,3,,,0,30,,11030,3,,,0,70,,11031,3,,,0,30,,11032,3,,,0,70,,11033,3,,,0,30,,11034,3,,,0,70,,11035,3,,,0,30,,11036,3,,,0,70,,11037,3,,,0,30,,11038,3,,,0
2200,'244.0.3',626,,11039,3,,,0,30,,11040,3,,,0,70,,11041,3,,,0,30,,11042,3,,,0,70,,11043,3,,,0,30,,11044,3,,,0,70,,11045,3,,,0,27,,11046,3,,,0,70,,11047,3,,,0,30,,11048,3,,,0,74,,11049,3,,,0,26,,11050,3,,,0,70,,11051,3,,,0,30,,11052,3,,,0,70,,11053,3,,,0,30,,11054,3,,,0,70,,11055,3,,,0,33,,11056,3,,,0,70,,11057,3,,,0,31,,11058,3,,,0,70,,11059,3,,,0,30,,11060,3,,,0,70,,11061,3,,,0,30,,11062,3,,,0,69,,11063,3,,,0,27,,11064,3,,,0,70,,11065,3,,,0,30,,11066,3,,,0,70,,11067,3,,,0,30,,11068,3,,,0,70,,11069,3,,,0,30,,11070,3,,,0,70,,11071,3,,,0,30,,11072,3,,,0,70,,11073,3,,,0,30,,11074,3,,,0
2400,'244.0.1',627,,11184,44,,,0,30,,11185,44,,,0,70,,11186,44,,,0,30,,11187,44,,,0,70,,11188,44,,,0,30,,11189,44,,,0,70,,11190,44,,,0,31,,11191,44,,,0,71,,11192,44,,,0,30,,11193,44,,,0,70,,11194,44,,,0,72,,11195,44,,,0,30,,11196,44,,,0,70,,11197,44,,,0,30,,11198,44,,,0,70,,11199,44,,,0,30,,11200,44,,,0,28,,11201,44,,,0,70,,11202,44,,,0,30,,11203,44,,,0,70,,11204,44,,,0,30,,11205,44,,,0,70,,11206,44,,,0,30,,11207,44,,,0,70,,11208,44,,,0,27,,11209,44,,,0,70,,11210,44,,,0,30,,11211,44,,,0,70,,11212,44,,,0,30,,11213,44,,,0,70,,11214,44,,,0,30,,11215,44,,,0,70,,11216,44,,,0,30,,11217,44,,,0,70,,11218,44,,,0,30,,11219,44,,,0
2400,'244.0.2',625,,11220,44,,,0,30,,11221,44,,,0,70,,11222,44,,,0,30,,11223,44,,,0,70,,11224,44,,,0,30,,11225,44,,,0,70,,11226,44,,,0,33,,11227,44,,,0,70,,11228,44,,,0,30,,11229,44,,,0,70,,11230,44,,,0,30,,11231,44,,,0,70,,11232,44,,,0,30,,11233,44,,,0,70,,11234,44,,,0,30,,11235,44,,,0,70,,11236,44,,,0,30,,11237,44,,,0,70,,11238,44,,,0,30,,11239,44,,,0,70,,11240,44,,,0,30,,11241,44,,,0,70,,11242,44,,,0,30,,11243,44,,,0,70,,11244,44,,,0,28,,11245,44,,,0,70,,11246,44,,,0,30,,11247,44,,,0,70,,11248,44,,,0,30,,11249,44,,,0,70,,11250,44,,,0,30,,11251,44,,,0,70,,11252,44,,,0,30,,11253,44,,,0,70,,11254,44,,,0,30,,11255,44,,,0
2400,'244.0.3',629,,11256,44,,,0,30,,11257,44,,,0,70,,11258,44,,,0,71,,11259,44,,,0,30,,11260,44,,,0,73,,11261,44,,,0,25,,11262,44,,,0,30,,11263,44,,,0,70,,11264,44,,,0,30,,11265,44,,,0,70,,11266,44,,,0,30,,11267,44,,,0,70,,11268,44,,,0,30,,11269,44,,,0,70,,11270,44,,,0,30,,11271,44,,,0,70,,11272,44,,,0,30,,11273,44,,,0,70,,11274,44,,,0,30,,11275,44,,,0,70,,11276,44,,,0,30,,11277,44,,,0,70,,11278,44,,,0,30,,11279,44,,,0,70,,11280,44,,,0,30,,11281,44,,,0,67,,11282,44,,,0,30,,11283,44,,,0,70,,11284,44,,,0,30,,11285,44,,,0,70,,11286,44,,,0,30,,11287,44,,,0,70,,11288,44,,,0,30,,11289,44,,,0,70,,11290,44,,,0,30,,11291,44,,,0
2500,'244.0.1',735,,11401,3,,,0,100,,11402,3,,,0,100,,11403,3,,,0,100,,11404,3,,,0,99,,11405,3,,,0,100,,11406,3,,,0,100,,11407,3,,,0,100,,11408,3,,,0,100,,11409,3,,,0,100,,11410,3,,,0,100,,11411,3,,,0,100,,11412,3,,,0,100,,11413,3,,,0,100,,11414,3,,,0,100,,11415,3,,,0,100,,11416,3,,,0
2500,'244.0.2',835,,11418,3,,,0,100,,11419,3,,,0,100,,11420,3,,,0,100,,11421,3,,,0,100,,11422,3,,,0,100,,11423,3,,,0,100,,11424,3,,,0,100,,11425,3,,,0,100,,11426,3,,,0,100,,11427,3,,,0,100,,11428,3,,,0,100,,11429,3,,,0,100,,11430,3,,,0,100,,11431,3,,,0
2500,'244.0.3',538,,11432,3,,,0,70,,11433,3,,,0,30,,11434,3,,,0,70,,11435,3,,,0,30,,11436,3,,,0,70,,11437,3,,,0,30,,11438,3,,,0,70,,11439,3,,,0,100,,11440,3,,,0,100,,11441,3,,,0,100,,11442,3,,,0,100,,11443,3,,,0,100,,11444,3,,,0,100,,11445,3,,,0,30,,11446,3,,,0,70,,11447,3,,,0,30,,11448,3,,,0,70,,11449,3,,,0,30,,11450,3,,,0,70,,11451,3,,,0,30,,11452,3,,,0,70,,11453,3,,,0,100,,11454,3,,,0,100,,11455,3,,,0,100,,11456,3,,,0,100,,11457,3,,,0
41500,'244.0.3',613,,15320,3,,,0,100,,15321,3,,,0,100,,15322,3,,,0,100,,15323,3,,,0,533,,15327,3,,,0,100,,15324,3,,,0,100,,15325,3,,,0,100,,15326,3,,,0
1000900,'244.0.1',705,,15724,21,,,0,100,,15725,21,,,0,100,,15726,21,,,0,100,,15727,21,,,0,100,,15728,21,,,0,96,,15729,21,,,0,101,,15730,21,,,0,100,,15731,21,,,0,100,,15732,21,,,0,100,,15733,21,,,0,100,,15734,21,,,0,100,,15735,21,,,0,100,,15736,21,,,0,102,,15737,21,,,0,100,,15738,21,,,0,100,,15739,21,,,0,100,,15740,21,,,0,100,,15741,21,,,0
1000900,'244.0.2',704,,15742,21,,,0,96,,15743,21,,,0,100,,15744,21,,,0,100,,15745,21,,,0,105,,15746,21,,,0,100,,15747,21,,,0,100,,15748,21,,,0,100,,15749,21,,,0,100,,15750,21,,,0,100,,15751,21,,,0,100,,15752,21,,,0,100,,15753,21,,,0,100,,15754,21,,,0,100,,15755,21,,,0,99,,15756,21,,,0,100,,15757,21,,,0,100,,15758,21,,,0,100,,15759,21,,,0
1000900,'244.0.3',619,,15760,21,,,0,30,,15761,21,,,0,70,,15762,21,,,0,31,,15763,21,,,0,72,,15764,21,,,0,29,,15765,21,,,0,52,,15766,21,,,0,15,,15767,21,,,0,30,,15768,21,,,0,55,,15769,21,,,0,15,,15770,21,,,0,30,,15771,21,,,0,57,,15772,21,,,0,13,,15773,21,,,0,27,,15774,21,,,0,55,,15775,21,,,0,15,,15776,21,,,0,30,,15777,21,,,0,55,,15778,21,,,0,15,,15779,21,,,0,30,,15780,21,,,0,55,,15781,21,,,0,15,,15782,21,,,0,30,,15783,21,,,0,66,,15784,21,,,0,25,,15785,21,,,0,9,,15786,21,,,0,59,,15787,21,,,0,10,,15788,21,,,0,20,,15789,21,,,0,10,,15790,21,,,0,60,,15791,21,,,0,10,,15792,21,,,0,10,,15793,21,,,0,21,,15794,21,,,0,5,,15795,21,,,0,6,,15796,21,,,0,56,,15797,21,,,0,10,,15798,21,,,0,20,,15799,21,,,0,10,,15800,21,,,0,70,,15801,21,,,0,30,,15802,21,,,0,70,,15803,21,,,0,30,,15804,21,,,0,69,,15805,21,,,0,27,,15806,21,,,0,55,,15807,21,,,0,15,,15808,21,,,0,35,,15809,21,,,0,60,,15810,21,,,0,40,,15811,21,,,0,60,,15812,21,,,0,40,,15813,21,,,0
1000901,'244.0.1',704,,15814,36,,,0,100,,15815,36,,,0,101,,15816,36,,,0,100,,15817,36,,,0,100,,15818,36,,,0,100,,15819,36,,,0,100,,15820,36,,,0,100,,15821,36,,,0,100,,15822,36,,,0,100,,15823,36,,,0,100,,15824,36,,,0,97,,15825,36,,,0,100,,15826,36,,,0,100,,15827,36,,,0,98,,15828,36,,,0,100,,15829,36,,,0,100,,15830,36,,,0,100,,15831,36,,,0
1000901,'244.0.2',701,,15832,36,,,0,58,,15833,36,,,0,143,,15834,36,,,0,100,,15835,36,,,0,100,,15836,36,,,0,100,,15837,36,,,0,100,,15838,36,,,0,100,,15839,36,,,0,100,,15840,36,,,0,100,,15841,36,,,0,100,,15842,36,,,0,100,,15843,36,,,0,100,,15844,36,,,0,100,,15845,36,,,0,56,,15846,36,,,0,100,,15847,36,,,0,100,,15848,36,,,0,100,,15849,36,,,0
1000901,'244.0.3',548,,15850,36,,,0,67,,15851,36,,,0,25,,15852,36,,,0,10,,15853,36,,,0,5,,15854,36,,,0,55,,15855,36,,,0,23,,15856,36,,,0,5,,15857,36,,,0,15,,15858,36,,,0,50,,15859,36,,,0,20,,15860,36,,,0,10,,15861,36,,,0,20,,15862,36,,,0,49,,15863,36,,,0,8,,15864,36,,,0,10,,15865,36,,,0,25,,15866,36,,,0,55,,15867,36,,,0,15,,15868,36,,,0,30,,15869,36,,,0,55,,15870,36,,,0,15,,15871,36,,,0,30,,15872,36,,,0,55,,15873,36,,,0,15,,15874,36,,,0,30,,15875,36,,,0,55,,15876,36,,,0,15,,15877,36,,,0,30,,15878,36,,,0,55,,15879,36,,,0,15,,15880,36,,,0,30,,15881,36,,,0,55,,15882,36,,,0,15,,15883,36,,,0,29,,15884,36,,,0,65,,15885,36,,,0,5,,15886,36,,,0,25,,15887,36,,,0,10,,15888,36,,,0,60,,15889,36,,,0,10,,15890,36,,,0,20,,15891,36,,,0,10,,15892,36,,,0,60,,15893,36,,,0,10,,15894,36,,,0,17,,15895,36,,,0,10,,15896,36,,,0,65,,15897,36,,,0,30,,15898,36,,,0,71,,15899,36,,,0,29,,15900,36,,,0,70,,15901,36,,,0,28,,15902,36,,,0,70,,15903,36,,,0,35,,15904,36,,,0,60,,15905,36,,,0,40,,15906,36,,,0,60,,15907,36,,,0,40,,15908,36,,,0,60,,15909,36,,,0
2000900,'244.0.1',635,,16760,21,,,0,100,,16761,21,,,0,100,,16762,21,,,0,100,,16763,21,,,0,100,,16764,21,,,0,100,,16765,21,,,0,97,,16766,21,,,0,100,,16767,21,,,0,100,,16768,21,,,0,100,,16769,21,,,0,100,,16770,21,,,0,100,,16771,21,,,0,100,,16772,21,,,0,102,,16773,21,,,0,100,,16774,21,,,0,100,,16775,21,,,0,100,,16776,21,,,0,100,,16777,21,,,0,100,,16778,21,,,0
2000900,'244.0.2',635,,16779,21,,,0,97,,16780,21,,,0,98,,16781,21,,,0,100,,16782,21,,,0,105,,16783,21,,,0,100,,16784,21,,,0,100,,16785,21,,,0,100,,16786,21,,,0,100,,16787,21,,,0,100,,16788,21,,,0,100,,16789,21,,,0,100,,16790,21,,,0,100,,16791,21,,,0,100,,16792,21,,,0,99,,16793,21,,,0,100,,16794,21,,,0,100,,16795,21,,,0,100,,16796,21,,,0,100,,16797,21,,,0
2000900,'244.0.3',533,,16798,3,,,0,70,,16799,3,,,0,31,,16800,21,,,0,70,,16801,21,,,0,30,,16802,21,,,0,69,,16803,21,,,0,30,,16804,21,,,0,100,,16805,21,,,0,100,,16806,21,,,0,98,,16807,21,,,0,96,,16808,21,,,0,100,,16809,21,,,0,100,,16810,21,,,0,28,,16811,21,,,0,70,,16812,21,,,0,29,,16813,21,,,0,70,,16814,21,,,0,30,,16815,21,,,0,80,,16816,21,,,0,67,,16817,21,,,0,30,,16818,21,,,0,70,,16819,21,,,0,30,,16820,21,,,0,70,,16821,21,,,0,30,,16822,21,,,0,70,,16823,21,,,0,27,,16824,21,,,0,100,,16825,21,,,0,100,,16826,21,,,0,100,,16827,21,,,0,100,,16828,21,,,0
2000901,'244.0.1',634,,16829,52,,,0,100,,16830,52,,,0,99,,16831,52,,,0,102,,16832,52,,,0,100,,16833,52,,,0,100,,16834,52,,,0,100,,16835,52,,,0,100,,16836,52,,,0,100,,16837,52,,,0,100,,16838,52,,,0,100,,16839,52,,,0,100,,16840,52,,,0,97,,16841,52,,,0,100,,16842,52,,,0,98,,16843,52,,,0,100,,16844,52,,,0,100,,16845,52,,,0,100,,16846,52,,,0,100,,16847,52,,,0
2000901,'244.0.2',631,,16848,52,,,0,100,,16849,52,,,0,98,,16850,52,,,0,103,,16851,52,,,0,100,,16852,52,,,0,100,,16853,52,,,0,100,,16854,52,,,0,100,,16855,52,,,0,100,,16856,52,,,0,100,,16857,52,,,0,100,,16858,52,,,0,100,,16859,52,,,0,100,,16860,52,,,0,100,,16861,52,,,0,96,,16862,52,,,0,100,,16863,52,,,0,100,,16864,52,,,0,99,,16865,52,,,0,100,,16866,52,,,0
2000901,'244.0.3',600,,16867,52,,,0,30,,16868,52,,,0,70,,16869,52,,,0,43,,16870,52,,,0,70,,16871,52,,,0,30,,16872,52,,,0,58,,16873,52,,,0,29,,16874,52,,,0,100,,16875,52,,,0,100,,16876,52,,,0,100,,16877,52,,,0,100,,16878,52,,,0,100,,16879,52,,,0,99,,16880,52,,,0,30,,16881,52,,,0,70,,16882,52,,,0,30,,16883,52,,,0,70,,16884,52,,,0,30,,16885,52,,,0,68,,16886,52,,,0,29,,16887,52,,,0,70,,16888,52,,,0,30,,16889,52,,,0,70,,16890,52,,,0,30,,16891,52,,,0,70,,16892,52,,,0,22,,16893,52,,,0,70,,16894,52,,,0,100,,16895,52,,,0,100,,16896,52,,,0
