2400,'244.0.1',618,,11184,34,,,0,30,,11185,34,,,0,70,,11186,34,,,0,30,,11187,34,,,0,70,,11188,34,,,0,30,,11189,34,,,0,70,,11190,34,,,0,31,,11191,34,,,0,71,,11192,34,,,0,30,,11193,34,,,0,70,,11194,34,,,0,31,,11195,34,,,0,70,,11196,34,,,0,30,,11197,34,,,0,70,,11198,34,,,0,30,,11199,34,,,0,70,,11200,34,,,0,29,,11201,34,,,0,70,,11202,34,,,0,30,,11203,34,,,0,70,,11204,34,,,0,30,,11205,34,,,0,70,,11206,34,,,0,30,,11207,34,,,0,70,,11208,34,,,0,28,,11209,34,,,0,70,,11210,34,,,0,30,,11211,34,,,0,70,,11212,34,,,0,30,,11213,34,,,0,70,,11214,34,,,0,30,,11215,34,,,0,70,,11216,34,,,0,30,,11217,34,,,0,70,,11218,34,,,0,30,,11219,34,,,0
2400,'244.0.2',617,,11220,34,,,0,30,,11221,34,,,0,70,,11222,34,,,0,30,,11223,34,,,0,70,,11224,34,,,0,30,,11225,34,,,0,70,,11226,34,,,0,32,,11227,34,,,0,70,,11228,34,,,0,30,,11229,34,,,0,70,,11230,34,,,0,30,,11231,34,,,0,70,,11232,34,,,0,30,,11233,34,,,0,70,,11234,34,,,0,30,,11235,34,,,0,70,,11236,34,,,0,30,,11237,34,,,0,70,,11238,34,,,0,30,,11239,34,,,0,70,,11240,34,,,0,30,,11241,34,,,0,70,,11242,34,,,0,30,,11243,34,,,0,70,,11244,34,,,0,29,,11245,34,,,0,70,,11246,34,,,0,30,,11247,34,,,0,70,,11248,34,,,0,30,,11249,34,,,0,70,,11250,34,,,0,30,,11251,34,,,0,70,,11252,34,,,0,30,,11253,34,,,0,70,,11254,34,,,0,30,,11255,34,,,0
2400,'244.0.3',620,,11256,34,,,0,30,,11257,34,,,0,69,,11258,34,,,0,30,,11259,34,,,0,70,,11260,34,,,0,33,,11261,34,,,0,67,,11262,34,,,0,30,,11263,34,,,0,70,,11264,34,,,0,30,,11265,34,,,0,70,,11266,34,,,0,30,,11267,34,,,0,70,,11268,34,,,0,30,,11269,34,,,0,70,,11270,34,,,0,30,,11271,34,,,0,70,,11272,34,,,0,30,,11273,34,,,0,70,,11274,34,,,0,30,,11275,34,,,0,70,,11276,34,,,0,30,,11277,34,,,0,70,,11278,34,,,0,30,,11279,34,,,0,70,,11280,34,,,0,30,,11281,34,,,0,68,,11282,34,,,0,30,,11283,34,,,0,70,,11284,34,,,0,30,,11285,34,,,0,70,,11286,34,,,0,30,,11287,34,,,0,70,,11288,34,,,0,30,,11289,34,,,0,70,,11290,34,,,0,30,,11291,34,,,0
12700,'244.0.3',629,,14893,20,,,0,18,,14894,20,,,0,59,,14895,20,,,0,8,,14896,20,,,0,9,,14897,20,,,0,17,,14898,20,,,0,14,,14899,20,,,0,55,,14900,20,,,0,5,,14901,20,,,0
1000901,'244.0.1',657,,15814,28,,,0,100,,15815,28,,,0,101,,15816,28,,,0,100,,15817,28,,,0,100,,15818,28,,,0,100,,15819,28,,,0,100,,15820,28,,,0,100,,15821,28,,,0,100,,15822,28,,,0,100,,15823,28,,,0,100,,15824,28,,,0,97,,15825,28,,,0,100,,15826,28,,,0,100,,15827,28,,,0,99,,15828,28,,,0,100,,15829,28,,,0,100,,15830,28,,,0,100,,15831,28,,,0
1000901,'244.0.2',655,,15832,28,,,0,98,,15833,28,,,0,102,,15834,28,,,0,100,,15835,28,,,0,100,,15836,28,,,0,100,,15837,28,,,0,100,,15838,28,,,0,100,,15839,28,,,0,100,,15840,28,,,0,100,,15841,28,,,0,100,,15842,28,,,0,100,,15843,28,,,0,100,,15844,28,,,0,100,,15845,28,,,0,98,,15846,28,,,0,100,,15847,28,,,0,100,,15848,28,,,0,100,,15849,28,,,0
1000901,'244.0.3',541,,15850,28,,,0,67,,15851,28,,,0,25,,15852,28,,,0,10,,15853,28,,,0,5,,15854,28,,,0,55,,15855,28,,,0,19,,15856,28,,,0,5,,15857,28,,,0,15,,15858,28,,,0,10,,15859,28,,,0,60,,15860,28,,,0,10,,15861,28,,,0,20,,15862,28,,,0,9,,15863,28,,,0,52,,15864,28,,,0,10,,15865,28,,,0,25,,15866,28,,,0,15,,15867,28,,,0,55,,15868,28,,,0,30,,15869,28,,,0,15,,15870,28,,,0,55,,15871,28,,,0,30,,15872,28,,,0,15,,15873,28,,,0,55,,15874,28,,,0,30,,15875,28,,,0,15,,15876,28,,,0,55,,15877,28,,,0,30,,15878,28,,,0,15,,15879,28,,,0,55,,15880,28,,,0,30,,15881,28,,,0,15,,15882,28,,,0,55,,15883,28,,,0,29,,15884,28,,,0,65,,15885,28,,,0,5,,15886,28,,,0,25,,15887,28,,,0,10,,15888,28,,,0,60,,15889,28,,,0,10,,15890,28,,,0,20,,15891,28,,,0,10,,15892,28,,,0,60,,15893,28,,,0,10,,15894,28,,,0,18,,15895,28,,,0,10,,15896,28,,,0,65,,15897,28,,,0,30,,15898,28,,,0,71,,15899,28,,,0,29,,15900,28,,,0,70,,15901,28,,,0,29,,15902,28,,,0,70,,15903,28,,,0,35,,15904,28,,,0,20,,15905,28,,,0,80,,15906,28,,,0,20,,15907,28,,,0,80,,15908,28,,,0,20,,15909,28,,,0
2000901,'244.0.1',627,,16829,44,,,0,100,,16830,44,,,0,99,,16831,44,,,0,102,,16832,44,,,0,100,,16833,44,,,0,100,,16834,44,,,0,100,,16835,44,,,0,100,,16836,44,,,0,100,,16837,44,,,0,100,,16838,44,,,0,100,,16839,44,,,0,100,,16840,44,,,0,98,,16841,44,,,0,100,,16842,44,,,0,98,,16843,44,,,0,100,,16844,44,,,0,100,,16845,44,,,0,100,,16846,44,,,0,100,,16847,44,,,0
2000901,'244.0.2',625,,16848,44,,,0,100,,16849,44,,,0,98,,16850,44,,,0,103,,16851,44,,,0,100,,16852,44,,,0,100,,16853,44,,,0,100,,16854,44,,,0,100,,16855,44,,,0,100,,16856,44,,,0,100,,16857,44,,,0,100,,16858,44,,,0,100,,16859,44,,,0,100,,16860,44,,,0,100,,16861,44,,,0,97,,16862,44,,,0,100,,16863,44,,,0,100,,16864,44,,,0,99,,16865,44,,,0,100,,16866,44,,,0
2000901,'244.0.3',554,,16867,44,,,0,70,,16868,44,,,0,30,,16869,44,,,0,78,,16870,44,,,0,70,,16871,44,,,0,30,,16872,44,,,0,22,,16873,44,,,0,69,,16874,44,,,0,100,,16875,44,,,0,100,,16876,44,,,0,100,,16877,44,,,0,100,,16878,44,,,0,100,,16879,44,,,0,100,,16880,44,,,0,30,,16881,44,,,0,70,,16882,44,,,0,30,,16883,44,,,0,70,,16884,44,,,0,30,,16885,44,,,0,68,,16886,44,,,0,29,,16887,44,,,0,70,,16888,44,,,0,30,,16889,44,,,0,70,,16890,44,,,0,30,,16891,44,,,0,70,,16892,44,,,0,23,,16893,44,,,0,70,,16894,44,,,0,100,,16895,44,,,0,100,,16896,44,,,0
