801,'259.0.1',526,,19511,2,,,0,30,,19512,2,,,0,70,,19513,2,,,0,30,,19514,2,,,0,70,,19515,2,,,0,30,,19516,2,,,0,70,,19517,2,,,0,30,,19518,2,,,0,70,,19519,2,,,0,30,,19520,2,,,0,70,,19521,2,,,0,30,,19522,2,,,0,70,,19523,2,,,0,30,,19524,2,,,0,70,,19525,2,,,0,30,,19526,2,,,0,70,,19527,2,,,0,30,,19528,2,,,0,70,,19529,2,,,0,30,,19530,2,,,0,70,,19531,2,,,0,30,,19532,2,,,0,70,,19533,2,,,0,30,,19534,2,,,0,70,,19535,2,,,0,30,,19536,2,,,0,70,,19537,2,,,0,30,,19538,2,,,0,70,,19539,2,,,0,30,,19540,2,,,0,70,,19541,2,,,0,30,,19542,2,,,0,70,,19543,2,,,0,30,,19544,2,,,0,70,,19545,2,,,0,30,,19546,2,,,0,70,,19547,2,,,0,100,,19548,2,,,0
801,'259.0.2',531,,19549,2,,,0,70,,19550,2,,,0,30,,19551,2,,,0,70,,19552,2,,,0,30,,19553,2,,,0,70,,19554,2,,,0,30,,19555,2,,,0,70,,19556,2,,,0,30,,19557,2,,,0,70,,19558,2,,,0,30,,19559,2,,,0,70,,19560,2,,,0,30,,19561,2,,,0,70,,19562,2,,,0,30,,19563,2,,,0,70,,19564,2,,,0,30,,19565,2,,,0,70,,19566,2,,,0,30,,19567,2,,,0,70,,19568,2,,,0,30,,19569,2,,,0,70,,19570,2,,,0,30,,19571,2,,,0,70,,19572,2,,,0,30,,19573,2,,,0,70,,19574,2,,,0,30,,19575,2,,,0,70,,19576,2,,,0,30,,19577,2,,,0,70,,19578,2,,,0,30,,19579,2,,,0,70,,19580,2,,,0,30,,19581,2,,,0,70,,19582,2,,,0,100,,19583,2,,,0,100,,19584,2,,,0
801,'259.0.3',511,,19585,2,,,0,30,,19586,2,,,0,70,,19587,2,,,0,20,,19588,2,,,0,20,,19589,2,,,0,60,,19590,2,,,0,20,,19591,2,,,0,20,,19592,2,,,0,60,,19593,2,,,0,20,,19594,2,,,0,20,,19595,2,,,0,60,,19596,2,,,0,20,,19597,2,,,0,20,,19598,2,,,0,60,,19599,2,,,0,20,,19600,2,,,0,20,,19601,2,,,0,60,,19602,2,,,0,20,,19603,2,,,0,20,,19604,2,,,0,60,,19605,2,,,0,20,,19606,2,,,0,20,,19607,2,,,0,60,,19608,2,,,0,20,,19609,2,,,0,20,,19610,2,,,0,60,,19611,2,,,0,20,,19612,2,,,0,20,,19613,2,,,0,70,,19614,2,,,0,30,,19615,2,,,0,70,,19616,2,,,0,30,,19617,2,,,0,70,,19618,2,,,0,30,,19619,2,,,0,70,,19620,2,,,0,30,,19621,2,,,0,70,,19622,2,,,0,30,,19623,2,,,0,70,,19624,2,,,0,30,,19625,2,,,0,70,,19626,2,,,0,30,,19627,2,,,0,70,,19628,2,,,0,30,,19629,2,,,0,70,,19630,2,,,0,30,,19631,2,,,0,70,,19632,2,,,0
8201,'259.0.1',639,,22630,2,,,0,100,,22631,2,,,0,100,,22632,2,,,0,100,,22633,2,,,0,100,,22634,2,,,0,100,,22635,2,,,0,100,,22636,2,,,0,100,,22637,2,,,0,100,,22638,2,,,0,100,,22639,2,,,0,100,,22640,2,,,0,100,,22641,2,,,0,100,,22642,2,,,0,100,,22643,2,,,0,100,,22644,2,,,0,100,,22645,2,,,0,100,,22646,2,,,0
8201,'259.0.2',640,,22647,2,,,0,100,,22648,2,,,0,100,,22649,2,,,0,100,,22650,2,,,0,100,,22651,2,,,0,100,,22652,2,,,0,100,,22653,2,,,0,100,,22654,2,,,0,100,,22655,2,,,0,100,,22656,2,,,0,100,,22657,2,,,0,100,,22658,2,,,0,100,,22659,2,,,0,100,,22660,2,,,0,100,,22661,2,,,0,100,,22662,2,,,0
8201,'259.0.3',845,,22663,2,,,0,100,,22664,2,,,0,100,,22665,2,,,0,100,,22666,2,,,0,100,,22667,2,,,0,100,,22668,2,,,0,100,,22669,2,,,0,98,,22670,2,,,0,67,,22671,2,,,0,30,,22672,2,,,0,70,,22673,2,,,0,30,,22674,2,,,0,70,,22675,2,,,0,35,,22676,2,,,0,100,,22677,2,,,0,100,,22678,2,,,0,100,,22679,2,,,0,100,,22680,2,,,0
8401,'259.0.1',600,,22848,2,,,0,100,,22849,2,,,0,100,,22850,2,,,0,100,,22851,2,,,0,100,,22852,2,,,0,100,,22853,2,,,0,100,,22854,2,,,0,100,,22855,2,,,0,100,,22856,2,,,0,100,,22857,2,,,0,100,,22858,2,,,0,100,,22859,2,,,0,100,,22860,2,,,0,100,,22861,2,,,0,100,,22862,2,,,0,100,,22863,2,,,0,100,,22864,2,,,0
8401,'259.0.2',605,,22865,2,,,0,100,,22866,2,,,0,100,,22867,2,,,0,100,,22868,2,,,0,100,,22869,2,,,0,100,,22870,2,,,0,100,,22871,2,,,0,100,,22872,2,,,0,100,,22873,2,,,0,100,,22874,2,,,0,100,,22875,2,,,0,100,,22876,2,,,0,100,,22877,2,,,0,100,,22878,2,,,0,100,,22879,2,,,0,100,,22880,2,,,0,100,,22881,2,,,0
8401,'259.0.3',505,,22882,2,,,0,30,,22883,2,,,0,70,,22884,2,,,0,15,,22885,2,,,0,15,,22913,2,,,0,15,,22886,2,,,0,55,,22887,2,,,0,15,,22888,2,,,0,15,,22889,2,,,0,15,,22890,2,,,0,55,,22891,2,,,0,15,,22892,2,,,0,15,,22893,2,,,0,15,,22914,2,,,0,55,,22894,2,,,0,100,,22895,2,,,0,100,,22896,2,,,0,100,,22897,2,,,0,100,,22898,2,,,0,100,,22899,2,,,0,100,,22900,2,,,0,30,,22901,2,,,0,70,,22902,2,,,0,30,,22903,2,,,0,70,,22904,2,,,0,30,,22905,2,,,0,70,,22906,2,,,0,100,,22907,2,,,0,100,,22908,2,,,0,100,,22909,2,,,0,100,,22910,2,,,0,100,,22911,2,,,0,100,,22912,2,,,0
8500,'259.0.1',616,,22915,2,,,0,100,,22916,2,,,0,100,,22917,2,,,0,100,,22918,2,,,0,100,,22919,2,,,0,100,,22920,2,,,0,100,,22921,2,,,0,100,,22922,2,,,0,100,,22923,2,,,0,100,,22924,2,,,0,100,,22925,2,,,0,100,,22926,2,,,0,100,,22927,2,,,0,100,,22928,2,,,0,100,,22929,2,,,0,100,,22930,2,,,0,100,,22931,2,,,0
8500,'259.0.2',621,,22932,2,,,0,100,,22933,2,,,0,100,,22934,2,,,0,100,,22935,2,,,0,100,,22936,2,,,0,100,,22937,2,,,0,100,,22938,2,,,0,100,,22939,2,,,0,100,,22940,2,,,0,100,,22941,2,,,0,100,,22942,2,,,0,100,,22943,2,,,0,100,,22944,2,,,0,100,,22945,2,,,0,100,,22946,2,,,0,100,,22947,2,,,0
8500,'259.0.3',533,,22948,2,,,0,15,,22970,2,,,0,55,,22949,2,,,0,15,,22950,2,,,0,15,,22951,2,,,0,15,,22952,2,,,0,55,,22953,2,,,0,15,,22954,2,,,0,14,,22955,2,,,0,15,,22956,2,,,0,55,,22957,2,,,0,15,,22971,2,,,0,17,,22958,2,,,0,100,,22959,2,,,0,100,,22960,2,,,0,100,,22961,2,,,0,100,,22962,2,,,0,100,,22963,2,,,0,100,,22964,2,,,0,100,,22965,2,,,0,415,,22966,2,,,0,100,,22967,2,,,0,100,,22968,2,,,0,100,,22969,2,,,0
8600,'259.0.1',612,,23031,2,,,0,100,,23032,2,,,0,100,,23033,2,,,0,100,,23034,2,,,0,100,,23035,2,,,0,100,,23036,2,,,0,100,,23037,2,,,0,100,,23038,2,,,0,100,,23039,2,,,0,100,,23040,2,,,0,100,,23041,2,,,0,101,,23042,2,,,0,100,,23043,2,,,0,100,,23044,2,,,0,100,,23045,2,,,0,100,,23046,2,,,0,100,,23047,2,,,0
8600,'259.0.2',618,,23048,2,,,0,100,,23049,2,,,0,100,,23050,2,,,0,100,,23051,2,,,0,100,,23052,2,,,0,100,,23053,2,,,0,100,,23054,2,,,0,100,,23055,2,,,0,100,,23056,2,,,0,100,,23057,2,,,0,100,,23058,2,,,0,100,,23059,2,,,0,100,,23060,2,,,0,100,,23061,2,,,0,100,,23062,2,,,0,100,,23063,2,,,0
8600,'259.0.3',532,,23064,2,,,0,27,,23065,2,,,0,70,,23066,2,,,0,29,,23067,2,,,0,69,,23068,2,,,0,28,,23069,2,,,0,65,,23070,2,,,0,100,,23071,2,,,0,100,,23072,2,,,0,100,,23073,2,,,0,100,,23074,2,,,0,100,,23075,2,,,0,100,,23076,2,,,0,100,,23077,2,,,0,420,,23078,2,,,0,100,,23079,2,,,0,100,,23080,2,,,0,100,,23081,2,,,0
8701,'259.0.1',606,,23210,2,,,0,30,,23211,2,,,0,70,,23212,2,,,0,30,,23213,2,,,0,70,,23214,2,,,0,30,,23215,2,,,0,70,,23216,2,,,0,30,,23217,2,,,0,70,,23218,2,,,0,30,,23219,2,,,0,70,,23220,2,,,0,30,,23221,2,,,0,70,,23222,2,,,0,30,,23223,2,,,0,70,,23224,2,,,0,30,,23225,2,,,0,70,,23226,2,,,0,30,,23227,2,,,0,70,,23228,2,,,0,30,,23229,2,,,0,70,,23230,2,,,0,30,,23231,2,,,0,70,,23232,2,,,0,30,,23233,2,,,0,70,,23234,2,,,0,95,,23235,2,,,0,100,,23236,2,,,0,100,,23237,2,,,0,100,,23238,2,,,0,100,,23239,2,,,0
8701,'259.0.2',606,,23240,2,,,0,100,,23241,2,,,0,100,,23242,2,,,0,100,,23243,2,,,0,100,,23244,2,,,0,100,,23245,2,,,0,100,,23246,2,,,0,100,,23247,2,,,0,100,,23248,2,,,0,100,,23249,2,,,0,100,,23250,2,,,0,100,,23251,2,,,0,100,,23252,2,,,0,100,,23253,2,,,0,100,,23254,2,,,0,100,,23255,2,,,0,100,,23256,2,,,0,99,,23257,2,,,0
8701,'259.0.3',626,,23258,2,,,0,30,,23259,2,,,0,55,,23260,2,,,0,30,,23261,2,,,0,70,,23262,2,,,0,30,,23263,2,,,0,70,,23264,2,,,0,30,,23265,2,,,0,70,,23266,2,,,0,30,,23267,2,,,0,70,,23268,2,,,0,30,,23269,2,,,0,70,,23270,2,,,0,30,,23271,2,,,0,70,,23272,2,,,0,30,,23273,2,,,0,70,,23274,2,,,0,30,,23275,2,,,0,70,,23276,2,,,0,30,,23277,2,,,0,70,,23278,2,,,0,30,,23279,2,,,0,70,,23280,2,,,0,30,,23281,2,,,0,70,,23282,2,,,0,30,,23283,2,,,0,90,,23284,2,,,0,100,,23285,2,,,0,100,,23286,2,,,0,100,,23287,2,,,0,100,,23288,2,,,0
18201,'259.0.3',522,,23862,2,,,0,15,,23863,2,,,0,15,,23864,2,,,0,55,,23865,2,,,0,15,,23866,2,,,0,13,,23867,2,,,0,14,,23868,2,,,0,55,,23874,2,,,0,15,,23869,2,,,0,15,,23870,2,,,0,15,,23871,2,,,0,55,,23873,2,,,0,15,,23872,2,,,0
18500,'259.0.3',1546,,23888,11,,,0,55,,23889,11,,,0,15,,23890,11,,,0,20,,23891,11,,,0,15,,23892,11,,,0,60,,23893,11,,,0,15,,23894,11,,,0,15,,23895,11,,,0,8,,23896,11,,,0,8,,23899,11,,,0,55,,23897,11,,,0,15,,23900,11,,,0,15,,23898,11,,,0,15,,23901,11,,,0
18600,'259.0.3',1553,,23914,11,,,0,75,,23915,11,,,0,74,,23916,11,,,0,29,,23919,11,,,0,22,,23917,11,,,0,66,,23918,11,,,0
