201,'244.0.1',611,,9504,21,,,0,100,,9505,21,,,0,100,,9506,21,,,0,15,,9507,21,,,0,15,,9508,21,,,0,15,,9509,21,,,0,55,,9510,21,,,0,15,,9511,21,,,0,15,,9512,21,,,0,15,,9513,21,,,0,57,,9514,21,,,0,16,,9515,21,,,0,15,,9516,21,,,0,15,,9517,21,,,0,55,,9518,21,,,0,15,,9519,21,,,0,15,,9520,21,,,0,15,,9521,21,,,0,55,,9522,21,,,0,15,,9523,21,,,0,15,,9524,21,,,0,15,,9525,21,,,0,55,,9526,21,,,0,15,,9527,21,,,0,15,,9528,21,,,0,15,,9529,21,,,0,55,,9530,21,,,0,15,,9531,21,,,0,15,,9532,21,,,0,15,,9533,21,,,0,55,,9534,21,,,0,15,,9535,21,,,0,15,,9536,21,,,0,15,,9537,21,,,0,55,,9538,21,,,0,15,,9539,21,,,0,14,,9540,21,,,0,15,,9541,21,,,0,55,,9542,21,,,0,15,,9543,21,,,0,15,,9544,21,,,0,15,,9545,21,,,0,55,,9546,21,,,0,15,,9547,21,,,0,13,,9548,21,,,0,14,,9549,21,,,0,55,,9550,21,,,0,30,,9551,21,,,0,70,,9552,21,,,0,30,,9553,21,,,0,70,,9554,21,,,0,30,,9555,21,,,0,70,,9556,21,,,0,30,,9557,21,,,0,70,,9558,21,,,0,30,,9559,21,,,0,70,,9560,21,,,0,30,,9561,21,,,0
201,'244.0.2',620,,9562,21,,,0,100,,9563,21,,,0,95,,9564,21,,,0,20,,9565,21,,,0,20,,9566,21,,,0,60,,9567,21,,,0,20,,9568,21,,,0,22,,9569,21,,,0,60,,9570,21,,,0,20,,9571,21,,,0,20,,9572,21,,,0,60,,9573,21,,,0,20,,9574,21,,,0,20,,9575,21,,,0,60,,9576,21,,,0,20,,9577,21,,,0,20,,9578,21,,,0,60,,9579,21,,,0,20,,9580,21,,,0,20,,9581,21,,,0,60,,9582,21,,,0,20,,9583,21,,,0,20,,9584,21,,,0,60,,9585,21,,,0,20,,9586,21,,,0,20,,9587,21,,,0,60,,9588,21,,,0,20,,9589,21,,,0,20,,9590,21,,,0,60,,9591,21,,,0,20,,9592,21,,,0,20,,9593,21,,,0,55,,9594,21,,,0,29,,9595,21,,,0,69,,9596,21,,,0,30,,9597,21,,,0,70,,9598,21,,,0,30,,9599,21,,,0,70,,9600,21,,,0,30,,9601,21,,,0,70,,9602,21,,,0,30,,9603,21,,,0,70,,9604,21,,,0,30,,9605,21,,,0,70,,9606,21,,,0
201,'244.0.3',542,,9607,21,,,0,70,,9608,21,,,0,30,,9609,21,,,0,15,,9610,21,,,0,55,,9611,21,,,0,18,,9612,21,,,0,18,,9613,21,,,0,55,,9614,21,,,0,15,,9615,21,,,0,15,,9616,21,,,0,15,,9617,21,,,0,54,,9618,21,,,0,14,,9619,21,,,0,15,,9620,21,,,0,15,,9621,21,,,0,55,,9622,21,,,0,15,,9623,21,,,0,15,,9624,21,,,0,15,,9625,21,,,0,55,,9626,21,,,0,15,,9627,21,,,0,15,,9628,21,,,0,15,,9629,21,,,0,55,,9630,21,,,0,15,,9631,21,,,0,15,,9632,21,,,0,15,,9633,21,,,0,55,,9634,21,,,0,15,,9635,21,,,0,15,,9636,21,,,0,15,,9637,21,,,0,55,,9638,21,,,0,15,,9639,21,,,0,15,,9640,21,,,0,15,,9641,21,,,0,55,,9642,21,,,0,15,,9643,21,,,0,15,,9644,21,,,0,16,,9645,21,,,0,55,,9646,21,,,0,15,,9647,21,,,0,15,,9648,21,,,0,15,,9649,21,,,0,55,,9650,21,,,0,15,,9651,21,,,0,15,,9652,21,,,0,14,,9653,21,,,0,54,,9654,21,,,0,15,,9655,21,,,0,15,,9656,21,,,0,15,,9657,21,,,0,69,,9658,21,,,0,30,,9659,21,,,0,70,,9660,21,,,0,30,,9661,21,,,0,70,,9662,21,,,0,30,,9663,21,,,0,70,,9664,21,,,0,30,,9665,21,,,0,70,,9666,21,,,0,30,,9667,21,,,0,70,,9668,21,,,0,30,,9669,21,,,0
301,'244.0.1',618,,9812,17,,,0,100,,9813,17,,,0,100,,9814,17,,,0,30,,9815,17,,,0,70,,9816,17,,,0,30,,9817,17,,,0,70,,9818,17,,,0,32,,9819,17,,,0,70,,9820,17,,,0,30,,9821,17,,,0,70,,9822,17,,,0,30,,9823,17,,,0,70,,9824,17,,,0,30,,9825,17,,,0,70,,9826,17,,,0,30,,9827,17,,,0,70,,9828,17,,,0,30,,9829,17,,,0,70,,9830,17,,,0,30,,9831,17,,,0,70,,9832,17,,,0,30,,9833,17,,,0,67,,9834,17,,,0,30,,9835,17,,,0,70,,9836,17,,,0,30,,9837,17,,,0,70,,9838,17,,,0,30,,9839,17,,,0,70,,9840,17,,,0,30,,9841,17,,,0,70,,9842,17,,,0,30,,9843,17,,,0,70,,9844,17,,,0,30,,9845,17,,,0,70,,9846,17,,,0,30,,9847,17,,,0
301,'244.0.2',617,,9848,17,,,0,100,,9849,17,,,0,100,,9850,17,,,0,30,,9851,17,,,0,70,,9852,17,,,0,20,,9853,17,,,0,20,,9854,17,,,0,60,,9855,17,,,0,21,,9856,17,,,0,20,,9857,17,,,0,60,,9858,17,,,0,20,,9859,17,,,0,20,,9860,17,,,0,60,,9861,17,,,0,20,,9862,17,,,0,20,,9863,17,,,0,60,,9864,17,,,0,20,,9865,17,,,0,20,,9866,17,,,0,60,,9867,17,,,0,20,,9868,17,,,0,20,,9869,17,,,0,60,,9870,17,,,0,20,,9871,17,,,0,20,,9872,17,,,0,60,,9873,17,,,0,20,,9874,17,,,0,20,,9875,17,,,0,60,,9876,17,,,0,20,,9877,17,,,0,20,,9878,17,,,0,60,,9879,17,,,0,30,,9880,17,,,0,70,,9881,17,,,0,30,,9882,17,,,0,70,,9883,17,,,0,30,,9884,17,,,0,68,,9885,17,,,0,30,,9886,17,,,0,70,,9887,17,,,0,30,,9888,17,,,0,70,,9889,17,,,0,30,,9890,17,,,0,70,,9891,17,,,0
301,'244.0.3',548,,9892,17,,,0,70,,9893,17,,,0,15,,9894,17,,,0,15,,9895,17,,,0,55,,9896,17,,,0,15,,9897,17,,,0,17,,9898,17,,,0,18,,9899,17,,,0,55,,9900,17,,,0,15,,9901,17,,,0,15,,9902,17,,,0,15,,9903,17,,,0,55,,9904,17,,,0,14,,9905,17,,,0,17,,9906,17,,,0,20,,9907,17,,,0,60,,9908,17,,,0,20,,9909,17,,,0,20,,9910,17,,,0,60,,9911,17,,,0,20,,9912,17,,,0,20,,9913,17,,,0,60,,9914,17,,,0,20,,9915,17,,,0,20,,9916,17,,,0,60,,9917,17,,,0,20,,9918,17,,,0,20,,9919,17,,,0,60,,9920,17,,,0,20,,9921,17,,,0,20,,9922,17,,,0,62,,9923,17,,,0,15,,9924,17,,,0,15,,9925,17,,,0,55,,9926,17,,,0,15,,9927,17,,,0,15,,9928,17,,,0,15,,9929,17,,,0,55,,9930,17,,,0,15,,9931,17,,,0,15,,9932,17,,,0,15,,9933,17,,,0,53,,9934,17,,,0,14,,9935,17,,,0,15,,9936,17,,,0,15,,9937,17,,,0,60,,9938,17,,,0,20,,9939,17,,,0,20,,9940,17,,,0,60,,9941,17,,,0,20,,9942,17,,,0,20,,9943,17,,,0,60,,9944,17,,,0,10,,9945,17,,,0,30,,9946,17,,,0,70,,9947,17,,,0,28,,9948,17,,,0,70,,9949,17,,,0,33,,9950,17,,,0,70,,9951,17,,,0,30,,9952,17,,,0
2900,'244.0.1',624,,11695,3,,,0,30,,11696,3,,,0,70,,11697,3,,,0,30,,11698,3,,,0,70,,11699,3,,,0,30,,11700,3,,,0,70,,11701,3,,,0,30,,11702,3,,,0,70,,11703,3,,,0,26,,11704,3,,,0,70,,11705,3,,,0,30,,11706,3,,,0,70,,11707,3,,,0,30,,11708,3,,,0,70,,11709,3,,,0,30,,11710,3,,,0,70,,11711,3,,,0,30,,11712,3,,,0,70,,11713,3,,,0,30,,11714,3,,,0,70,,11715,3,,,0,31,,11716,3,,,0,72,,11717,3,,,0,30,,11718,3,,,0,70,,11719,3,,,0,30,,11720,3,,,0,70,,11721,3,,,0,30,,11722,3,,,0,70,,11723,3,,,0,102,,11724,3,,,0,100,,11725,3,,,0,100,,11726,3,,,0,81,,11727,3,,,0
2900,'244.0.2',629,,11728,3,,,0,30,,11729,3,,,0,70,,11730,3,,,0,30,,11731,3,,,0,70,,11732,3,,,0,30,,11733,3,,,0,70,,11734,3,,,0,30,,11735,3,,,0,70,,11736,3,,,0,30,,11737,3,,,0,67,,11738,3,,,0,30,,11739,3,,,0,70,,11740,3,,,0,30,,11741,3,,,0,70,,11742,3,,,0,30,,11743,3,,,0,70,,11744,3,,,0,30,,11745,3,,,0,70,,11746,3,,,0,30,,11747,3,,,0,70,,11748,3,,,0,30,,11749,3,,,0,70,,11750,3,,,0,30,,11751,3,,,0,73,,11752,3,,,0,100,,11753,3,,,0,100,,11754,3,,,0,100,,11755,3,,,0,100,,11756,3,,,0,100,,11757,3,,,0,78,,11758,3,,,0
2900,'244.0.3',541,,11759,3,,,0,15,,11760,3,,,0,55,,11761,3,,,0,14,,11762,3,,,0,12,,11763,3,,,0,14,,11764,3,,,0,55,,11765,3,,,0,15,,11766,3,,,0,15,,11767,3,,,0,15,,11768,3,,,0,55,,11769,3,,,0,15,,11770,3,,,0,16,,11771,3,,,0,18,,11772,3,,,0,56,,11773,3,,,0,30,,11774,3,,,0,70,,11775,3,,,0,30,,11776,3,,,0,70,,11777,3,,,0,30,,11778,3,,,0,70,,11779,3,,,0,30,,11780,3,,,0,70,,11781,3,,,0,30,,11782,3,,,0,70,,11783,3,,,0,29,,11784,3,,,0,64,,11785,3,,,0,15,,11786,3,,,0,15,,11787,3,,,0,15,,11788,3,,,0,55,,11789,3,,,0,15,,11790,3,,,0,15,,11791,3,,,0,15,,11792,3,,,0,55,,11793,3,,,0,15,,11794,3,,,0,22,,11795,3,,,0,18,,11796,3,,,0,55,,11797,3,,,0,15,,11798,3,,,0,15,,11799,3,,,0,70,,11800,3,,,0,30,,11801,3,,,0,70,,11802,3,,,0,30,,11803,3,,,0,70,,11804,3,,,0,30,,11805,3,,,0,70,,11806,3,,,0,100,,11807,3,,,0,88,,11808,3,,,0
9101,'244.0.1',821,,14805,47,,,0,100,,14806,47,,,0,102,,14807,47,,,0,100,,14808,47,,,0,100,,14809,47,,,0,100,,14810,47,,,0,100,,14811,47,,,0,100,,14812,47,,,0,100,,14813,47,,,0,100,,14814,47,,,0,100,,14815,47,,,0,98,,14816,47,,,0,100,,14817,47,,,0,100,,14818,47,,,0,100,,14819,47,,,0,100,,14820,47,,,0
9101,'244.0.2',850,,14821,47,,,0,100,,14822,47,,,0,102,,14823,47,,,0,100,,14824,47,,,0,100,,14825,47,,,0,100,,14826,47,,,0,100,,14827,47,,,0,100,,14828,47,,,0,100,,14829,47,,,0,98,,14830,47,,,0,100,,14831,47,,,0,100,,14832,47,,,0,100,,14833,47,,,0,100,,14834,47,,,0,100,,14835,47,,,0
9101,'244.0.3',622,,14836,47,,,0,30,,14837,47,,,0,82,,14838,47,,,0,24,,14839,47,,,0,70,,14840,47,,,0,75,,14841,47,,,0,25,,14842,47,,,0,29,,14843,47,,,0,100,,14844,47,,,0,143,,14845,47,,,0,100,,14846,47,,,0,100,,14847,47,,,0,111,,14848,47,,,0,101,,14849,47,,,0,31,,14850,47,,,0,70,,14851,47,,,0,31,,14852,47,,,0,70,,14853,47,,,0,20,,14854,47,,,0,94,,14855,47,,,0,100,,14856,47,,,0,100,,14857,47,,,0,100,,14858,47,,,0,100,,14859,47,,,0
