300,'259.0.1',707,,18497,60,,,0,100,,18498,60,,,0,100,,18499,60,,,0,30,,18500,60,,,0,70,,18501,60,,,0,30,,18502,60,,,0,70,,18503,60,,,0,30,,18504,60,,,0,72,,18505,60,,,0,32,,18506,60,,,0,70,,18507,60,,,0,30,,18508,60,,,0,70,,18509,60,,,0,30,,18510,60,,,0,70,,18511,60,,,0,30,,18512,60,,,0,70,,18513,60,,,0,30,,18514,60,,,0,70,,18515,60,,,0,30,,18516,60,,,0,70,,18517,60,,,0,30,,18518,60,,,0,68,,18519,60,,,0,26,,18520,60,,,0,69,,18521,60,,,0,30,,18522,60,,,0,70,,18523,60,,,0,30,,18524,60,,,0,70,,18525,60,,,0,30,,18526,60,,,0,70,,18527,60,,,0,30,,18528,60,,,0,70,,18529,60,,,0,30,,18530,60,,,0,70,,18531,60,,,0,20,,18532,60,,,0
300,'259.0.2',647,,18533,60,,,0,100,,18534,60,,,0,100,,18535,60,,,0,70,,18536,60,,,0,30,,18537,60,,,0,67,,18538,60,,,0,20,,18539,60,,,0,20,,18540,60,,,0,63,,18541,60,,,0,24,,18542,60,,,0,60,,18543,60,,,0,20,,18544,60,,,0,20,,18545,60,,,0,60,,18546,60,,,0,20,,18547,60,,,0,20,,18548,60,,,0,60,,18549,60,,,0,20,,18550,60,,,0,20,,18551,60,,,0,60,,18552,60,,,0,20,,18553,60,,,0,20,,18554,60,,,0,60,,18555,60,,,0,20,,18556,60,,,0,20,,18557,60,,,0,60,,18558,60,,,0,20,,18559,60,,,0,20,,18560,60,,,0,59,,18561,60,,,0,17,,18562,60,,,0,17,,18563,60,,,0,19,,18564,60,,,0,70,,18565,60,,,0,30,,18566,60,,,0,70,,18567,60,,,0,30,,18568,60,,,0,70,,18569,60,,,0,30,,18570,60,,,0,70,,18571,60,,,0,23,,18572,60,,,0,70,,18573,60,,,0,30,,18574,60,,,0,70,,18575,60,,,0,30,,18576,60,,,0
300,'259.0.3',622,,18577,60,,,0,30,,18578,60,,,0,55,,18579,60,,,0,15,,18580,60,,,0,17,,18581,60,,,0,20,,18582,60,,,0,57,,18583,60,,,0,19,,18584,60,,,0,14,,18585,60,,,0,53,,18586,60,,,0,14,,18587,60,,,0,15,,18588,60,,,0,15,,18589,60,,,0,55,,18590,60,,,0,20,,18591,60,,,0,20,,18592,60,,,0,60,,18593,60,,,0,20,,18594,60,,,0,20,,18595,60,,,0,60,,18596,60,,,0,20,,18597,60,,,0,20,,18598,60,,,0,60,,18599,60,,,0,20,,18600,60,,,0,20,,18601,60,,,0,60,,18602,60,,,0,20,,18603,60,,,0,20,,18604,60,,,0,60,,18605,60,,,0,20,,18606,60,,,0,20,,18607,60,,,0,13,,18608,60,,,0,53,,18609,60,,,0,21,,18610,60,,,0,15,,18611,60,,,0,15,,18612,60,,,0,55,,18613,60,,,0,15,,18614,60,,,0,14,,18615,60,,,0,12,,18616,60,,,0,53,,18617,60,,,0,13,,18618,60,,,0,13,,18619,60,,,0,13,,18620,60,,,0,55,,18621,60,,,0,12,,18622,60,,,0,7,,18623,60,,,0,17,,18624,60,,,0,20,,18625,60,,,0,60,,18626,60,,,0,20,,18627,60,,,0,20,,18628,60,,,0,60,,18629,60,,,0,20,,18630,60,,,0,10,,18631,60,,,0,70,,18632,60,,,0,30,,18633,60,,,0,70,,18634,60,,,0,30,,18635,60,,,0,70,,18636,60,,,0,30,,18637,60,,,0,70,,18638,60,,,0
400,'259.0.1',620,,18780,38,,,0,100,,18781,38,,,0,100,,18782,38,,,0,30,,18783,38,,,0,70,,18784,38,,,0,33,,18785,38,,,0,72,,18786,38,,,0,30,,18787,38,,,0,70,,18788,38,,,0,30,,18789,38,,,0,70,,18790,38,,,0,30,,18791,38,,,0,70,,18792,38,,,0,30,,18793,38,,,0,70,,18794,38,,,0,30,,18795,38,,,0,70,,18796,38,,,0,30,,18797,38,,,0,70,,18798,38,,,0,30,,18799,38,,,0,70,,18800,38,,,0,30,,18801,38,,,0,70,,18802,38,,,0,30,,18803,38,,,0,70,,18804,38,,,0,30,,18805,38,,,0,70,,18806,38,,,0,30,,18807,38,,,0,67,,18808,38,,,0,28,,18809,38,,,0,70,,18810,38,,,0,100,,18811,38,,,0,100,,18812,38,,,0
400,'259.0.2',714,,18813,38,,,0,30,,18814,38,,,0,70,,18815,38,,,0,30,,18816,38,,,0,70,,18817,38,,,0,30,,18818,38,,,0,70,,18819,38,,,0,30,,18820,38,,,0,70,,18821,38,,,0,33,,18822,38,,,0,72,,18823,38,,,0,30,,18824,38,,,0,70,,18825,38,,,0,30,,18826,38,,,0,70,,18827,38,,,0,30,,18828,38,,,0,70,,18829,38,,,0,30,,18830,38,,,0,70,,18831,38,,,0,30,,18832,38,,,0,70,,18833,38,,,0,30,,18834,38,,,0,68,,18835,38,,,0,28,,18836,38,,,0,70,,18837,38,,,0,30,,18838,38,,,0,70,,18839,38,,,0,100,,18840,38,,,0,100,,18841,38,,,0,100,,18842,38,,,0,100,,18843,38,,,0
400,'259.0.3',630,,18844,38,,,0,20,,18845,38,,,0,60,,18846,38,,,0,20,,18847,38,,,0,17,,18848,38,,,0,58,,18849,38,,,0,15,,18850,38,,,0,15,,18851,38,,,0,15,,18852,38,,,0,55,,18853,38,,,0,15,,18854,38,,,0,15,,18855,38,,,0,15,,18856,38,,,0,55,,18857,38,,,0,15,,18858,38,,,0,15,,18859,38,,,0,15,,18860,38,,,0,55,,18861,38,,,0,15,,18862,38,,,0,15,,18863,38,,,0,15,,18864,38,,,0,57,,18865,38,,,0,15,,18866,38,,,0,15,,18867,38,,,0,15,,18868,38,,,0,55,,18869,38,,,0,15,,18870,38,,,0,15,,18871,38,,,0,10,,18872,38,,,0,10,,18873,38,,,0,50,,18874,38,,,0,10,,18875,38,,,0,10,,18876,38,,,0,10,,18877,38,,,0,8,,18878,38,,,0,8,,18879,38,,,0,49,,18880,38,,,0,11,,18881,38,,,0,9,,18882,38,,,0,8,,18883,38,,,0,9,,18884,38,,,0,8,,18885,38,,,0,8,,18886,38,,,0,48,,18887,38,,,0,8,,18888,38,,,0,8,,18889,38,,,0,8,,18890,38,,,0,8,,18891,38,,,0,8,,18892,38,,,0,8,,18893,38,,,0,8,,18894,38,,,0,48,,18895,38,,,0,8,,18896,38,,,0,8,,18897,38,,,0,16,,18898,38,,,0,8,,18899,38,,,0,8,,18900,38,,,0,47,,18901,38,,,0,6,,18902,38,,,0,6,,18903,38,,,0,8,,18904,38,,,0,13,,18905,38,,,0,15,,18906,38,,,0,55,,18907,38,,,0,20,,18908,38,,,0,20,,18909,38,,,0,60,,18910,38,,,0,20,,18911,38,,,0,20,,18912,38,,,0,60,,18913,38,,,0,17,,18914,38,,,0,18,,18915,38,,,0,60,,18916,38,,,0,20,,18917,38,,,0,30,,18918,38,,,0,70,,18919,38,,,0,30,,18920,38,,,0,70,,18921,38,,,0,30,,18922,38,,,0,70,,18923,38,,,0
400,'259.1141.3',1731,,18924,38,,,0
400,'259.1143.3',1731,,18925,38,,,0
13501,'259.0.3',1552,,23748,26,,,0,70,,23749,26,,,0,30,,23750,26,,,0,70,,23751,26,,,0,26,,23752,26,,,0,69,,23753,26,,,0,26,,23754,26,,,0
43300,'259.0.3',726,,24142,43,,,0,89,,24143,43,,,0,1014,,24144,43,,,0,95,,24145,43,,,0
1003001,'259.0.1',638,,24850,10,,,0,70,,24851,10,,,0,30,,24852,10,,,0,70,,24853,10,,,0,30,,24854,10,,,0,70,,24855,10,,,0,30,,24856,10,,,0,73,,24857,10,,,0,30,,24858,10,,,0,70,,24859,10,,,0,30,,24860,10,,,0,70,,24861,10,,,0,30,,24862,10,,,0,70,,24863,10,,,0,30,,24864,10,,,0,70,,24865,10,,,0,30,,24866,10,,,0,70,,24867,10,,,0,30,,24868,10,,,0,70,,24869,10,,,0,30,,24870,10,,,0,70,,24871,10,,,0,30,,24872,10,,,0,70,,24873,10,,,0,30,,24874,10,,,0,70,,24875,10,,,0,30,,24876,10,,,0,70,,24877,10,,,0,30,,24878,10,,,0,70,,24879,10,,,0,27,,24880,10,,,0,70,,24881,10,,,0,30,,24882,10,,,0,70,,24883,10,,,0,30,,24884,10,,,0
1003001,'259.0.2',620,,24885,10,,,0,100,,24886,10,,,0,100,,24887,10,,,0,100,,24888,10,,,0,102,,24889,10,,,0,101,,24890,10,,,0,100,,24891,10,,,0,100,,24892,10,,,0,100,,24893,10,,,0,100,,24894,10,,,0,100,,24895,10,,,0,100,,24896,10,,,0,100,,24897,10,,,0,100,,24898,10,,,0,98,,24899,10,,,0,100,,24900,10,,,0,100,,24901,10,,,0,100,,24902,10,,,0
1003001,'259.0.3',552,,24903,10,,,0,70,,24904,10,,,0,30,,24905,10,,,0,70,,24906,10,,,0,30,,24907,10,,,0,70,,24908,10,,,0,30,,24909,10,,,0,70,,24910,10,,,0,29,,24911,10,,,0,70,,24912,10,,,0,30,,24913,10,,,0,70,,24914,10,,,0,30,,24915,10,,,0,70,,24916,10,,,0,30,,24917,10,,,0,70,,24918,10,,,0,30,,24919,10,,,0,70,,24920,10,,,0,30,,24921,10,,,0,71,,24922,10,,,0,30,,24923,10,,,0,70,,24924,10,,,0,30,,24925,10,,,0,70,,24926,10,,,0,30,,24927,10,,,0,70,,24928,10,,,0,30,,24929,10,,,0,70,,24930,10,,,0,30,,24931,10,,,0,69,,24932,10,,,0,30,,24933,10,,,0,70,,24934,10,,,0,30,,24935,10,,,0,70,,24936,10,,,0,30,,24937,10,,,0,70,,24938,10,,,0
