100,'259.0.1',616,,17670,33,,,0,15,,17671,33,,,0,15,,17672,33,,,0,55,,17673,33,,,0,15,,17674,33,,,0,15,,17675,33,,,0,15,,17676,33,,,0,55,,17677,33,,,0,18,,17678,33,,,0,15,,17679,33,,,0,15,,17680,33,,,0,55,,17681,33,,,0,15,,17682,33,,,0,16,,17683,33,,,0,17,,17684,33,,,0,55,,17685,33,,,0,15,,17686,33,,,0,15,,17687,33,,,0,15,,17688,33,,,0,58,,17689,33,,,0,16,,17690,33,,,0,15,,17691,33,,,0,15,,17692,33,,,0,55,,17693,33,,,0,15,,17694,33,,,0,15,,17695,33,,,0,15,,17696,33,,,0,55,,17697,33,,,0,15,,17698,33,,,0,15,,17699,33,,,0,15,,17700,33,,,0,55,,17701,33,,,0,15,,17702,33,,,0,15,,17703,33,,,0,15,,17704,33,,,0,55,,17705,33,,,0,15,,17706,33,,,0,15,,17707,33,,,0,15,,17708,33,,,0,55,,17709,33,,,0,15,,17710,33,,,0,15,,17711,33,,,0,15,,17712,33,,,0,55,,17713,33,,,0,15,,17714,33,,,0,15,,17715,33,,,0,15,,17716,33,,,0,55,,17717,33,,,0,15,,17718,33,,,0,15,,17719,33,,,0,15,,17720,33,,,0,55,,17721,33,,,0,13,,17722,33,,,0,14,,17723,33,,,0,15,,17724,33,,,0,55,,17725,33,,,0,15,,17726,33,,,0,15,,17727,33,,,0,15,,17728,33,,,0,55,,17729,33,,,0,15,,17730,33,,,0,15,,17731,33,,,0,15,,17732,33,,,0,55,,17733,33,,,0,13,,17734,33,,,0,13,,17735,33,,,0,15,,17736,33,,,0,55,,17737,33,,,0,15,,17738,33,,,0,15,,17739,33,,,0,15,,17740,33,,,0,55,,17741,33,,,0,15,,17742,33,,,0,15,,17743,33,,,0,15,,17744,33,,,0,55,,17745,33,,,0
100,'259.0.2',617,,17746,33,,,0,15,,17747,33,,,0,15,,17748,33,,,0,55,,17749,33,,,0,15,,17750,33,,,0,15,,17751,33,,,0,15,,17752,33,,,0,55,,17753,33,,,0,15,,17754,33,,,0,15,,17755,33,,,0,18,,17756,33,,,0,55,,17757,33,,,0,15,,17758,33,,,0,15,,17759,33,,,0,15,,17760,33,,,0,55,,17761,33,,,0,16,,17762,33,,,0,17,,17763,33,,,0,15,,17764,33,,,0,55,,17765,33,,,0,15,,17766,33,,,0,15,,17767,33,,,0,15,,17768,33,,,0,57,,17769,33,,,0,16,,17770,33,,,0,15,,17771,33,,,0,15,,17772,33,,,0,55,,17773,33,,,0,15,,17774,33,,,0,15,,17775,33,,,0,15,,17776,33,,,0,55,,17777,33,,,0,15,,17778,33,,,0,15,,17779,33,,,0,15,,17780,33,,,0,55,,17781,33,,,0,15,,17782,33,,,0,15,,17783,33,,,0,15,,17784,33,,,0,55,,17785,33,,,0,15,,17786,33,,,0,15,,17787,33,,,0,15,,17788,33,,,0,55,,17789,33,,,0,15,,17790,33,,,0,15,,17791,33,,,0,15,,17792,33,,,0,55,,17793,33,,,0,15,,17794,33,,,0,13,,17795,33,,,0,13,,17796,33,,,0,55,,17797,33,,,0,15,,17798,33,,,0,15,,17799,33,,,0,15,,17800,33,,,0,55,,17801,33,,,0,15,,17802,33,,,0,15,,17803,33,,,0,70,,17804,33,,,0,30,,17805,33,,,0,70,,17806,33,,,0,27,,17807,33,,,0,70,,17808,33,,,0,30,,17809,33,,,0,70,,17810,33,,,0
100,'259.0.3',627,,17812,33,,,0,10,,17813,33,,,0,10,,17814,33,,,0,10,,17815,33,,,0,50,,17816,33,,,0,10,,17817,33,,,0,10,,17818,33,,,0,12,,17819,33,,,0,13,,17820,33,,,0,53,,17821,33,,,0,10,,17822,33,,,0,10,,17823,33,,,0,10,,17824,33,,,0,10,,17825,33,,,0,10,,17826,33,,,0,50,,17827,33,,,0,10,,17828,33,,,0,10,,17829,33,,,0,9,,17830,33,,,0,9,,17831,33,,,0,9,,17832,33,,,0,50,,17833,33,,,0,10,,17834,33,,,0,10,,17835,33,,,0,10,,17836,33,,,0,10,,17837,33,,,0,10,,17838,33,,,0,50,,17839,33,,,0,10,,17840,33,,,0,10,,17841,33,,,0,10,,17842,33,,,0,10,,17843,33,,,0,10,,17844,33,,,0,50,,17845,33,,,0,10,,17846,33,,,0,10,,17847,33,,,0,10,,17848,33,,,0,10,,17849,33,,,0,10,,17850,33,,,0,50,,17851,33,,,0,10,,17852,33,,,0,10,,17853,33,,,0,10,,17854,33,,,0,10,,17855,33,,,0,10,,17856,33,,,0,50,,17857,33,,,0,10,,17858,33,,,0,10,,17859,33,,,0,10,,17860,33,,,0,10,,17861,33,,,0,10,,17862,33,,,0,50,,17863,33,,,0,10,,17864,33,,,0,11,,17865,33,,,0,11,,17866,33,,,0,12,,17867,33,,,0,10,,17868,33,,,0,50,,17869,33,,,0,10,,17870,33,,,0,10,,17871,33,,,0,10,,17872,33,,,0,10,,17873,33,,,0,10,,17874,33,,,0,50,,17875,33,,,0,10,,17876,33,,,0,10,,17877,33,,,0,10,,17878,33,,,0,10,,17879,33,,,0,10,,17880,33,,,0,49,,17881,33,,,0,8,,17882,33,,,0,7,,17883,33,,,0,8,,17884,33,,,0,10,,17885,33,,,0,10,,17886,33,,,0,10,,17887,33,,,0,50,,17888,33,,,0,10,,17889,33,,,0,10,,17890,33,,,0,10,,17891,33,,,0,10,,17892,33,,,0,10,,17893,33,,,0,50,,17894,33,,,0,10,,17895,33,,,0,10,,17896,33,,,0,10,,17897,33,,,0,10,,17898,33,,,0,10,,17899,33,,,0,50,,17900,33,,,0,10,,17901,33,,,0,10,,17902,33,,,0,10,,17903,33,,,0,10,,17904,33,,,0,10,,17905,33,,,0,49,,17906,33,,,0,10,,17907,33,,,0,8,,17908,33,,,0,15,,17909,33,,,0,15,,17910,33,,,0,55,,17911,33,,,0,15,,17912,33,,,0,15,,17913,33,,,0,15,,17914,33,,,0,55,,17915,33,,,0,15,,17916,33,,,0,15,,17917,33,,,0,15,,17918,33,,,0
500,'259.0.1',633,,19069,7,,,0,20,,19070,7,,,0,60,,19071,7,,,0,20,,19072,7,,,0,20,,19073,7,,,0,60,,19074,7,,,0,20,,19075,7,,,0,21,,19076,7,,,0,60,,19077,7,,,0,20,,19078,7,,,0,20,,19079,7,,,0,60,,19080,7,,,0,20,,19081,7,,,0,20,,19082,7,,,0,60,,19083,7,,,0,20,,19084,7,,,0,20,,19085,7,,,0,60,,19086,7,,,0,20,,19087,7,,,0,20,,19088,7,,,0,60,,19089,7,,,0,20,,19090,7,,,0,20,,19091,7,,,0,60,,19092,7,,,0,20,,19093,7,,,0,20,,19094,7,,,0,60,,19095,7,,,0,20,,19096,7,,,0,20,,19097,7,,,0,60,,19098,7,,,0,20,,19099,7,,,0,20,,19100,7,,,0,60,,19101,7,,,0,20,,19102,7,,,0,20,,19103,7,,,0,60,,19104,7,,,0,20,,19105,7,,,0,20,,19106,7,,,0,60,,19107,7,,,0,20,,19108,7,,,0,20,,19109,7,,,0,60,,19110,7,,,0,20,,19111,7,,,0,20,,19112,7,,,0,60,,19113,7,,,0,20,,19114,7,,,0,20,,19115,7,,,0,60,,19116,7,,,0,30,,19117,7,,,0,70,,19118,7,,,0,30,,19119,7,,,0,70,,19120,7,,,0,30,,19121,7,,,0,70,,19122,7,,,0
500,'259.0.2',633,,19123,7,,,0,70,,19124,7,,,0,30,,19125,7,,,0,70,,19126,7,,,0,30,,19127,7,,,0,70,,19128,7,,,0,30,,19129,7,,,0,71,,19130,7,,,0,30,,19131,7,,,0,70,,19132,7,,,0,30,,19133,7,,,0,70,,19134,7,,,0,30,,19135,7,,,0,70,,19136,7,,,0,30,,19137,7,,,0,70,,19138,7,,,0,30,,19139,7,,,0,70,,19140,7,,,0,30,,19141,7,,,0,70,,19142,7,,,0,30,,19143,7,,,0,70,,19144,7,,,0,30,,19145,7,,,0,70,,19146,7,,,0,30,,19147,7,,,0,70,,19148,7,,,0,30,,19149,7,,,0,70,,19150,7,,,0,30,,19151,7,,,0,70,,19152,7,,,0,30,,19153,7,,,0,70,,19154,7,,,0,30,,19155,7,,,0,70,,19156,7,,,0,30,,19157,7,,,0,70,,19158,7,,,0
500,'259.0.3',533,,19159,7,,,0,70,,19160,7,,,0,15,,19161,7,,,0,15,,19162,7,,,0,15,,19163,7,,,0,55,,19164,7,,,0,15,,19165,7,,,0,15,,19166,7,,,0,15,,19167,7,,,0,55,,19168,7,,,0,15,,19169,7,,,0,15,,19170,7,,,0,15,,19171,7,,,0,56,,19172,7,,,0,15,,19173,7,,,0,15,,19174,7,,,0,15,,19175,7,,,0,55,,19176,7,,,0,15,,19177,7,,,0,15,,19178,7,,,0,15,,19179,7,,,0,55,,19180,7,,,0,15,,19181,7,,,0,15,,19182,7,,,0,15,,19183,7,,,0,55,,19184,7,,,0,15,,19185,7,,,0,15,,19186,7,,,0,15,,19187,7,,,0,55,,19188,7,,,0,15,,19189,7,,,0,15,,19190,7,,,0,15,,19191,7,,,0,55,,19192,7,,,0,15,,19193,7,,,0,15,,19194,7,,,0,15,,19195,7,,,0,55,,19196,7,,,0,15,,19197,7,,,0,15,,19198,7,,,0,15,,19199,7,,,0,55,,19200,7,,,0,15,,19201,7,,,0,15,,19202,7,,,0,15,,19203,7,,,0,55,,19204,7,,,0,15,,19205,7,,,0,15,,19206,7,,,0,15,,19207,7,,,0,55,,19208,7,,,0,15,,19209,7,,,0,15,,19210,7,,,0,20,,19211,7,,,0,55,,19212,7,,,0,20,,19213,7,,,0,20,,19214,7,,,0,60,,19215,7,,,0,20,,19216,7,,,0,20,,19217,7,,,0,60,,19218,7,,,0,20,,19219,7,,,0,20,,19220,7,,,0,75,,19221,7,,,0,30,,19222,7,,,0,70,,19223,7,,,0,30,,19224,7,,,0,70,,19225,7,,,0,30,,19226,7,,,0
5000,'259.0.3',1521,,20908,10,,,0,30,,20909,10,,,0,70,,20910,10,,,0,30,,20911,10,,,0
1001000,'259.0.3',637,,24716,24,,,0,19,,24717,24,,,0,59,,24718,24,,,0,28,,24719,24,,,0,58,,24720,24,,,0,20,,24721,24,,,0,20,,24722,24,,,0,60,,24723,24,,,0,20,,24724,24,,,0,500,,24725,24,,,0,19,,24726,24,,,0,60,,24727,24,,,0,20,,24728,24,,,0,20,,24729,24,,,0,64,,24730,24,,,0,20,,24731,24,,,0,20,,24732,24,,,0,60,,24733,24,,,0,10,,24734,24,,,0,29,,24735,24,,,0,60,,24736,24,,,0,19,,24737,24,,,0,16,,24738,24,,,0
2000700,'259.0.1',623,,25248,7,,,0,20,,25249,7,,,0,60,,25250,7,,,0,20,,25251,7,,,0,20,,25252,7,,,0,60,,25253,7,,,0,20,,25254,7,,,0,20,,25255,7,,,0,60,,25256,7,,,0,20,,25257,7,,,0,21,,25258,7,,,0,60,,25259,7,,,0,20,,25260,7,,,0,20,,25261,7,,,0,60,,25262,7,,,0,20,,25263,7,,,0,20,,25264,7,,,0,60,,25265,7,,,0,20,,25266,7,,,0,20,,25267,7,,,0,60,,25268,7,,,0,20,,25269,7,,,0,20,,25270,7,,,0,60,,25271,7,,,0,20,,25272,7,,,0,20,,25273,7,,,0,60,,25274,7,,,0,20,,25275,7,,,0,20,,25276,7,,,0,60,,25277,7,,,0,20,,25278,7,,,0,20,,25279,7,,,0,60,,25280,7,,,0,20,,25281,7,,,0,20,,25282,7,,,0,60,,25283,7,,,0,20,,25284,7,,,0,20,,25285,7,,,0,60,,25286,7,,,0,20,,25287,7,,,0,19,,25288,7,,,0,60,,25289,7,,,0,20,,25290,7,,,0,20,,25291,7,,,0,60,,25292,7,,,0,20,,25293,7,,,0,20,,25294,7,,,0,60,,25295,7,,,0,20,,25296,7,,,0,20,,25297,7,,,0,60,,25298,7,,,0,20,,25299,7,,,0,20,,25300,7,,,0,60,,25301,7,,,0
2000700,'259.0.2',623,,25302,7,,,0,30,,25303,7,,,0,70,,25304,7,,,0,30,,25305,7,,,0,70,,25306,7,,,0,30,,25307,7,,,0,70,,25308,7,,,0,31,,25309,7,,,0,70,,25310,7,,,0,30,,25311,7,,,0,70,,25312,7,,,0,30,,25313,7,,,0,70,,25314,7,,,0,30,,25315,7,,,0,70,,25316,7,,,0,30,,25317,7,,,0,70,,25318,7,,,0,30,,25319,7,,,0,70,,25320,7,,,0,30,,25321,7,,,0,70,,25322,7,,,0,30,,25323,7,,,0,70,,25324,7,,,0,30,,25325,7,,,0,70,,25326,7,,,0,29,,25327,7,,,0,70,,25328,7,,,0,30,,25329,7,,,0,70,,25330,7,,,0,30,,25331,7,,,0,70,,25332,7,,,0,30,,25333,7,,,0,70,,25334,7,,,0,30,,25335,7,,,0,70,,25336,7,,,0,30,,25337,7,,,0
2000700,'259.0.3',614,,25338,7,,,0,15,,25339,7,,,0,15,,25340,7,,,0,15,,25341,7,,,0,55,,25342,7,,,0,15,,25343,7,,,0,16,,25344,7,,,0,60,,25345,7,,,0,19,,25346,7,,,0,15,,25347,7,,,0,15,,25348,7,,,0,55,,25349,7,,,0,14,,25350,7,,,0,13,,25351,7,,,0,15,,25352,7,,,0,55,,25353,7,,,0,15,,25354,7,,,0,15,,25355,7,,,0,15,,25356,7,,,0,55,,25357,7,,,0,15,,25358,7,,,0,15,,25359,7,,,0,15,,25360,7,,,0,55,,25361,7,,,0,15,,25362,7,,,0,15,,25363,7,,,0,15,,25364,7,,,0,55,,25365,7,,,0,15,,25366,7,,,0,15,,25367,7,,,0,15,,25368,7,,,0,55,,25369,7,,,0,15,,25370,7,,,0,15,,25371,7,,,0,16,,25372,7,,,0,55,,25373,7,,,0,15,,25374,7,,,0,17,,25375,7,,,0,15,,25376,7,,,0,55,,25377,7,,,0,15,,25378,7,,,0,15,,25379,7,,,0,15,,25380,7,,,0,55,,25381,7,,,0,15,,25382,7,,,0,14,,25383,7,,,0,12,,25384,7,,,0,54,,25385,7,,,0,15,,25386,7,,,0,15,,25387,7,,,0,15,,25388,7,,,0,55,,25389,7,,,0,12,,25390,7,,,0,13,,25391,7,,,0,15,,25392,7,,,0,15,,25393,7,,,0,55,,25394,7,,,0,15,,25395,7,,,0,15,,25396,7,,,0,14,,25397,7,,,0,55,,25398,7,,,0,15,,25399,7,,,0,15,,25400,7,,,0,15,,25401,7,,,0,55,,25402,7,,,0,15,,25403,7,,,0,15,,25404,7,,,0,15,,25405,7,,,0,55,,25406,7,,,0,30,,25407,7,,,0,70,,25408,7,,,0,30,,25409,7,,,0,70,,25410,7,,,0
2001000,'259.0.1',646,,25713,24,,,0,85,,25714,24,,,0,70,,25715,24,,,0,30,,25716,24,,,0,70,,25717,24,,,0,30,,25718,24,,,0,73,,25719,24,,,0,30,,25720,24,,,0,70,,25721,24,,,0,32,,25722,24,,,0,70,,25723,24,,,0,30,,25724,24,,,0,70,,25725,24,,,0,30,,25726,24,,,0,70,,25727,24,,,0,30,,25728,24,,,0,70,,25729,24,,,0,30,,25730,24,,,0,70,,25731,24,,,0,30,,25732,24,,,0,70,,25733,24,,,0,30,,25734,24,,,0,70,,25735,24,,,0,30,,25736,24,,,0,68,,25737,24,,,0,30,,25738,24,,,0,70,,25739,24,,,0,45,,25740,24,,,0,98,,25741,24,,,0,100,,25742,24,,,0,100,,25743,24,,,0
2001000,'259.0.2',646,,25744,24,,,0,155,,25745,24,,,0,30,,25746,24,,,0,70,,25747,24,,,0,30,,25748,24,,,0,72,,25749,24,,,0,30,,25750,24,,,0,70,,25751,24,,,0,30,,25752,24,,,0,70,,25753,24,,,0,30,,25754,24,,,0,70,,25755,24,,,0,30,,25756,24,,,0,71,,25757,24,,,0,30,,25758,24,,,0,70,,25759,24,,,0,30,,25760,24,,,0,70,,25761,24,,,0,30,,25762,24,,,0,70,,25763,24,,,0,30,,25764,24,,,0,70,,25765,24,,,0,45,,25766,24,,,0,97,,25767,24,,,0,100,,25768,24,,,0,100,,25769,24,,,0,100,,25770,24,,,0,100,,25771,24,,,0,100,,25772,24,,,0
2001000,'259.0.3',559,,25773,24,,,0,91,,25774,24,,,0,60,,25775,24,,,0,20,,25776,24,,,0,20,,25777,24,,,0,63,,25778,24,,,0,21,,25779,24,,,0,20,,25780,24,,,0,60,,25781,24,,,0,37,,25782,24,,,0,70,,25783,24,,,0,30,,25784,24,,,0,70,,25785,24,,,0,30,,25786,24,,,0,70,,25787,24,,,0,30,,25788,24,,,0,70,,25789,24,,,0,30,,25790,24,,,0,65,,25791,24,,,0,17,,25792,24,,,0,20,,25793,24,,,0,60,,25794,24,,,0,20,,25795,24,,,0,24,,25796,24,,,0,60,,25797,24,,,0,20,,25798,24,,,0,20,,25799,24,,,0,60,,25800,24,,,0,19,,25801,24,,,0,20,,25802,24,,,0,59,,25803,24,,,0,16,,25804,24,,,0,23,,25805,24,,,0,60,,25806,24,,,0,24,,25807,24,,,0,70,,25808,24,,,0,30,,25809,24,,,0,70,,25810,24,,,0,30,,25811,24,,,0
3001000,'259.0.1',616,,26275,24,,,0,100,,26276,24,,,0,30,,26277,24,,,0,70,,26278,24,,,0,30,,26279,24,,,0,70,,26280,24,,,0,33,,26281,24,,,0,70,,26282,24,,,0,30,,26283,24,,,0,70,,26284,24,,,0,32,,26285,24,,,0,70,,26286,24,,,0,30,,26287,24,,,0,70,,26288,24,,,0,30,,26289,24,,,0,70,,26290,24,,,0,30,,26291,24,,,0,70,,26292,24,,,0,30,,26293,24,,,0,70,,26294,24,,,0,30,,26295,24,,,0,70,,26296,24,,,0,30,,26297,24,,,0,70,,26298,24,,,0,28,,26299,24,,,0,70,,26300,24,,,0,100,,26301,24,,,0,100,,26302,24,,,0,98,,26303,24,,,0,100,,26304,24,,,0,100,,26305,24,,,0
3001000,'259.0.2',616,,26307,24,,,0,100,,26308,24,,,0,30,,26309,24,,,0,70,,26310,24,,,0,30,,26311,24,,,0,70,,26312,24,,,0,30,,26313,24,,,0,72,,26314,24,,,0,30,,26315,24,,,0,70,,26316,24,,,0,30,,26317,24,,,0,70,,26318,24,,,0,30,,26319,24,,,0,70,,26320,24,,,0,30,,26321,24,,,0,71,,26322,24,,,0,30,,26323,24,,,0,70,,26324,24,,,0,30,,26325,24,,,0,70,,26326,24,,,0,30,,26327,24,,,0,70,,26328,24,,,0,30,,26329,24,,,0,70,,26330,24,,,0,100,,26331,24,,,0,97,,26332,24,,,0,100,,26333,24,,,0,100,,26334,24,,,0,100,,26335,24,,,0
3001000,'259.0.3',604,,26339,24,,,0,19,,26340,24,,,0,20,,26341,24,,,0,59,,26342,24,,,0,18,,26343,24,,,0,17,,26344,24,,,0,18,,26345,24,,,0,73,,26346,24,,,0,20,,26347,24,,,0,60,,26348,24,,,0,28,,26349,24,,,0,70,,26350,24,,,0,30,,26351,24,,,0,70,,26352,24,,,0,30,,26353,24,,,0,70,,26354,24,,,0,30,,26355,24,,,0,70,,26356,24,,,0,30,,26357,24,,,0,70,,26358,24,,,0,20,,26359,24,,,0,20,,26360,24,,,0,60,,26361,24,,,0,20,,26362,24,,,0,21,,26363,24,,,0,63,,26364,24,,,0,20,,26365,24,,,0,20,,26366,24,,,0,60,,26367,24,,,0,19,,26368,24,,,0,20,,26369,24,,,0,59,,26370,24,,,0,16,,26371,24,,,0,20,,26372,24,,,0,60,,26373,24,,,0,19,,26374,24,,,0,30,,26375,24,,,0,70,,26376,24,,,0,30,,26377,24,,,0,70,,26378,24,,,0,30,,26379,24,,,0,67,,26380,24,,,0,30,,26381,24,,,0,70,,26382,24,,,0,30,,26383,24,,,0,70,,26384,24,,,0
