5401,'244.0.1',638,,12313,17,,,0,100,,12314,17,,,0,100,,12315,17,,,0,100,,12316,17,,,0,104,,12317,17,,,0,100,,12318,17,,,0,100,,12319,17,,,0,100,,12320,17,,,0,100,,12321,17,,,0,99,,12322,17,,,0,100,,12323,17,,,0,100,,12324,17,,,0,98,,12325,17,,,0,100,,12326,17,,,0,100,,12327,17,,,0,100,,12328,17,,,0,100,,12329,17,,,0
5401,'244.0.2',838,,12330,17,,,0,100,,12331,17,,,0,104,,12332,17,,,0,100,,12333,17,,,0,99,,12334,17,,,0,100,,12335,17,,,0,100,,12336,17,,,0,100,,12337,17,,,0,100,,12338,17,,,0,100,,12339,17,,,0,97,,12340,17,,,0,100,,12341,17,,,0,100,,12342,17,,,0,100,,12343,17,,,0
5401,'244.0.3',641,,12344,17,,,0,72,,12345,17,,,0,27,,12346,17,,,0,70,,12347,17,,,0,30,,12348,17,,,0,70,,12349,17,,,0,35,,12350,17,,,0,100,,12351,17,,,0,100,,12352,17,,,0,104,,12353,17,,,0,100,,12354,17,,,0,101,,12355,17,,,0,100,,12356,17,,,0,70,,12357,17,,,0,35,,12358,17,,,0,68,,12359,17,,,0,30,,12360,17,,,0,64,,12361,17,,,0,30,,12362,17,,,0,70,,12363,17,,,0,30,,12364,17,,,0,70,,12365,17,,,0,30,,12366,17,,,0,100,,12367,17,,,0
6701,'244.0.1',745,,13436,26,,,0,100,,13437,26,,,0,102,,13438,26,,,0,100,,13439,26,,,0,100,,13440,26,,,0,100,,13441,26,,,0,100,,13442,26,,,0,100,,13443,26,,,0,100,,13444,26,,,0,100,,13445,26,,,0,100,,13446,26,,,0,98,,13447,26,,,0,100,,13448,26,,,0,100,,13449,26,,,0,100,,13450,26,,,0,100,,13451,26,,,0
6701,'244.0.2',744,,13452,26,,,0,100,,13453,26,,,0,100,,13454,26,,,0,103,,13455,26,,,0,100,,13456,26,,,0,100,,13457,26,,,0,100,,13458,26,,,0,100,,13459,26,,,0,100,,13460,26,,,0,100,,13461,26,,,0,98,,13462,26,,,0,100,,13463,26,,,0,100,,13464,26,,,0,100,,13465,26,,,0,98,,13466,26,,,0,100,,13467,26,,,0
6701,'244.0.3',630,,13468,26,,,0,70,,13469,26,,,0,30,,13470,26,,,0,70,,13471,26,,,0,30,,13472,26,,,0,70,,13473,26,,,0,102,,13474,26,,,0,100,,13475,26,,,0,100,,13476,26,,,0,100,,13477,26,,,0,100,,13478,26,,,0,102,,13479,26,,,0,30,,13480,26,,,0,70,,13481,26,,,0,30,,13482,26,,,0,70,,13483,26,,,0,30,,13484,26,,,0,70,,13485,26,,,0,27,,13486,26,,,0,70,,13487,26,,,0,30,,13488,26,,,0,98,,13489,26,,,0,100,,13490,26,,,0,100,,13491,26,,,0
7200,'244.0.1',614,,13598,15,,,0,30,,13599,15,,,0,70,,13600,15,,,0,30,,13601,15,,,0,70,,13602,15,,,0,30,,13603,15,,,0,70,,13604,15,,,0,30,,13605,15,,,0,70,,13606,15,,,0,31,,13607,15,,,0,70,,13608,15,,,0,30,,13609,15,,,0,70,,13610,15,,,0,30,,13611,15,,,0,70,,13612,15,,,0,30,,13613,15,,,0,70,,13614,15,,,0,30,,13615,15,,,0,70,,13616,15,,,0,30,,13617,15,,,0,70,,13618,15,,,0,30,,13619,15,,,0,70,,13620,15,,,0,29,,13621,15,,,0,70,,13622,15,,,0,100,,13623,15,,,0,100,,13624,15,,,0,100,,13625,15,,,0,100,,13626,15,,,0,100,,13627,15,,,0
7200,'244.0.2',714,,13628,15,,,0,100,,13629,15,,,0,100,,13630,15,,,0,100,,13631,15,,,0,101,,13632,15,,,0,100,,13633,15,,,0,100,,13634,15,,,0,100,,13635,15,,,0,100,,13636,15,,,0,100,,13637,15,,,0,100,,13638,15,,,0,100,,13639,15,,,0,99,,13640,15,,,0,100,,13641,15,,,0,100,,13642,15,,,0,100,,13643,15,,,0
7200,'244.0.3',614,,13644,15,,,0,30,,13645,15,,,0,70,,13646,15,,,0,30,,13647,15,,,0,70,,13648,15,,,0,30,,13649,15,,,0,70,,13650,15,,,0,30,,13651,15,,,0,70,,13652,15,,,0,30,,13653,15,,,0,70,,13654,15,,,0,30,,13655,15,,,0,70,,13656,15,,,0,30,,13657,15,,,0,70,,13658,15,,,0,30,,13659,15,,,0,70,,13660,15,,,0,30,,13661,15,,,0,70,,13662,15,,,0,30,,13663,15,,,0,70,,13664,15,,,0,30,,13665,15,,,0,70,,13666,15,,,0,30,,13667,15,,,0,69,,13668,15,,,0,30,,13669,15,,,0,70,,13670,15,,,0,100,,13671,15,,,0,100,,13672,15,,,0,100,,13673,15,,,0,100,,13674,15,,,0
3001001,'244.0.1',603,,17558,6,,,0,54,,17559,6,,,0,100,,17560,6,,,0,70,,17561,6,,,0,30,,17562,6,,,0,70,,17563,6,,,0,30,,17564,6,,,0,74,,17565,6,,,0,70,,17566,6,,,0,31,,17567,6,,,0,72,,17568,6,,,0,34,,17569,6,,,0,70,,17570,6,,,0,30,,17571,6,,,0,70,,17572,6,,,0,30,,17573,6,,,0,70,,17574,6,,,0,30,,17575,6,,,0,70,,17576,6,,,0,30,,17577,6,,,0,70,,17578,6,,,0,30,,17579,6,,,0,70,,17580,6,,,0,30,,17581,6,,,0,67,,17582,6,,,0,28,,17583,6,,,0,70,,17584,6,,,0,100,,17585,6,,,0,56,,17586,6,,,0,97,,17587,6,,,0,100,,17588,6,,,0,95,,17589,6,0,8 7,0
3001001,'244.0.2',603,,17590,6,,,0,50,,17591,6,,,0,100,,17592,6,,,0,70,,17593,6,,,0,30,,17594,6,,,0,70,,17595,6,,,0,30,,17596,6,,,0,72,,17597,6,,,0,34,,17598,6,,,0,70,,17599,6,,,0,30,,17600,6,,,0,70,,17601,6,,,0,71,,17602,6,,,0,30,,17603,6,,,0,70,,17604,6,,,0,30,,17605,6,,,0,73,,17606,6,,,0,30,,17607,6,,,0,70,,17608,6,,,0,30,,17609,6,,,0,70,,17610,6,,,0,30,,17611,6,,,0,70,,17612,6,,,0,30,,17613,6,,,0,69,,17614,6,,,0,100,,17615,6,,,0,54,,17616,6,,,0,100,,17617,6,,,0,100,,17618,6,,,0,95,,17619,6,0,8 7,0
3001001,'244.0.3',526,,17620,6,,,0,30,,17621,6,,,0,70,,17622,6,,,0,20,,17623,6,,,0,60,,17624,6,,,0,20,,17625,6,,,0,18,,17626,6,,,0,59,,17627,6,,,0,20,,17628,6,,,0,20,,17629,6,,,0,73,,17630,6,,,0,20,,17631,6,,,0,20,,17632,6,,,0,68,,17633,6,,,0,30,,17634,6,,,0,70,,17635,6,,,0,30,,17636,6,,,0,70,,17637,6,,,0,30,,17638,6,,,0,70,,17639,6,,,0,30,,17640,6,,,0,70,,17641,6,,,0,30,,17642,6,,,0,61,,17643,6,,,0,20,,17644,6,,,0,20,,17645,6,,,0,61,,17646,6,,,0,27,,17647,6,,,0,63,,17648,6,,,0,20,,17649,6,,,0,20,,17650,6,,,0,58,,17651,6,,,0,16,,17652,6,,,0,17,,17653,6,,,0,14,,17654,6,,,0,55,,17655,6,,,0,20,,17656,6,,,0,15,,17668,6,4,,0,64,,17657,6,,,0,30,,17658,6,,,0,70,,17659,6,,,0,30,,17660,6,,,0,70,,17661,6,,,0,27,,17662,6,,,0,27,,17663,6,,,0,70,,17664,6,0,8 7,0,25,,17665,6,0,8 7,0,70,,17666,6,0,8 7,0,30,,17667,6,0,8 7,0
