100,'259.0.1',608,,17670,21,,,0,15,,17671,21,,,0,15,,17672,21,,,0,15,,17673,21,,,0,55,,17674,21,,,0,15,,17675,21,,,0,15,,17676,21,,,0,15,,17677,21,,,0,57,,17678,21,,,0,15,,17679,21,,,0,15,,17680,21,,,0,15,,17681,21,,,0,55,,17682,21,,,0,16,,17683,21,,,0,17,,17684,21,,,0,15,,17685,21,,,0,55,,17686,21,,,0,15,,17687,21,,,0,15,,17688,21,,,0,16,,17689,21,,,0,56,,17690,21,,,0,15,,17691,21,,,0,15,,17692,21,,,0,55,,17693,21,,,0,15,,17694,21,,,0,15,,17695,21,,,0,15,,17696,21,,,0,55,,17697,21,,,0,15,,17698,21,,,0,15,,17699,21,,,0,15,,17700,21,,,0,55,,17701,21,,,0,15,,17702,21,,,0,15,,17703,21,,,0,15,,17704,21,,,0,55,,17705,21,,,0,15,,17706,21,,,0,15,,17707,21,,,0,15,,17708,21,,,0,55,,17709,21,,,0,15,,17710,21,,,0,15,,17711,21,,,0,15,,17712,21,,,0,55,,17713,21,,,0,15,,17714,21,,,0,15,,17715,21,,,0,15,,17716,21,,,0,55,,17717,21,,,0,15,,17718,21,,,0,15,,17719,21,,,0,15,,17720,21,,,0,55,,17721,21,,,0,14,,17722,21,,,0,14,,17723,21,,,0,15,,17724,21,,,0,15,,17725,21,,,0,55,,17726,21,,,0,15,,17727,21,,,0,15,,17728,21,,,0,15,,17729,21,,,0,55,,17730,21,,,0,15,,17731,21,,,0,15,,17732,21,,,0,15,,17733,21,,,0,54,,17734,21,,,0,13,,17735,21,,,0,15,,17736,21,,,0,15,,17737,21,,,0,55,,17738,21,,,0,15,,17739,21,,,0,15,,17740,21,,,0,15,,17741,21,,,0,55,,17742,21,,,0,15,,17743,21,,,0,15,,17744,21,,,0,15,,17745,21,,,0
100,'259.0.2',609,,17746,21,,,0,15,,17747,21,,,0,15,,17748,21,,,0,15,,17749,21,,,0,55,,17750,21,,,0,15,,17751,21,,,0,15,,17752,21,,,0,15,,17753,21,,,0,55,,17754,21,,,0,15,,17755,21,,,0,17,,17756,21,,,0,15,,17757,21,,,0,55,,17758,21,,,0,15,,17759,21,,,0,15,,17760,21,,,0,15,,17761,21,,,0,56,,17762,21,,,0,17,,17763,21,,,0,15,,17764,21,,,0,15,,17765,21,,,0,55,,17766,21,,,0,15,,17767,21,,,0,15,,17768,21,,,0,56,,17769,21,,,0,16,,17770,21,,,0,15,,17771,21,,,0,15,,17772,21,,,0,55,,17773,21,,,0,15,,17774,21,,,0,15,,17775,21,,,0,15,,17776,21,,,0,55,,17777,21,,,0,15,,17778,21,,,0,15,,17779,21,,,0,15,,17780,21,,,0,55,,17781,21,,,0,15,,17782,21,,,0,15,,17783,21,,,0,15,,17784,21,,,0,55,,17785,21,,,0,15,,17786,21,,,0,15,,17787,21,,,0,15,,17788,21,,,0,55,,17789,21,,,0,15,,17790,21,,,0,15,,17791,21,,,0,15,,17792,21,,,0,55,,17793,21,,,0,15,,17794,21,,,0,13,,17795,21,,,0,13,,17796,21,,,0,15,,17797,21,,,0,55,,17798,21,,,0,15,,17799,21,,,0,15,,17800,21,,,0,15,,17801,21,,,0,55,,17802,21,,,0,15,,17803,21,,,0,30,,17804,21,,,0,70,,17805,21,,,0,30,,17806,21,,,0,68,,17807,21,,,0,30,,17808,21,,,0,70,,17809,21,,,0,30,,17810,21,,,0
100,'259.0.3',618,,17812,21,,,0,10,,17813,21,,,0,10,,17814,21,,,0,10,,17815,21,,,0,10,,17816,21,,,0,50,,17817,21,,,0,10,,17818,21,,,0,11,,17819,21,,,0,12,,17820,21,,,0,13,,17821,21,,,0,50,,17822,21,,,0,10,,17823,21,,,0,10,,17824,21,,,0,10,,17825,21,,,0,10,,17826,21,,,0,10,,17827,21,,,0,50,,17828,21,,,0,10,,17829,21,,,0,9,,17830,21,,,0,9,,17831,21,,,0,9,,17832,21,,,0,10,,17833,21,,,0,50,,17834,21,,,0,10,,17835,21,,,0,10,,17836,21,,,0,10,,17837,21,,,0,10,,17838,21,,,0,10,,17839,21,,,0,50,,17840,21,,,0,10,,17841,21,,,0,10,,17842,21,,,0,10,,17843,21,,,0,10,,17844,21,,,0,10,,17845,21,,,0,50,,17846,21,,,0,10,,17847,21,,,0,10,,17848,21,,,0,10,,17849,21,,,0,10,,17850,21,,,0,10,,17851,21,,,0,50,,17852,21,,,0,10,,17853,21,,,0,10,,17854,21,,,0,10,,17855,21,,,0,10,,17856,21,,,0,10,,17857,21,,,0,50,,17858,21,,,0,10,,17859,21,,,0,10,,17860,21,,,0,10,,17861,21,,,0,10,,17862,21,,,0,10,,17863,21,,,0,50,,17864,21,,,0,10,,17865,21,,,0,10,,17866,21,,,0,12,,17867,21,,,0,10,,17868,21,,,0,10,,17869,21,,,0,50,,17870,21,,,0,10,,17871,21,,,0,10,,17872,21,,,0,10,,17873,21,,,0,10,,17874,21,,,0,10,,17875,21,,,0,50,,17876,21,,,0,10,,17877,21,,,0,10,,17878,21,,,0,10,,17879,21,,,0,10,,17880,21,,,0,10,,17881,21,,,0,49,,17882,21,,,0,8,,17883,21,,,0,8,,17884,21,,,0,10,,17885,21,,,0,10,,17886,21,,,0,10,,17887,21,,,0,10,,17888,21,,,0,50,,17889,21,,,0,10,,17890,21,,,0,10,,17891,21,,,0,10,,17892,21,,,0,10,,17893,21,,,0,10,,17894,21,,,0,50,,17895,21,,,0,10,,17896,21,,,0,10,,17897,21,,,0,10,,17898,21,,,0,10,,17899,21,,,0,10,,17900,21,,,0,50,,17901,21,,,0,10,,17902,21,,,0,10,,17903,21,,,0,10,,17904,21,,,0,10,,17905,21,,,0,10,,17906,21,,,0,50,,17907,21,,,0,8,,17908,21,,,0,15,,17909,21,,,0,15,,17910,21,,,0,55,,17911,21,,,0,15,,17912,21,,,0,15,,17913,21,,,0,15,,17914,21,,,0,55,,17915,21,,,0,15,,17916,21,,,0,15,,17917,21,,,0,15,,17918,21,,,0
801,'259.0.1',617,,19511,77,,,0,30,,19512,77,,,0,70,,19513,77,,,0,30,,19514,77,,,0,73,,19515,77,,,0,33,,19516,77,,,0,70,,19517,77,,,0,31,,19518,77,,,0,74,,19519,77,,,0,74,,19520,77,,,0,30,,19521,77,,,0,70,,19522,77,,,0,30,,19523,77,,,0,71,,19524,77,,,0,31,,19525,77,,,0,71,,19526,77,,,0,30,,19527,77,,,0,70,,19528,77,,,0,30,,19529,77,,,0,70,,19530,77,,,0,30,,19531,77,,,0,70,,19532,77,,,0,30,,19533,77,,,0,68,,19534,77,,,0,28,,19535,77,,,0,69,,19536,77,,,0,30,,19537,77,,,0,25,,19538,77,,,0,65,,19539,77,,,0,29,,19540,77,,,0,70,,19541,77,,,0,30,,19542,77,,,0,70,,19543,77,,,0,30,,19544,77,,,0,70,,19545,77,,,0,30,,19546,77,,,0,70,,19547,77,,,0,100,,19548,77,,,0
801,'259.0.2',623,,19549,77,,,0,30,,19550,77,,,0,70,,19551,77,,,0,30,,19552,77,,,0,70,,19553,77,,,0,30,,19554,77,,,0,72,,19555,77,,,0,75,,19556,77,,,0,30,,19557,77,,,0,72,,19558,77,,,0,33,,19559,77,,,0,70,,19560,77,,,0,30,,19561,77,,,0,70,,19562,77,,,0,30,,19563,77,,,0,70,,19564,77,,,0,30,,19565,77,,,0,70,,19566,77,,,0,30,,19567,77,,,0,70,,19568,77,,,0,30,,19569,77,,,0,70,,19570,77,,,0,30,,19571,77,,,0,70,,19572,77,,,0,26,,19573,77,,,0,28,,19574,77,,,0,70,,19575,77,,,0,30,,19576,77,,,0,70,,19577,77,,,0,30,,19578,77,,,0,65,,19579,77,,,0,27,,19580,77,,,0,70,,19581,77,,,0,30,,19582,77,,,0,100,,19583,77,,,0,100,,19584,77,,,0
801,'259.0.3',612,,19585,77,,,0,30,,19586,77,,,0,72,,19587,77,,,0,24,,19588,77,,,0,70,,19589,77,,,0,20,,19590,77,,,0,20,,19591,77,,,0,60,,19592,77,,,0,16,,19593,77,,,0,16,,19594,77,,,0,17,,19595,77,,,0,60,,19596,77,,,0,20,,19597,77,,,0,20,,19598,77,,,0,60,,19599,77,,,0,20,,19600,77,,,0,20,,19601,77,,,0,60,,19602,77,,,0,20,,19603,77,,,0,20,,19604,77,,,0,60,,19605,77,,,0,20,,19606,77,,,0,20,,19607,77,,,0,60,,19608,77,,,0,20,,19609,77,,,0,20,,19610,77,,,0,63,,19611,77,,,0,20,,19612,77,,,0,63,,19613,77,,,0,33,,19614,77,,,0,70,,19615,77,,,0,30,,19616,77,,,0,70,,19617,77,,,0,20,,19618,77,,,0,25,,19619,77,,,0,68,,19620,77,,,0,30,,19621,77,,,0,70,,19622,77,,,0,30,,19623,77,,,0,69,,19624,77,,,0,26,,19625,77,,,0,69,,19626,77,,,0,30,,19627,77,,,0,70,,19628,77,,,0,30,,19629,77,,,0,70,,19630,77,,,0,30,,19631,77,,,0,70,,19632,77,,,0
12300,'259.0.3',642,,23700,36,,,0,70,,23702,36,,,0,110,,23703,36,,,0,29,,23704,36,,,0,66,,23701,36,,,0
12300,'259.1141.3',749,,23705,36,,,0
12300,'259.1143.3',749,,23706,36,,,0
12700,'259.0.3',644,,23720,26,,,0,58,,23721,26,,,0,22,,23722,26,,,0,11,,23723,26,,,0,9,,23724,26,,,0,60,,23725,26,,,0,15,,23726,26,,,0,15,,23727,26,,,0,5,,23728,26,,,0
18200,'259.0.3',1453,,23847,3,,,0,55,,23848,3,,,0,15,,23849,3,,,0,15,,23850,3,,,0,14,,23851,3,,,0,55,,23852,3,,,0,14,,23853,3,,,0,15,,23854,3,,,0,15,,23855,3,,,0,58,,23856,3,,,0,15,,23857,3,,,0,15,,23858,3,,,0,15,,23860,3,,,0,54,,23859,3,,,0,16,,23861,3,,,0
18300,'259.0.3',1457,,23875,3,,,0,70,,23876,3,,,0,31,,23877,3,,,0,70,,23878,3,,,0,30,,23879,3,,,0,69,,23880,3,,,0,29,,23881,3,,,0
18500,'259.0.3',1505,,23888,3,,,0,15,,23889,3,,,0,15,,23890,3,,,0,16,,23891,3,,,0,55,,23892,3,,,0,15,,23893,3,,,0,15,,23894,3,,,0,15,,23895,3,,,0,54,,23896,3,,,0,14,,23899,3,,,0,15,,23897,3,,,0,15,,23900,3,,,0,55,,23898,3,,,0,15,,23901,3,,,0
18600,'259.0.3',1512,,23914,3,,,0,31,,23915,3,,,0,70,,23916,3,,,0,30,,23919,3,,,0,69,,23917,3,,,0,29,,23918,3,,,0
19200,'259.0.3',1515,,23926,3,,,0,30,,23927,3,,,0,70,,23928,3,,,0,30,,23929,3,,,0,70,,23930,3,,,0,30,,23931,3,,,0
19401,'259.0.3',1536,,23942,3,,,0,70,,23943,3,,,0,30,,23944,3,,,0,70,,23945,3,,,0
19600,'259.0.3',1538,,23946,3,,,0,70,,23947,3,,,0,30,,23948,3,,,0,71,,23949,3,,,0
1000901,'259.0.1',718,,24620,51,,,0,100,,24621,51,,,0,103,,24622,51,,,0,100,,24623,51,,,0,100,,24624,51,,,0,100,,24625,51,,,0,100,,24626,51,,,0,100,,24627,51,,,0,100,,24628,51,,,0,100,,24629,51,,,0,100,,24630,51,,,0,96,,24631,51,,,0,100,,24632,51,,,0,100,,24633,51,,,0,97,,24634,51,,,0,100,,24635,51,,,0,100,,24636,51,,,0,100,,24637,51,,,0
1000901,'259.0.2',712,,24638,51,,,0,98,,24639,51,,,0,105,,24640,51,,,0,100,,24641,51,,,0,103,,24642,51,,,0,100,,24643,51,,,0,100,,24644,51,,,0,100,,24645,51,,,0,100,,24646,51,,,0,100,,24647,51,,,0,100,,24648,51,,,0,100,,24649,51,,,0,100,,24650,51,,,0,97,,24651,51,,,0,96,,24652,51,,,0,100,,24653,51,,,0,99,,24654,51,,,0,99,,24655,51,,,0
1000901,'259.0.3',602,,24656,51,,,0,27,,24657,51,,,0,25,,24658,51,,,0,50,,24659,51,,,0,6,,24660,51,,,0,17,,24661,51,,,0,23,,24662,51,,,0,5,,24663,51,,,0,55,,24664,51,,,0,10,,24665,51,,,0,20,,24666,51,,,0,10,,24667,51,,,0,59,,24668,51,,,0,9,,24669,51,,,0,8,,24670,51,,,0,10,,24671,51,,,0,65,,24672,51,,,0,15,,24673,51,,,0,15,,24674,51,,,0,70,,24675,51,,,0,15,,24676,51,,,0,15,,24677,51,,,0,70,,24678,51,,,0,15,,24679,51,,,0,15,,24680,51,,,0,70,,24681,51,,,0,15,,24682,51,,,0,15,,24683,51,,,0,70,,24684,51,,,0,15,,24685,51,,,0,15,,24686,51,,,0,70,,24687,51,,,0,17,,24688,51,,,0,15,,24689,51,,,0,69,,24690,51,,,0,25,,24691,51,,,0,5,,24692,51,,,0,25,,24693,51,,,0,50,,24694,51,,,0,20,,24695,51,,,0,10,,24696,51,,,0,20,,24697,51,,,0,50,,24698,51,,,0,18,,24699,51,,,0,9,,24700,51,,,0,17,,24701,51,,,0,50,,24702,51,,,0,25,,24703,51,,,0,30,,24704,51,,,0,71,,24705,51,,,0,29,,24706,51,,,0,68,,24707,51,,,0,25,,24708,51,,,0,70,,24709,51,,,0,35,,24710,51,,,0,60,,24711,51,,,0,40,,24712,51,,,0,60,,24713,51,,,0,40,,24714,51,,,0,60,,24715,51,,,0
1001000,'259.0.3',629,,24716,12,,,0,19,,24717,12,,,0,59,,24718,12,,,0,28,,24719,12,,,0,18,,24720,12,,,0,59,,24721,12,,,0,20,,24722,12,,,0,20,,24723,12,,,0,60,,24724,12,,,0,500,,24725,12,,,0,19,,24726,12,,,0,20,,24727,12,,,0,60,,24728,12,,,0,20,,24729,12,,,0,22,,24730,12,,,0,60,,24731,12,,,0,20,,24732,12,,,0,20,,24733,12,,,0,50,,24734,12,,,0,29,,24735,12,,,0,20,,24736,12,,,0,60,,24737,12,,,0,18,,24738,12,,,0
2000901,'259.0.1',648,,25643,67,,,0,100,,25644,67,,,0,99,,25645,67,,,0,104,,25646,67,,,0,100,,25647,67,,,0,100,,25648,67,,,0,100,,25649,67,,,0,100,,25650,67,,,0,100,,25651,67,,,0,100,,25652,67,,,0,100,,25653,67,,,0,100,,25654,67,,,0,96,,25655,67,,,0,100,,25656,67,,,0,97,,25657,67,,,0,100,,25658,67,,,0,100,,25659,67,,,0,100,,25660,67,,,0,100,,25661,67,,,0
2000901,'259.0.2',642,,25662,67,,,0,100,,25663,67,,,0,98,,25664,67,,,0,105,,25665,67,,,0,100,,25666,67,,,0,103,,25667,67,,,0,100,,25668,67,,,0,100,,25669,67,,,0,100,,25670,67,,,0,100,,25671,67,,,0,100,,25672,67,,,0,100,,25673,67,,,0,100,,25674,67,,,0,100,,25675,67,,,0,93,,25676,67,,,0,100,,25677,67,,,0,100,,25678,67,,,0,97,,25679,67,,,0,100,,25680,67,,,0
2000901,'259.0.3',614,,25681,67,,,0,30,,25682,67,,,0,71,,25683,67,,,0,85,,25684,67,,,0,30,,25685,67,,,0,29,,25686,67,,,0,58,,25687,67,,,0,29,,25688,67,,,0,100,,25689,67,,,0,100,,25690,67,,,0,100,,25691,67,,,0,100,,25692,67,,,0,100,,25693,67,,,0,101,,25694,67,,,0,70,,25695,67,,,0,30,,25696,67,,,0,70,,25697,67,,,0,30,,25698,67,,,0,70,,25699,67,,,0,25,,25700,67,,,0,69,,25701,67,,,0,30,,25702,67,,,0,70,,25703,67,,,0,30,,25704,67,,,0,70,,25705,67,,,0,26,,25706,67,,,0,22,,25707,67,,,0,70,,25708,67,,,0,100,,25709,67,,,0,100,,25710,67,,,0
2001000,'259.0.1',639,,25713,12,,,0,85,,25714,12,,,0,30,,25715,12,,,0,70,,25716,12,,,0,30,,25717,12,,,0,70,,25718,12,,,0,31,,25719,12,,,0,70,,25720,12,,,0,30,,25721,12,,,0,71,,25722,12,,,0,30,,25723,12,,,0,70,,25724,12,,,0,30,,25725,12,,,0,70,,25726,12,,,0,30,,25727,12,,,0,70,,25728,12,,,0,30,,25729,12,,,0,70,,25730,12,,,0,30,,25731,12,,,0,70,,25732,12,,,0,30,,25733,12,,,0,70,,25734,12,,,0,30,,25735,12,,,0,70,,25736,12,,,0,29,,25737,12,,,0,70,,25738,12,,,0,30,,25739,12,,,0,85,,25740,12,,,0,99,,25741,12,,,0,100,,25742,12,,,0,100,,25743,12,,,0
2001000,'259.0.2',639,,25744,12,,,0,115,,25745,12,,,0,70,,25746,12,,,0,30,,25747,12,,,0,70,,25748,12,,,0,31,,25749,12,,,0,70,,25750,12,,,0,30,,25751,12,,,0,70,,25752,12,,,0,30,,25753,12,,,0,70,,25754,12,,,0,30,,25755,12,,,0,70,,25756,12,,,0,30,,25757,12,,,0,70,,25758,12,,,0,30,,25759,12,,,0,70,,25760,12,,,0,30,,25761,12,,,0,70,,25762,12,,,0,30,,25763,12,,,0,70,,25764,12,,,0,30,,25765,12,,,0,85,,25766,12,,,0,99,,25767,12,,,0,100,,25768,12,,,0,100,,25769,12,,,0,100,,25770,12,,,0,100,,25771,12,,,0,100,,25772,12,,,0
2001000,'259.0.3',551,,25773,12,,,0,91,,25774,12,,,0,60,,25775,12,,,0,20,,25776,12,,,0,20,,25777,12,,,0,62,,25778,12,,,0,21,,25779,12,,,0,20,,25780,12,,,0,60,,25781,12,,,0,37,,25782,12,,,0,70,,25783,12,,,0,30,,25784,12,,,0,70,,25785,12,,,0,30,,25786,12,,,0,70,,25787,12,,,0,30,,25788,12,,,0,70,,25789,12,,,0,30,,25790,12,,,0,65,,25791,12,,,0,17,,25792,12,,,0,20,,25793,12,,,0,60,,25794,12,,,0,20,,25795,12,,,0,22,,25796,12,,,0,60,,25797,12,,,0,20,,25798,12,,,0,20,,25799,12,,,0,60,,25800,12,,,0,19,,25801,12,,,0,20,,25802,12,,,0,60,,25803,12,,,0,18,,25804,12,,,0,23,,25805,12,,,0,60,,25806,12,,,0,24,,25807,12,,,0,70,,25808,12,,,0,30,,25809,12,,,0,70,,25810,12,,,0,30,,25811,12,,,0
3001000,'259.0.1',609,,26275,12,,,0,100,,26276,12,,,0,30,,26277,12,,,0,70,,26278,12,,,0,30,,26279,12,,,0,70,,26280,12,,,0,31,,26281,12,,,0,70,,26282,12,,,0,30,,26283,12,,,0,70,,26284,12,,,0,31,,26285,12,,,0,70,,26286,12,,,0,30,,26287,12,,,0,70,,26288,12,,,0,30,,26289,12,,,0,70,,26290,12,,,0,30,,26291,12,,,0,70,,26292,12,,,0,30,,26293,12,,,0,70,,26294,12,,,0,30,,26295,12,,,0,70,,26296,12,,,0,30,,26297,12,,,0,70,,26298,12,,,0,29,,26299,12,,,0,70,,26300,12,,,0,100,,26301,12,,,0,100,,26302,12,,,0,99,,26303,12,,,0,100,,26304,12,,,0,100,,26305,12,,,0
3001000,'259.0.2',609,,26307,12,,,0,100,,26308,12,,,0,30,,26309,12,,,0,70,,26310,12,,,0,30,,26311,12,,,0,70,,26312,12,,,0,30,,26313,12,,,0,71,,26314,12,,,0,30,,26315,12,,,0,70,,26316,12,,,0,30,,26317,12,,,0,70,,26318,12,,,0,30,,26319,12,,,0,70,,26320,12,,,0,30,,26321,12,,,0,70,,26322,12,,,0,30,,26323,12,,,0,70,,26324,12,,,0,30,,26325,12,,,0,70,,26326,12,,,0,30,,26327,12,,,0,70,,26328,12,,,0,30,,26329,12,,,0,70,,26330,12,,,0,100,,26331,12,,,0,99,,26332,12,,,0,100,,26333,12,,,0,100,,26334,12,,,0,100,,26335,12,,,0
3001000,'259.0.3',556,,26339,12,,,0,59,,26340,12,,,0,20,,26341,12,,,0,19,,26342,12,,,0,58,,26343,12,,,0,17,,26344,12,,,0,18,,26345,12,,,0,72,,26346,12,,,0,20,,26347,12,,,0,20,,26348,12,,,0,68,,26349,12,,,0,30,,26350,12,,,0,70,,26351,12,,,0,30,,26352,12,,,0,70,,26353,12,,,0,30,,26354,12,,,0,70,,26355,12,,,0,30,,26356,12,,,0,70,,26357,12,,,0,30,,26358,12,,,0,60,,26359,12,,,0,20,,26360,12,,,0,20,,26361,12,,,0,60,,26362,12,,,0,20,,26363,12,,,0,22,,26364,12,,,0,60,,26365,12,,,0,20,,26366,12,,,0,20,,26367,12,,,0,59,,26368,12,,,0,20,,26369,12,,,0,20,,26370,12,,,0,58,,26371,12,,,0,20,,26372,12,,,0,20,,26373,12,,,0,59,,26374,12,,,0,30,,26375,12,,,0,70,,26376,12,,,0,30,,26377,12,,,0,70,,26378,12,,,0,30,,26379,12,,,0,68,,26380,12,,,0,30,,26381,12,,,0,70,,26382,12,,,0,30,,26383,12,,,0,70,,26384,12,,,0
