301,'244.0.1',657,,9812,62,,,0,100,,9813,62,,,0,100,,9814,62,,,0,70,,9815,62,,,0,30,,9816,62,,,0,70,,9817,62,,,0,74,,9818,62,,,0,34,,9819,62,,,0,70,,9820,62,,,0,30,,9821,62,,,0,70,,9822,62,,,0,30,,9823,62,,,0,70,,9824,62,,,0,30,,9825,62,,,0,70,,9826,62,,,0,30,,9827,62,,,0,70,,9828,62,,,0,30,,9829,62,,,0,70,,9830,62,,,0,30,,9831,62,,,0,70,,9832,62,,,0,27,,9833,62,,,0,26,,9834,62,,,0,70,,9835,62,,,0,30,,9836,62,,,0,70,,9837,62,,,0,30,,9838,62,,,0,70,,9839,62,,,0,30,,9840,62,,,0,70,,9841,62,,,0,30,,9842,62,,,0,70,,9843,62,,,0,30,,9844,62,,,0,70,,9845,62,,,0,30,,9846,62,,,0,70,,9847,62,,,0
301,'244.0.2',653,,9848,62,,,0,100,,9849,62,,,0,100,,9850,62,,,0,70,,9851,62,,,0,30,,9852,62,,,0,60,,9853,62,,,0,20,,9854,62,,,0,25,,9855,62,,,0,62,,9856,62,,,0,20,,9857,62,,,0,60,,9858,62,,,0,20,,9859,62,,,0,20,,9860,62,,,0,60,,9861,62,,,0,20,,9862,62,,,0,20,,9863,62,,,0,60,,9864,62,,,0,20,,9865,62,,,0,20,,9866,62,,,0,60,,9867,62,,,0,20,,9868,62,,,0,20,,9869,62,,,0,60,,9870,62,,,0,20,,9871,62,,,0,20,,9872,62,,,0,60,,9873,62,,,0,20,,9874,62,,,0,20,,9875,62,,,0,60,,9876,62,,,0,20,,9877,62,,,0,20,,9878,62,,,0,60,,9879,62,,,0,30,,9880,62,,,0,70,,9881,62,,,0,30,,9882,62,,,0,70,,9883,62,,,0,26,,9884,62,,,0,27,,9885,62,,,0,70,,9886,62,,,0,30,,9887,62,,,0,70,,9888,62,,,0,30,,9889,62,,,0,70,,9890,62,,,0,30,,9891,62,,,0
301,'244.0.3',633,,9892,62,,,0,70,,9893,62,,,0,15,,9894,62,,,0,15,,9895,62,,,0,14,,9896,62,,,0,57,,9897,62,,,0,19,,9898,62,,,0,18,,9899,62,,,0,15,,9900,62,,,0,55,,9901,62,,,0,15,,9902,62,,,0,16,,9903,62,,,0,15,,9904,62,,,0,53,,9905,62,,,0,16,,9906,62,,,0,20,,9907,62,,,0,60,,9908,62,,,0,20,,9909,62,,,0,20,,9910,62,,,0,60,,9911,62,,,0,20,,9912,62,,,0,20,,9913,62,,,0,60,,9914,62,,,0,20,,9915,62,,,0,20,,9916,62,,,0,60,,9917,62,,,0,20,,9918,62,,,0,20,,9919,62,,,0,61,,9920,62,,,0,24,,9921,62,,,0,25,,9922,62,,,0,62,,9923,62,,,0,15,,9924,62,,,0,15,,9925,62,,,0,55,,9926,62,,,0,15,,9927,62,,,0,15,,9928,62,,,0,15,,9929,62,,,0,53,,9930,62,,,0,12,,9931,62,,,0,11,,9932,62,,,0,11,,9933,62,,,0,13,,9934,62,,,0,54,,9935,62,,,0,15,,9936,62,,,0,15,,9937,62,,,0,20,,9938,62,,,0,60,,9939,62,,,0,20,,9940,62,,,0,20,,9941,62,,,0,60,,9942,62,,,0,20,,9943,62,,,0,20,,9944,62,,,0,50,,9945,62,,,0,28,,9946,62,,,0,25,,9947,62,,,0,67,,9948,62,,,0,30,,9949,62,,,0,73,,9950,62,,,0,30,,9951,62,,,0,70,,9952,62,,,0
5600,'244.0.1',632,,12468,32,,,0,70,,12469,32,,,0,30,,12470,32,,,0,70,,12471,32,,,0,30,,12472,32,,,0,70,,12473,32,,,0,30,,12474,32,,,0,70,,12475,32,,,0,34,,12476,32,,,0,69,,12477,32,,,0,30,,12478,32,,,0,70,,12479,32,,,0,33,,12480,32,,,0,70,,12481,32,,,0,30,,12482,32,,,0,70,,12483,32,,,0,30,,12484,32,,,0,70,,12485,32,,,0,30,,12486,32,,,0,70,,12487,32,,,0,28,,12488,32,,,0,70,,12489,32,,,0,30,,12490,32,,,0,70,,12491,32,,,0,27,,12492,32,,,0,71,,12493,32,,,0,30,,12494,32,,,0,70,,12495,32,,,0,30,,12496,32,,,0,70,,12497,32,,,0,30,,12498,32,,,0,70,,12499,32,,,0,30,,12500,32,,,0,70,,12501,32,,,0,30,,12502,32,,,0,70,,12503,32,,,0
5600,'244.0.2',731,,12504,32,,,0,70,,12505,32,,,0,30,,12506,32,,,0,70,,12507,32,,,0,30,,12508,32,,,0,70,,12509,32,,,0,33,,12510,32,,,0,70,,12511,32,,,0,30,,12512,32,,,0,70,,12513,32,,,0,30,,12514,32,,,0,70,,12515,32,,,0,30,,12516,32,,,0,70,,12517,32,,,0,30,,12518,32,,,0,70,,12519,32,,,0,30,,12520,32,,,0,70,,12521,32,,,0,30,,12522,32,,,0,70,,12523,32,,,0,30,,12524,32,,,0,70,,12525,32,,,0,30,,12526,32,,,0,70,,12527,32,,,0,27,,12528,32,,,0,70,,12529,32,,,0,30,,12530,32,,,0,70,,12531,32,,,0,30,,12532,32,,,0,70,,12533,32,,,0,30,,12534,32,,,0
5600,'244.0.3',637,,12535,32,,,0,70,,12536,32,,,0,30,,12537,32,,,0,70,,12538,32,,,0,30,,12539,32,,,0,70,,12540,32,,,0,30,,12541,32,,,0,70,,12542,32,,,0,30,,12543,32,,,0,70,,12544,32,,,0,31,,12545,32,,,0,71,,12546,32,,,0,30,,12547,32,,,0,70,,12548,32,,,0,30,,12549,32,,,0,70,,12550,32,,,0,30,,12551,32,,,0,70,,12552,32,,,0,30,,12553,32,,,0,70,,12554,32,,,0,30,,12555,32,,,0,70,,12556,32,,,0,30,,12557,32,,,0,70,,12558,32,,,0,25,,12559,32,,,0,70,,12560,32,,,0,30,,12561,32,,,0,70,,12562,32,,,0,30,,12563,32,,,0,70,,12564,32,,,0,30,,12565,32,,,0,70,,12566,32,,,0,28,,12567,32,,,0,70,,12568,32,,,0,30,,12569,32,,,0,70,,12570,32,,,0
18200,'244.0.3',1517,,15020,9,,,0,15,,15021,9,,,0,15,,15022,9,,,0,58,,15023,9,,,0,15,,15024,9,,,0,17,,15025,9,,,0,15,,15026,9,,,0,54,,15027,9,,,0,13,,15028,9,,,0,15,,15029,9,,,0,11,,15030,9,,,0,55,,15031,9,,,0,15,,15033,9,,,0,14,,15032,9,,,0,16,,15034,9,,,0
18300,'244.0.3',1521,,15048,9,,,0,31,,15049,9,,,0,75,,15050,9,,,0,32,,15051,9,,,0,65,,15052,9,,,0,24,,15053,9,,,0,69,,15054,9,,,0
18500,'244.0.3',1529,,15061,9,,,0,15,,15062,9,,,0,15,,15063,9,,,0,60,,15064,9,,,0,15,,15065,9,,,0,18,,15066,9,,,0,55,,15067,9,,,0,15,,15068,9,,,0,8,,15069,9,,,0,10,,15072,9,,,0,15,,15070,9,,,0,55,,15073,9,,,0,15,,15071,9,,,0,15,,15074,9,,,0
18600,'244.0.3',1536,,15087,9,,,0,74,,15088,9,,,0,33,,15089,9,,,0,69,,15092,9,,,0,24,,15090,9,,,0,66,,15091,9,,,0
2005100,'244.0.3',621,,17275,31,,,0,30,,17276,31,,,0,70,,17277,31,,,0,29,,17278,31,,,0,70,,17279,31,,,0,30,,17280,31,,,0,669,,17281,31,,,0,32,,17282,31,,,0,70,,17283,31,,,0,30,,17284,31,,,0,70,,17285,31,,,0,30,,17286,31,,,0,68,,17287,31,,,0
