501,'259.0.1',611,,19227,12,,,0,20,,19228,12,,,0,20,,19229,12,,,0,60,,19230,12,,,0,20,,19231,12,,,0,20,,19232,12,,,0,60,,19233,12,,,0,20,,19234,12,,,0,20,,19235,12,,,0,60,,19236,12,,,0,20,,19237,12,,,0,20,,19238,12,,,0,64,,19239,12,,,0,20,,19240,12,,,0,20,,19241,12,,,0,60,,19242,12,,,0,20,,19243,12,,,0,20,,19244,12,,,0,60,,19245,12,,,0,20,,19246,12,,,0,20,,19247,12,,,0,60,,19248,12,,,0,20,,19249,12,,,0,20,,19250,12,,,0,60,,19251,12,,,0,20,,19252,12,,,0,20,,19253,12,,,0,60,,19254,12,,,0,20,,19255,12,,,0,20,,19256,12,,,0,59,,19257,12,,,0,20,,19258,12,,,0,20,,19259,12,,,0,60,,19260,12,,,0,20,,19261,12,,,0,20,,19262,12,,,0,60,,19263,12,,,0,20,,19264,12,,,0,20,,19265,12,,,0,60,,19266,12,,,0,20,,19267,12,,,0,20,,19268,12,,,0,57,,19269,12,,,0,20,,19270,12,,,0,20,,19271,12,,,0,60,,19272,12,,,0,20,,19273,12,,,0,20,,19274,12,,,0,60,,19275,12,,,0,30,,19276,12,,,0,70,,19277,12,,,0,30,,19278,12,,,0,70,,19279,12,,,0,30,,19280,12,,,0
501,'259.0.2',611,,19281,12,,,0,30,,19282,12,,,0,70,,19283,12,,,0,30,,19284,12,,,0,70,,19285,12,,,0,30,,19286,12,,,0,70,,19287,12,,,0,30,,19288,12,,,0,70,,19289,12,,,0,33,,19290,12,,,0,69,,19291,12,,,0,30,,19292,12,,,0,70,,19293,12,,,0,31,,19294,12,,,0,68,,19295,12,,,0,30,,19296,12,,,0,70,,19297,12,,,0,30,,19298,12,,,0,71,,19299,12,,,0,30,,19300,12,,,0,70,,19301,12,,,0,30,,19302,12,,,0,70,,19303,12,,,0,30,,19304,12,,,0,70,,19305,12,,,0,30,,19306,12,,,0,70,,19307,12,,,0,30,,19308,12,,,0,70,,19309,12,,,0,30,,19310,12,,,0,70,,19311,12,,,0,27,,19312,12,,,0,70,,19313,12,,,0,30,,19314,12,,,0,70,,19315,12,,,0,30,,19316,12,,,0
501,'259.0.3',513,,19317,12,,,0,30,,19318,12,,,0,70,,19319,12,,,0,15,,19320,12,,,0,15,,19321,12,,,0,15,,19322,12,,,0,55,,19323,12,,,0,22,,19324,12,,,0,15,,19325,12,,,0,55,,19326,12,,,0,15,,19327,12,,,0,15,,19328,12,,,0,15,,19329,12,,,0,52,,19330,12,,,0,13,,19331,12,,,0,15,,19332,12,,,0,15,,19333,12,,,0,55,,19334,12,,,0,15,,19335,12,,,0,15,,19336,12,,,0,15,,19337,12,,,0,55,,19338,12,,,0,15,,19339,12,,,0,15,,19340,12,,,0,15,,19341,12,,,0,55,,19342,12,,,0,15,,19343,12,,,0,15,,19344,12,,,0,15,,19345,12,,,0,55,,19346,12,,,0,15,,19347,12,,,0,15,,19348,12,,,0,15,,19349,12,,,0,55,,19350,12,,,0,15,,19351,12,,,0,15,,19352,12,,,0,15,,19353,12,,,0,55,,19354,12,,,0,15,,19355,12,,,0,15,,19356,12,,,0,15,,19357,12,,,0,55,,19358,12,,,0,15,,19359,12,,,0,15,,19360,12,,,0,15,,19361,12,,,0,55,,19362,12,,,0,15,,19363,12,,,0,15,,19364,12,,,0,15,,19365,12,,,0,55,,19366,12,,,0,15,,19367,12,,,0,14,,19368,12,,,0,12,,19369,12,,,0,60,,19370,12,,,0,20,,19371,12,,,0,20,,19372,12,,,0,60,,19373,12,,,0,20,,19374,12,,,0,20,,19375,12,,,0,60,,19376,12,,,0,20,,19377,12,,,0,20,,19378,12,,,0,60,,19379,12,,,0,30,,19380,12,,,0,70,,19381,12,,,0,30,,19382,12,,,0,70,,19383,12,,,0,30,,19384,12,,,0
1000600,'259.0.3',530,,24150,13,,,0,70,,24151,13,,,0,30,,24152,13,,,0,70,,24153,13,,,0,31,,24154,13,,,0,70,,24155,13,,,0,30,,24156,13,,,0,70,,24157,13,,,0,30,,24158,13,,,0,17,,24159,13,,,0,70,,24160,13,,,0,30,,24161,13,,,0,70,,24162,13,,,0,30,,24163,13,,,0,70,,24164,13,,,0,30,,24165,13,,,0,70,,24166,13,,,0,30,,24167,13,,,0,70,,24168,13,,,0,30,,24169,13,,,0,70,,24170,13,,,0,15,,24171,13,,,0,70,,24172,13,,,0,30,,24173,13,,,0,69,,24174,13,,,0,30,,24175,13,,,0,69,,24176,13,,,0,30,,24177,13,,,0
2000600,'259.0.1',550,,25112,41,,,0,100,,25113,41,,,0,100,,25114,41,,,0,100,,25115,41,,,0,100,,25116,41,,,0,103,,25117,41,,,0,100,,25118,41,,,0,102,,25119,41,,,0,100,,25120,41,,,0,100,,25121,41,,,0,100,,25122,41,,,0,98,,25123,41,,,0,100,,25124,41,,,0,99,,25125,41,,,0,98,,25126,41,,,0,100,,25127,41,,,0,100,,25128,41,,,0,97,,25129,41,,,0,100,,25130,41,,,0,100,,25131,41,,,0
2000600,'259.0.2',545,,25132,41,,,0,103,,25133,41,,,0,100,,25134,41,,,0,100,,25135,41,,,0,100,,25136,41,,,0,102,,25137,41,,,0,101,,25138,41,,,0,100,,25139,41,,,0,101,,25140,41,,,0,100,,25141,41,,,0,99,,25142,41,,,0,100,,25143,41,,,0,100,,25144,41,,,0,100,,25145,41,,,0,100,,25146,41,,,0,98,,25147,41,,,0,100,,25148,41,,,0,97,,25149,41,,,0,100,,25150,41,,,0,100,,25151,41,,,0
2000600,'259.0.3',558,,25152,41,,,0,51,,25153,41,,,0,26,,25154,43,,,0,71,,25155,43,,,0,32,,25156,43,,,0,72,,25157,43,,,0,29,,25158,43,,,0,70,,25159,43,,,0,30,,25160,43,,,0,65,,25161,43,,,0,100,,25162,43,,,0,100,,25163,43,,,0,101,,25164,43,,,0,100,,25165,43,,,0,100,,25166,43,,,0,105,,25167,43,,,0,30,,25168,43,,,0,68,,25169,43,,,0,30,,25170,43,,,0,69,,25171,43,,,0,29,,25172,43,,,0,69,,25173,43,,,0,96,,25174,43,,,0,100,,25175,43,,,0,58,,25176,41,,,0,97,,25177,41,,,0,100,,25178,41,,,0,100,,25179,41,,,0
3000600,'259.0.1',621,,26140,41,,,0,103,,26141,41,,,0,100,,26142,41,,,0,102,,26143,41,,,0,101,,26144,41,,,0,101,,26145,41,,,0,100,,26146,41,,,0,102,,26147,41,,,0,100,,26148,41,,,0,100,,26149,41,,,0,98,,26150,41,,,0,100,,26151,41,,,0,99,,26152,41,,,0,100,,26153,41,,,0,98,,26154,41,,,0,98,,26155,41,,,0,99,,26156,41,,,0,100,,26157,41,,,0,100,,26158,41,,,0,100,,26159,41,,,0
3000600,'259.0.2',620,,26160,41,,,0,103,,26161,41,,,0,100,,26162,41,,,0,100,,26163,41,,,0,100,,26164,41,,,0,102,,26165,41,,,0,102,,26166,41,,,0,101,,26167,41,,,0,100,,26168,41,,,0,100,,26169,41,,,0,98,,26170,41,,,0,100,,26171,41,,,0,100,,26172,41,,,0,100,,26173,41,,,0,100,,26174,41,,,0,98,,26175,41,,,0,98,,26176,41,,,0,100,,26177,41,,,0,100,,26178,41,,,0,100,,26179,41,,,0
3000600,'259.0.3',624,,26180,43,,,0,30,,26181,43,,,0,70,,26182,43,,,0,30,,26183,43,,,0,70,,26184,43,,,0,30,,26185,43,,,0,73,,26186,43,,,0,30,,26187,43,,,0,81,,26188,43,,,0,100,,26189,43,,,0,100,,26190,43,,,0,101,,26191,43,,,0,100,,26192,43,,,0,100,,26193,43,,,0,90,,26194,43,,,0,28,,26195,43,,,0,70,,26196,43,,,0,30,,26197,43,,,0,68,,26198,43,,,0,27,,26199,43,,,0,69,,26200,43,,,0,116,,26201,43,,,0,100,,26202,43,,,0,100,,26203,43,,,0,95,,26204,41,,,0,100,,26205,41,,,0,100,,26206,41,,,0
