200,'244.0.1',628,,9338,30,,,0,100,,9339,30,,,0,100,,9340,30,,,0,15,,9341,30,,,0,15,,9342,30,,,0,55,,9343,30,,,0,15,,9344,30,,,0,15,,9345,30,,,0,15,,9346,30,,,0,55,,9347,30,,,0,15,,9348,30,,,0,15,,9349,30,,,0,16,,9350,30,,,0,56,,9351,30,,,0,15,,9352,30,,,0,15,,9353,30,,,0,55,,9354,30,,,0,15,,9355,30,,,0,15,,9356,30,,,0,15,,9357,30,,,0,55,,9358,30,,,0,15,,9359,30,,,0,15,,9360,30,,,0,15,,9361,30,,,0,55,,9362,30,,,0,15,,9363,30,,,0,15,,9364,30,,,0,15,,9365,30,,,0,55,,9366,30,,,0,15,,9367,30,,,0,15,,9368,30,,,0,15,,9369,30,,,0,55,,9370,30,,,0,15,,9371,30,,,0,15,,9372,30,,,0,15,,9373,30,,,0,55,,9374,30,,,0,15,,9375,30,,,0,15,,9376,30,,,0,15,,9377,30,,,0,55,,9378,30,,,0,15,,9379,30,,,0,15,,9380,30,,,0,15,,9381,30,,,0,55,,9382,30,,,0,15,,9383,30,,,0,15,,9384,30,,,0,15,,9385,30,,,0,70,,9386,30,,,0,30,,9387,30,,,0,69,,9388,30,,,0,29,,9389,30,,,0,70,,9390,30,,,0,30,,9391,30,,,0,70,,9392,30,,,0,30,,9393,30,,,0,70,,9394,30,,,0,30,,9395,30,,,0
200,'244.0.2',615,,9396,30,,,0,100,,9397,30,,,0,100,,9398,30,,,0,30,,9399,30,,,0,60,,9400,30,,,0,20,,9401,30,,,0,20,,9402,30,,,0,60,,9403,30,,,0,20,,9404,30,,,0,20,,9405,30,,,0,64,,9406,30,,,0,20,,9407,30,,,0,20,,9408,30,,,0,60,,9409,30,,,0,20,,9410,30,,,0,20,,9411,30,,,0,60,,9412,30,,,0,20,,9413,30,,,0,20,,9414,30,,,0,60,,9415,30,,,0,20,,9416,30,,,0,20,,9417,30,,,0,60,,9418,30,,,0,20,,9419,30,,,0,20,,9420,30,,,0,60,,9421,30,,,0,20,,9422,30,,,0,20,,9423,30,,,0,60,,9424,30,,,0,20,,9425,30,,,0,20,,9426,30,,,0,60,,9427,30,,,0,20,,9428,30,,,0,25,,9429,30,,,0,70,,9430,30,,,0,30,,9431,30,,,0,70,,9432,30,,,0,30,,9433,30,,,0,70,,9434,30,,,0,30,,9435,30,,,0,70,,9436,30,,,0,30,,9437,30,,,0,70,,9438,30,,,0,30,,9439,30,,,0,70,,9440,30,,,0
200,'244.0.3',558,,9441,30,,,0,70,,9442,30,,,0,30,,9443,30,,,0,55,,9444,30,,,0,15,,9445,30,,,0,17,,9446,30,,,0,57,,9447,30,,,0,15,,9448,30,,,0,15,,9449,30,,,0,15,,9450,30,,,0,55,,9451,30,,,0,14,,9452,30,,,0,14,,9453,30,,,0,15,,9454,30,,,0,55,,9455,30,,,0,15,,9456,30,,,0,15,,9457,30,,,0,15,,9458,30,,,0,55,,9459,30,,,0,15,,9460,30,,,0,15,,9461,30,,,0,15,,9462,30,,,0,55,,9463,30,,,0,16,,9464,30,,,0,17,,9465,30,,,0,15,,9466,30,,,0,55,,9467,30,,,0,15,,9468,30,,,0,15,,9469,30,,,0,15,,9470,30,,,0,55,,9471,30,,,0,15,,9472,30,,,0,15,,9473,30,,,0,15,,9474,30,,,0,55,,9475,30,,,0,15,,9476,30,,,0,19,,9477,30,,,0,17,,9478,30,,,0,55,,9479,30,,,0,15,,9480,30,,,0,15,,9481,30,,,0,15,,9482,30,,,0,55,,9483,30,,,0,15,,9484,30,,,0,15,,9485,30,,,0,14,,9486,30,,,0,50,,9487,30,,,0,11,,9488,30,,,0,15,,9489,30,,,0,15,,9490,30,,,0,15,,9491,30,,,0,55,,9492,30,,,0,30,,9493,30,,,0,70,,9494,30,,,0,30,,9495,30,,,0,70,,9496,30,,,0,30,,9497,30,,,0,70,,9498,30,,,0,30,,9499,30,,,0,70,,9500,30,,,0,30,,9501,30,,,0,70,,9502,30,,,0,30,,9503,30,,,0
300,'244.0.1',701,,9670,51,,,0,100,,9671,51,,,0,100,,9672,51,,,0,30,,9673,51,,,0,70,,9674,51,,,0,30,,9675,51,,,0,70,,9676,51,,,0,30,,9677,51,,,0,70,,9678,51,,,0,32,,9679,51,,,0,70,,9680,51,,,0,30,,9681,51,,,0,70,,9682,51,,,0,30,,9683,51,,,0,70,,9684,51,,,0,30,,9685,51,,,0,70,,9686,51,,,0,30,,9687,51,,,0,70,,9688,51,,,0,30,,9689,51,,,0,70,,9690,51,,,0,30,,9691,51,,,0,70,,9692,51,,,0,26,,9693,51,,,0,29,,9694,51,,,0,70,,9695,51,,,0,30,,9696,51,,,0,70,,9697,51,,,0,30,,9698,51,,,0,70,,9699,51,,,0,30,,9700,51,,,0,70,,9701,51,,,0,30,,9702,51,,,0,70,,9703,51,,,0,30,,9704,51,,,0,60,,9705,51,,,0
300,'244.0.2',641,,9706,51,,,0,100,,9707,51,,,0,100,,9708,51,,,0,70,,9709,51,,,0,30,,9710,51,,,0,67,,9711,51,,,0,20,,9712,51,,,0,20,,9713,51,,,0,62,,9714,51,,,0,24,,9715,51,,,0,20,,9716,51,,,0,60,,9717,51,,,0,20,,9718,51,,,0,20,,9719,51,,,0,60,,9720,51,,,0,20,,9721,51,,,0,20,,9722,51,,,0,60,,9723,51,,,0,20,,9724,51,,,0,20,,9725,51,,,0,60,,9726,51,,,0,20,,9727,51,,,0,20,,9728,51,,,0,60,,9729,51,,,0,20,,9730,51,,,0,20,,9731,51,,,0,60,,9732,51,,,0,20,,9733,51,,,0,20,,9734,51,,,0,57,,9735,51,,,0,17,,9736,51,,,0,19,,9737,51,,,0,70,,9738,51,,,0,30,,9739,51,,,0,70,,9740,51,,,0,30,,9741,51,,,0,70,,9742,51,,,0,30,,9743,51,,,0,70,,9744,51,,,0,23,,9745,51,,,0,70,,9746,51,,,0,30,,9747,51,,,0,70,,9748,51,,,0,30,,9749,51,,,0
300,'244.0.3',616,,9750,51,,,0,30,,9751,51,,,0,55,,9752,51,,,0,15,,9753,51,,,0,15,,9754,51,,,0,20,,9755,51,,,0,57,,9756,51,,,0,19,,9757,51,,,0,15,,9758,51,,,0,13,,9759,51,,,0,54,,9760,51,,,0,15,,9761,51,,,0,15,,9762,51,,,0,15,,9763,51,,,0,60,,9764,51,,,0,20,,9765,51,,,0,20,,9766,51,,,0,60,,9767,51,,,0,20,,9768,51,,,0,20,,9769,51,,,0,60,,9770,51,,,0,20,,9771,51,,,0,20,,9772,51,,,0,60,,9773,51,,,0,20,,9774,51,,,0,20,,9775,51,,,0,60,,9776,51,,,0,20,,9777,51,,,0,20,,9778,51,,,0,60,,9779,51,,,0,20,,9780,51,,,0,10,,9781,51,,,0,13,,9782,51,,,0,61,,9783,51,,,0,15,,9784,51,,,0,15,,9785,51,,,0,55,,9786,51,,,0,15,,9787,51,,,0,15,,9788,51,,,0,14,,9789,51,,,0,53,,9790,51,,,0,13,,9791,51,,,0,13,,9792,51,,,0,13,,9793,51,,,0,15,,9794,51,,,0,53,,9795,51,,,0,7,,9796,51,,,0,17,,9797,51,,,0,20,,9798,51,,,0,60,,9799,51,,,0,20,,9800,51,,,0,20,,9801,51,,,0,60,,9802,51,,,0,20,,9803,51,,,0,10,,9804,51,,,0,70,,9805,51,,,0,30,,9806,51,,,0,70,,9807,51,,,0,30,,9808,51,,,0,70,,9809,51,,,0,30,,9810,51,,,0,70,,9811,51,,,0
400,'244.0.1',613,,9953,29,,,0,100,,9954,29,,,0,100,,9955,29,,,0,30,,9956,29,,,0,70,,9957,29,,,0,32,,9958,29,,,0,72,,9959,29,,,0,30,,9960,29,,,0,70,,9961,29,,,0,30,,9962,29,,,0,70,,9963,29,,,0,30,,9964,29,,,0,70,,9965,29,,,0,30,,9966,29,,,0,70,,9967,29,,,0,30,,9968,29,,,0,70,,9969,29,,,0,30,,9970,29,,,0,70,,9971,29,,,0,30,,9972,29,,,0,70,,9973,29,,,0,30,,9974,29,,,0,70,,9975,29,,,0,30,,9976,29,,,0,70,,9977,29,,,0,30,,9978,29,,,0,70,,9979,29,,,0,30,,9980,29,,,0,68,,9981,29,,,0,28,,9982,29,,,0,70,,9983,29,,,0,100,,9984,29,,,0,100,,9985,29,,,0
400,'244.0.2',707,,9986,29,,,0,30,,9987,29,,,0,70,,9988,29,,,0,30,,9989,29,,,0,70,,9990,29,,,0,30,,9991,29,,,0,70,,9992,29,,,0,30,,9993,29,,,0,70,,9994,29,,,0,32,,9995,29,,,0,72,,9996,29,,,0,30,,9997,29,,,0,70,,9998,29,,,0,30,,9999,29,,,0,70,,10000,29,,,0,30,,10001,29,,,0,70,,10002,29,,,0,30,,10003,29,,,0,70,,10004,29,,,0,30,,10005,29,,,0,70,,10006,29,,,0,30,,10007,29,,,0,69,,10008,29,,,0,28,,10009,29,,,0,70,,10010,29,,,0,30,,10011,29,,,0,70,,10012,29,,,0,100,,10013,29,,,0,100,,10014,29,,,0,100,,10015,29,,,0,100,,10016,29,,,0
400,'244.0.3',623,,10017,29,,,0,20,,10018,29,,,0,60,,10019,29,,,0,20,,10020,29,,,0,17,,10021,29,,,0,18,,10022,29,,,0,55,,10023,29,,,0,15,,10024,29,,,0,15,,10025,29,,,0,15,,10026,29,,,0,55,,10027,29,,,0,15,,10028,29,,,0,15,,10029,29,,,0,15,,10030,29,,,0,55,,10031,29,,,0,15,,10032,29,,,0,15,,10033,29,,,0,15,,10034,29,,,0,55,,10035,29,,,0,15,,10036,29,,,0,15,,10037,29,,,0,57,,10038,29,,,0,15,,10039,29,,,0,15,,10040,29,,,0,15,,10041,29,,,0,55,,10042,29,,,0,15,,10043,29,,,0,15,,10044,29,,,0,10,,10045,29,,,0,10,,10046,29,,,0,50,,10047,29,,,0,10,,10048,29,,,0,10,,10049,29,,,0,10,,10050,29,,,0,8,,10051,29,,,0,8,,10052,29,,,0,8,,10053,29,,,0,49,,10054,29,,,0,9,,10055,29,,,0,8,,10056,29,,,0,9,,10057,29,,,0,8,,10058,29,,,0,8,,10059,29,,,0,8,,10060,29,,,0,48,,10061,29,,,0,8,,10062,29,,,0,8,,10063,29,,,0,8,,10064,29,,,0,8,,10065,29,,,0,8,,10066,29,,,0,8,,10067,29,,,0,8,,10068,29,,,0,48,,10069,29,,,0,8,,10070,29,,,0,16,,10071,29,,,0,8,,10072,29,,,0,8,,10073,29,,,0,8,,10074,29,,,0,48,,10075,29,,,0,6,,10076,29,,,0,8,,10077,29,,,0,13,,10078,29,,,0,15,,10079,29,,,0,15,,10080,29,,,0,60,,10081,29,,,0,20,,10082,29,,,0,20,,10083,29,,,0,60,,10084,29,,,0,20,,10085,29,,,0,20,,10086,29,,,0,57,,10087,29,,,0,18,,10088,29,,,0,20,,10089,29,,,0,60,,10090,29,,,0,30,,10091,29,,,0,70,,10092,29,,,0,30,,10093,29,,,0,70,,10094,29,,,0,30,,10095,29,,,0,70,,10096,29,,,0
400,'244.1141.3',1721,,10097,29,,,0
400,'244.1143.3',1721,,10098,29,,,0
13501,'244.0.3',1543,,14921,17,,,0,70,,14922,17,,,0,30,,14923,17,,,0,70,,14924,17,,,0,27,,14925,17,,,0,70,,14926,17,,,0,27,,14927,17,,,0
13601,'244.0.3',1534,,14936,15,,,0,70,,14937,15,,,0,33,,14938,15,,,0,15,,14939,15,,,0,55,,14940,15,,,0,27,,14941,15,,,0,66,,14942,15,,,0,30,,14943,15,,,0
13801,'244.0.3',1559,,14963,17,,,0,72,,14964,17,,,0,71,,14965,17,,,0,29,,14966,17,,,0,24,,14967,17,,,0,70,,14968,17,,,0,20,,14969,17,,,0
