5800,'259.0.1',620,,21500,2,,,0,100,,21501,2,,,0,100,,21502,2,,,0,100,,21503,2,,,0,100,,21504,2,,,0,100,,21505,2,,,0,100,,21506,2,,,0,100,,21507,2,,,0,100,,21508,2,,,0,100,,21509,2,,,0,100,,21510,2,,,0,100,,21511,2,,,0,100,,21512,2,,,0,100,,21513,2,,,0,100,,21514,2,,,0,100,,21515,2,,,0,100,,21516,2,,,0
5800,'259.0.2',720,,21517,2,,,0,100,,21518,2,,,0,100,,21519,2,,,0,100,,21520,2,,,0,100,,21521,2,,,0,100,,21522,2,,,0,100,,21523,2,,,0,100,,21524,2,,,0,100,,21525,2,,,0,100,,21526,2,,,0,100,,21527,2,,,0,100,,21528,2,,,0,100,,21529,2,,,0,100,,21530,2,,,0,100,,21531,2,,,0,100,,21532,2,,,0
5800,'259.0.3',608,,21533,2,,,0,30,,21534,2,,,0,70,,21535,2,,,0,30,,21536,2,,,0,70,,21537,2,,,0,117,,21538,2,,,0,100,,21539,2,,,0,100,,21540,2,,,0,100,,21541,2,,,0,100,,21542,2,,,0,101,,21543,2,,,0,100,,21544,2,,,0,30,,21545,2,,,0,270,,21546,2,,,0,99,,21547,2,,,0,100,,21548,2,,,0,100,,21549,2,,,0,100,,21550,2,,,0,100,,21551,2,,,0
6300,'259.0.1',757,,21930,2,,,0,100,,21931,2,,,0,100,,21932,2,,,0,100,,21933,2,,,0,100,,21934,2,,,0,100,,21935,2,,,0,100,,21936,2,,,0,100,,21937,2,,,0,100,,21938,2,,,0,100,,21939,2,,,0,100,,21940,2,,,0,100,,21941,2,,,0,97,,21942,2,,,0,100,,21943,2,,,0,100,,21944,2,,,0,100,,21945,2,,,0
6300,'259.0.2',726,,21946,2,,,0,100,,21947,2,,,0,100,,21948,2,,,0,100,,21949,2,,,0,100,,21950,2,,,0,100,,21951,2,,,0,100,,21952,2,,,0,100,,21953,2,,,0,98,,21954,2,,,0,100,,21955,2,,,0,100,,21956,2,,,0,100,,21957,2,,,0,100,,21958,2,,,0,100,,21959,2,,,0,100,,21960,2,,,0
6300,'259.0.3',648,,21961,2,,,0,70,,21962,2,,,0,30,,21963,2,,,0,70,,21964,2,,,0,30,,21965,2,,,0,70,,21966,2,,,0,30,,21967,2,,,0,56,,21968,2,,,0,100,,21969,2,,,0,100,,21970,2,,,0,100,,21971,2,,,0,100,,21972,2,,,0,100,,21973,2,,,0,115,,21974,2,,,0,30,,21975,2,,,0,68,,21976,2,,,0,30,,21977,2,,,0,70,,21978,2,,,0,30,,21979,2,,,0,70,,21980,2,,,0,100,,21981,2,,,0,100,,21982,2,,,0,100,,21983,2,,,0
6701,'259.0.1',738,,22263,16,,,0,100,,22264,16,,,0,101,,22265,16,,,0,100,,22266,16,,,0,100,,22267,16,,,0,100,,22268,16,,,0,100,,22269,16,,,0,100,,22270,16,,,0,100,,22271,16,,,0,100,,22272,16,,,0,100,,22273,16,,,0,99,,22274,16,,,0,100,,22275,16,,,0,100,,22276,16,,,0,100,,22277,16,,,0,100,,22278,16,,,0
6701,'259.0.2',738,,22279,16,,,0,100,,22280,16,,,0,100,,22281,16,,,0,101,,22282,16,,,0,100,,22283,16,,,0,100,,22284,16,,,0,100,,22285,16,,,0,100,,22286,16,,,0,100,,22287,16,,,0,100,,22288,16,,,0,99,,22289,16,,,0,100,,22290,16,,,0,100,,22291,16,,,0,100,,22292,16,,,0,99,,22293,16,,,0,100,,22294,16,,,0
6701,'259.0.3',623,,22295,16,,,0,30,,22296,16,,,0,70,,22297,16,,,0,30,,22298,16,,,0,70,,22299,16,,,0,30,,22300,16,,,0,101,,22301,16,,,0,100,,22302,16,,,0,100,,22303,16,,,0,100,,22304,16,,,0,100,,22305,16,,,0,102,,22306,16,,,0,70,,22307,16,,,0,30,,22308,16,,,0,70,,22309,16,,,0,30,,22310,16,,,0,70,,22311,16,,,0,30,,22312,16,,,0,67,,22313,16,,,0,30,,22314,16,,,0,70,,22315,16,,,0,99,,22316,16,,,0,100,,22317,16,,,0,100,,22318,16,,,0
15800,'259.0.3',1614,,23797,14,,,0,32,,23798,14,,,0,72,,23799,14,,,0,27,,23800,14,,,0
