401,'244.0.1',638,,10099,41,,,0,100,,10100,41,,,0,100,,10101,41,,,0,70,,10102,41,,,0,30,,10103,41,,,0,70,,10104,41,,,0,30,,10105,41,,,0,71,,10106,41,,,0,33,,10107,41,,,0,70,,10108,41,,,0,30,,10109,41,,,0,70,,10110,41,,,0,30,,10111,41,,,0,70,,10112,41,,,0,30,,10113,41,,,0,70,,10114,41,,,0,30,,10115,41,,,0,70,,10116,41,,,0,30,,10117,41,,,0,70,,10118,41,,,0,30,,10119,41,,,0,70,,10120,41,,,0,28,,10121,41,,,0,70,,10122,41,,,0,30,,10123,41,,,0,70,,10124,41,,,0,30,,10125,41,,,0,70,,10126,41,,,0,30,,10127,41,,,0,69,,10128,41,,,0,26,,10129,41,,,0,100,,10130,41,,,0,100,,10131,41,,,0
401,'244.0.2',738,,10132,41,,,0,70,,10133,41,,,0,30,,10134,41,,,0,70,,10135,41,,,0,30,,10136,41,,,0,70,,10137,41,,,0,30,,10138,41,,,0,71,,10139,41,,,0,29,,10140,41,,,0,70,,10141,41,,,0,30,,10142,41,,,0,70,,10143,41,,,0,30,,10144,41,,,0,70,,10145,41,,,0,30,,10146,41,,,0,70,,10147,41,,,0,30,,10148,41,,,0,70,,10149,41,,,0,30,,10150,41,,,0,70,,10151,41,,,0,30,,10152,41,,,0,70,,10153,41,,,0,30,,10154,41,,,0,70,,10155,41,,,0,30,,10156,41,,,0,71,,10157,41,,,0,26,,10158,41,,,0,100,,10159,41,,,0,100,,10160,41,,,0,100,,10161,41,,,0,100,,10162,41,,,0
401,'244.0.3',617,,10163,41,,,0,15,,10164,41,,,0,15,,10165,41,,,0,55,,10166,41,,,0,19,,10167,41,,,0,20,,10168,41,,,0,8,,10169,41,,,0,8,,10170,41,,,0,48,,10171,41,,,0,8,,10172,41,,,0,8,,10173,41,,,0,8,,10174,41,,,0,8,,10175,41,,,0,8,,10176,41,,,0,8,,10177,41,,,0,48,,10178,41,,,0,8,,10179,41,,,0,8,,10180,41,,,0,7,,10181,41,,,0,6,,10182,41,,,0,8,,10183,41,,,0,8,,10184,41,,,0,8,,10185,41,,,0,48,,10186,41,,,0,8,,10187,41,,,0,8,,10188,41,,,0,8,,10189,41,,,0,8,,10190,41,,,0,8,,10191,41,,,0,11,,10192,41,,,0,55,,10193,41,,,0,15,,10194,41,,,0,15,,10195,41,,,0,15,,10196,41,,,0,55,,10197,41,,,0,15,,10198,41,,,0,15,,10199,41,,,0,15,,10200,41,,,0,55,,10201,41,,,0,15,,10202,41,,,0,15,,10203,41,,,0,15,,10204,41,,,0,55,,10205,41,,,0,15,,10206,41,,,0,15,,10207,41,,,0,15,,10208,41,,,0,55,,10209,41,,,0,16,,10210,41,,,0,17,,10211,41,,,0,18,,10212,41,,,0,55,,10213,41,,,0,15,,10214,41,,,0,15,,10215,41,,,0,15,,10216,41,,,0,55,,10217,41,,,0,15,,10218,41,,,0,15,,10219,41,,,0,15,,10220,41,,,0,52,,10221,41,,,0,12,,10222,41,,,0,11,,10223,41,,,0,15,,10224,41,,,0,55,,10225,41,,,0,20,,10226,41,,,0,20,,10227,41,,,0,60,,10228,41,,,0,20,,10229,41,,,0,20,,10230,41,,,0,60,,10231,41,,,0,20,,10232,41,,,0,20,,10233,41,,,0,60,,10234,41,,,0,19,,10235,41,,,0,28,,10236,41,,,0,70,,10237,41,,,0,30,,10238,41,,,0,70,,10239,41,,,0,30,,10240,41,,,0,70,,10241,41,,,0
2401,'244.0.1',615,,11292,8,,,0,30,,11293,8,,,0,70,,11294,8,,,0,30,,11295,8,,,0,70,,11296,8,,,0,30,,11297,8,,,0,70,,11298,8,,,0,30,,11299,8,,,0,73,,11300,8,,,0,31,,11301,8,,,0,70,,11302,8,,,0,31,,11303,8,,,0,72,,11304,8,,,0,30,,11305,8,,,0,70,,11306,8,,,0,30,,11307,8,,,0,70,,11308,8,,,0,30,,11309,8,,,0,68,,11310,8,,,0,30,,11311,8,,,0,70,,11312,8,,,0,30,,11313,8,,,0,70,,11314,8,,,0,30,,11315,8,,,0,70,,11316,8,,,0,27,,11317,8,,,0,67,,11318,8,,,0,30,,11319,8,,,0,70,,11320,8,,,0,30,,11321,8,,,0,70,,11322,8,,,0,30,,11323,8,,,0,70,,11324,8,,,0,30,,11325,8,,,0,70,,11326,8,,,0,30,,11327,8,,,0
2401,'244.0.2',613,,11328,8,,,0,30,,11329,8,,,0,70,,11330,8,,,0,30,,11331,8,,,0,70,,11332,8,,,0,30,,11333,8,,,0,70,,11334,8,,,0,32,,11335,8,,,0,74,,11336,8,,,0,30,,11337,8,,,0,70,,11338,8,,,0,30,,11339,8,,,0,70,,11340,8,,,0,30,,11341,8,,,0,70,,11342,8,,,0,30,,11343,8,,,0,70,,11344,8,,,0,30,,11345,8,,,0,70,,11346,8,,,0,30,,11347,8,,,0,70,,11348,8,,,0,30,,11349,8,,,0,70,,11350,8,,,0,30,,11351,8,,,0,70,,11352,8,,,0,28,,11353,8,,,0,68,,11354,8,,,0,30,,11355,8,,,0,70,,11356,8,,,0,30,,11357,8,,,0,70,,11358,8,,,0,30,,11359,8,,,0,70,,11360,8,,,0,30,,11361,8,,,0,70,,11362,8,,,0,30,,11363,8,,,0
2401,'244.0.3',649,,11364,8,,,0,70,,11365,8,,,0,34,,11366,8,,,0,71,,11367,8,,,0,30,,11368,8,,,0,70,,11369,8,,,0,25,,11370,8,,,0,70,,11371,8,,,0,30,,11372,8,,,0,70,,11373,8,,,0,31,,11374,8,,,0,70,,11375,8,,,0,30,,11376,8,,,0,70,,11377,8,,,0,30,,11378,8,,,0,70,,11379,8,,,0,30,,11380,8,,,0,71,,11381,8,,,0,30,,11382,8,,,0,70,,11383,8,,,0,30,,11384,8,,,0,70,,11385,8,,,0,29,,11386,8,,,0,70,,11387,8,,,0,29,,11388,8,,,0,68,,11389,8,,,0,26,,11390,8,,,0,70,,11391,8,,,0,30,,11392,8,,,0,70,,11393,8,,,0,30,,11394,8,,,0,70,,11395,8,,,0,30,,11396,8,,,0,70,,11397,8,,,0,30,,11398,8,,,0,70,,11399,8,,,0
1001001,'244.0.3',654,,15933,20,,,0,67,,15934,20,,,0,20,,15935,20,,,0,60,,15936,20,,,0,20,,15937,20,,,0,20,,15938,20,,,0,60,,15939,20,,,0,16,,15940,20,,,0,20,,15941,20,,,0,510,,15942,20,,,0,55,,15943,20,,,0,24,,15944,20,,,0,21,,15945,20,,,0,60,,15946,20,,,0,20,,15947,20,,,0,20,,15948,20,,,0,65,,15949,20,,,0,24,,15950,20,,,0,22,,15951,20,,,0,60,,15952,20,,,0,9,,15953,20,,,0,20,,15954,20,,,0
2001001,'244.0.1',703,,16998,31,,,0,54,,16999,31,,,0,89,,17000,31,,,0,72,,17001,31,,,0,30,,17002,31,,,0,71,,17003,31,,,0,33,,17004,31,,,0,72,,17005,31,,,0,31,,17006,31,,,0,72,,17007,31,,,0,73,,17008,31,,,0,32,,17009,31,,,0,70,,17010,31,,,0,30,,17011,31,,,0,70,,17012,31,,,0,30,,17013,31,,,0,70,,17014,31,,,0,30,,17015,31,,,0,70,,17016,31,,,0,30,,17017,31,,,0,70,,17018,31,,,0,30,,17019,31,,,0,70,,17020,31,,,0,26,,17021,31,,,0,26,,17022,31,,,0,70,,17023,31,,,0,30,,17024,31,,,0,100,,17025,31,,,0,98,,17026,31,,,0,99,,17027,31,,,0,100,,17028,31,,,0
2001001,'244.0.2',656,,17029,31,,,0,92,,17030,31,,,0,90,,17031,31,,,0,72,,17032,31,,,0,33,,17033,31,,,0,72,,17034,31,,,0,32,,17035,31,,,0,72,,17036,31,,,0,31,,17037,31,,,0,72,,17038,31,,,0,30,,17039,31,,,0,70,,17040,31,,,0,30,,17041,31,,,0,70,,17042,31,,,0,32,,17043,31,,,0,71,,17044,31,,,0,30,,17045,31,,,0,70,,17046,31,,,0,30,,17047,31,,,0,69,,17048,31,,,0,30,,17049,31,,,0,69,,17050,31,,,0,29,,17051,31,,,0,101,,17052,31,,,0,100,,17053,31,,,0,100,,17054,31,,,0,100,,17055,31,,,0,100,,17056,31,,,0,100,,17057,31,,,0
2001001,'244.0.3',615,,17058,31,,,0,30,,17059,31,,,0,66,,17060,31,,,0,23,,17061,31,,,0,22,,17096,31,,,0,60,,17062,31,,,0,20,,17063,31,,,0,20,,17064,31,,,0,60,,17065,31,,,0,90,,17066,31,,,0,20,,17067,31,,,0,24,,17068,31,,,0,73,,17069,31,,,0,31,,17070,31,,,0,70,,17071,31,,,0,30,,17072,31,,,0,70,,17073,31,,,0,30,,17074,31,,,0,79,,17075,31,,,0,21,,17076,31,,,0,64,,17077,31,,,0,15,,17078,31,,,0,21,,17079,31,,,0,60,,17080,31,,,0,20,,17081,31,,,0,21,,17082,31,,,0,64,,17083,31,,,0,25,,17084,31,,,0,61,,17085,31,,,0,20,,17086,31,,,0,9,,17087,31,,,0,20,,17088,31,,,0,70,,17089,31,,,0,23,,17090,31,,,0,72,,17091,31,,,0,30,,17092,31,,,0,70,,17093,31,,,0,30,,17094,31,,,0,70,,17095,31,,,0
3001001,'244.0.1',633,,17558,39,,,0,94,,17559,39,,,0,100,,17560,39,,,0,76,,17561,39,,,0,30,,17562,39,,,0,70,,17563,39,,,0,30,,17564,39,,,0,74,,17565,39,,,0,33,,17566,39,,,0,71,,17567,39,,,0,32,,17568,39,,,0,74,,17569,39,,,0,30,,17570,39,,,0,70,,17571,39,,,0,30,,17572,39,,,0,70,,17573,39,,,0,30,,17574,39,,,0,70,,17575,39,,,0,30,,17576,39,,,0,70,,17577,39,,,0,30,,17578,39,,,0,70,,17579,39,,,0,30,,17580,39,,,0,69,,17581,39,,,0,24,,17582,39,,,0,68,,17583,39,,,0,30,,17584,39,,,0,100,,17585,39,,,0,96,,17586,39,,,0,93,,17587,39,,,0,100,,17588,39,,,0
3001001,'244.0.2',631,,17590,39,,,0,90,,17591,39,,,0,100,,17592,39,,,0,30,,17593,39,,,0,70,,17594,39,,,0,30,,17595,39,,,0,75,,17596,39,,,0,33,,17597,39,,,0,74,,17598,39,,,0,70,,17599,39,,,0,31,,17600,39,,,0,71,,17601,39,,,0,31,,17602,39,,,0,70,,17603,39,,,0,30,,17604,39,,,0,70,,17605,39,,,0,33,,17606,39,,,0,70,,17607,39,,,0,30,,17608,39,,,0,70,,17609,39,,,0,30,,17610,39,,,0,70,,17611,39,,,0,30,,17612,39,,,0,68,,17613,39,,,0,27,,17614,39,,,0,100,,17615,39,,,0,94,,17616,39,,,0,100,,17617,39,,,0,100,,17618,39,,,0
3001001,'244.0.3',600,,17620,39,,,0,30,,17621,39,,,0,74,,17622,39,,,0,25,,17623,39,,,0,22,,17624,39,,,0,60,,17625,39,,,0,18,,17626,39,,,0,19,,17627,39,,,0,60,,17628,39,,,0,16,,17629,39,,,0,32,,17630,39,,,0,60,,17631,39,,,0,20,,17632,39,,,0,68,,17633,39,,,0,35,,17634,39,,,0,70,,17635,39,,,0,30,,17636,39,,,0,70,,17637,39,,,0,30,,17638,39,,,0,70,,17639,39,,,0,30,,17640,39,,,0,70,,17641,39,,,0,30,,17642,39,,,0,61,,17643,39,,,0,20,,17644,39,,,0,20,,17645,39,,,0,61,,17646,39,,,0,27,,17647,39,,,0,23,,17648,39,,,0,60,,17649,39,,,0,20,,17650,39,,,0,18,,17651,39,,,0,56,,17652,39,,,0,17,,17653,39,,,0,10,,17654,39,,,0,12,,17655,39,,,0,59,,17656,39,,,0,39,,17657,39,,,0,70,,17658,39,,,0,30,,17659,39,,,0,70,,17660,39,,,0,30,,17661,39,,,0,68,,17662,39,,,0,24,,17663,39,,,0
