800,'259.0.1',609,,19386,40,,,0,30,,19387,40,,,0,70,,19388,40,,,0,30,,19389,40,,,0,71,,19390,40,,,0,23,,19391,40,,,0,22,,19392,40,,,0,70,,19393,40,,,0,30,,19394,40,,,0,70,,19395,40,,,0,31,,19396,40,,,0,69,,19397,40,,,0,30,,19398,40,,,0,70,,19399,40,,,0,30,,19400,40,,,0,70,,19401,40,,,0,30,,19402,40,,,0,70,,19403,40,,,0,32,,19404,40,,,0,70,,19405,40,,,0,30,,19406,40,,,0,70,,19407,40,,,0,30,,19408,40,,,0,70,,19409,40,,,0,30,,19410,40,,,0,69,,19411,40,,,0,30,,19412,40,,,0,70,,19413,40,,,0,30,,19414,40,,,0,70,,19415,40,,,0,30,,19416,40,,,0,70,,19417,40,,,0,30,,19418,40,,,0,70,,19419,40,,,0,25,,19420,40,,,0,69,,19421,40,,,0,30,,19422,40,,,0,100,,19423,40,,,0
800,'259.0.2',627,,19424,40,,,0,30,,19425,40,,,0,70,,19426,40,,,0,30,,19427,40,,,0,70,,19428,40,,,0,30,,19429,40,,,0,70,,19430,40,,,0,30,,19431,40,,,0,70,,19432,40,,,0,74,,19433,40,,,0,30,,19434,40,,,0,25,,19435,40,,,0,71,,19436,40,,,0,32,,19437,40,,,0,70,,19438,40,,,0,30,,19439,40,,,0,70,,19440,40,,,0,30,,19441,40,,,0,70,,19442,40,,,0,30,,19443,40,,,0,70,,19444,40,,,0,75,,19445,40,,,0,29,,19446,40,,,0,70,,19447,40,,,0,30,,19448,40,,,0,69,,19449,40,,,0,28,,19450,40,,,0,70,,19451,40,,,0,27,,19452,40,,,0,29,,19453,40,,,0,70,,19454,40,,,0,30,,19455,40,,,0,70,,19456,40,,,0,30,,19457,40,,,0,100,,19458,40,,,0,100,,19459,40,,,0
800,'259.0.3',558,,19462,40,,,0,70,,19463,40,,,0,30,,19464,40,,,0,78,,19465,40,,,0,72,,19466,40,,,0,31,,19467,40,,,0,70,,19468,40,,,0,30,,19469,40,,,0,70,,19470,40,,,0,20,,19471,40,,,0,20,,19472,40,,,0,60,,19473,40,,,0,20,,19474,40,,,0,20,,19475,40,,,0,60,,19476,40,,,0,20,,19477,40,,,0,20,,19478,40,,,0,60,,19479,40,,,0,20,,19480,40,,,0,20,,19481,40,,,0,60,,19482,40,,,0,20,,19483,40,,,0,20,,19484,40,,,0,60,,19485,40,,,0,29,,19486,40,,,0,64,,19487,40,,,0,20,,19488,40,,,0,20,,19489,40,,,0,60,,19490,40,,,0,20,,19491,40,,,0,20,,19492,40,,,0,60,,19493,40,,,0,17,,19494,40,,,0,26,,19495,40,,,0,10,,19510,40,,,0,50,,19496,40,,,0,30,,19497,40,,,0,70,,19498,40,,,0,30,,19499,40,,,0,69,,19500,40,,,0,28,,19501,40,,,0,69,,19502,40,,,0,30,,19503,40,,,0,70,,19504,40,,,0,30,,19505,40,,,0,70,,19506,40,,,0,30,,19507,40,,,0,70,,19508,40,,,0,30,,19509,40,,,0
9000,'259.0.1',633,,23385,32,,,0,25,,23386,32,,,0,70,,23387,32,,,0,30,,23388,32,,,0,70,,23389,32,,,0,25,,23390,32,,,0,70,,23391,32,,,0,30,,23392,32,,,0,66,,23393,32,,,0,33,,23394,32,,,0,70,,23395,32,,,0,30,,23396,32,,,0,70,,23397,32,,,0,27,,23398,32,,,0,70,,23399,32,,,0,30,,23400,32,,,0,70,,23401,32,,,0,30,,23402,32,,,0,70,,23403,32,,,0,30,,23404,32,,,0,70,,23405,32,,,0,33,,23406,32,,,0,70,,23407,32,,,0,30,,23408,32,,,0,70,,23409,32,,,0,30,,23410,32,,,0,70,,23411,32,,,0,30,,23412,32,,,0,70,,23413,32,,,0,104,,23414,32,,,0,100,,23415,32,,,0,100,,23416,32,,,0,100,,23417,32,,,0
9000,'259.0.2',621,,23418,32,,,0,100,,23419,32,,,0,100,,23420,32,,,0,95,,23421,32,,,0,97,,23422,32,,,0,101,,23423,32,,,0,102,,23424,32,,,0,100,,23425,32,,,0,98,,23426,32,,,0,100,,23427,32,,,0,100,,23428,32,,,0,100,,23429,32,,,0,103,,23430,32,,,0,103,,23431,32,,,0,101,,23432,32,,,0,100,,23433,32,,,0,100,,23434,32,,,0,100,,23435,32,,,0
9000,'259.0.3',620,,23469,32,,,0,15,,23468,32,,,0,15,,23436,32,,,0,55,,23470,32,,,0,15,,23437,32,,,0,15,,23471,32,,,0,15,,23438,32,,,0,55,,23472,32,,,0,20,,23439,32,,,0,30,,23440,32,,,0,65,,23441,32,,,0,31,,23442,32,,,0,69,,23443,32,,,0,30,,23444,32,,,0,70,,23445,32,,,0,27,,23446,32,,,0,71,,23447,32,,,0,30,,23448,32,,,0,70,,23449,32,,,0,30,,23450,32,,,0,70,,23451,32,,,0,37,,23452,32,,,0,57,,23473,32,,,0,15,,23453,32,,,0,15,,23474,32,,,0,15,,23454,32,,,0,55,,23475,32,,,0,15,,23455,32,,,0,15,,23476,32,,,0,15,,23480,32,,,0,55,,23477,32,,,0,15,,23456,32,,,0,15,,23478,32,,,0,13,,23457,32,,,0,50,,23479,32,,,0,12,,23458,32,,,0,35,,23459,32,,,0,70,,23460,32,,,0,30,,23461,32,,,0,70,,23462,32,,,0,30,,23463,32,,,0,100,,23464,32,,,0,96,,23465,32,,,0,100,,23466,32,,,0,100,,23467,32,,,0
9100,'259.0.1',725,,23578,19,,,0,100,,23579,19,,,0,100,,23580,19,,,0,100,,23581,19,,,0,100,,23582,19,,,0,100,,23583,19,,,0,100,,23584,19,,,0,100,,23585,19,,,0,100,,23586,19,,,0,100,,23587,19,,,0,100,,23588,19,,,0,100,,23589,19,,,0,100,,23590,19,,,0,100,,23591,19,,,0,100,,23592,19,,,0,100,,23593,19,,,0
9100,'259.0.2',754,,23594,19,,,0,100,,23595,19,,,0,100,,23596,19,,,0,100,,23597,19,,,0,100,,23598,19,,,0,100,,23599,19,,,0,100,,23600,19,,,0,100,,23601,19,,,0,100,,23602,19,,,0,100,,23603,19,,,0,100,,23604,19,,,0,100,,23605,19,,,0,100,,23606,19,,,0,100,,23607,19,,,0,100,,23608,19,,,0
9100,'259.0.3',635,,23609,19,,,0,24,,23610,19,,,0,68,,23611,19,,,0,76,,23612,19,,,0,29,,23613,19,,,0,70,,23614,19,,,0,100,,23615,19,,,0,103,,23616,19,,,0,100,,23617,19,,,0,99,,23618,19,,,0,101,,23619,19,,,0,101,,23620,19,,,0,30,,23621,19,,,0,70,,23622,19,,,0,30,,23623,19,,,0,70,,23624,19,,,0,30,,23625,19,,,0,71,,23626,19,,,0,29,,23627,19,,,0,97,,23628,19,,,0,100,,23629,19,,,0,100,,23630,19,,,0,100,,23631,19,,,0
9300,'259.0.3',1543,,23687,26,,,0,67,,23688,26,,,0,41,,23689,26,,,0,63,,23690,26,,,0,35,,23691,26,,,0,59,,23692,26,,,0,30,,23693,26,,,0
