1000600,'259.0.3',537,,24150,17,4,,0,70,,24151,17,4,,0,30,,24152,17,4,,0,70,,24153,17,4,,0,31,,24154,17,4,,0,70,,24155,17,4,,0,30,,24156,17,4,,0,70,,24157,17,4,,0,30,,24158,17,4,,0,17,,24159,17,4,,0,70,,24160,17,4,,0,30,,24161,17,4,,0,70,,24162,17,4,,0,30,,24163,17,4,,0,70,,24164,17,4,,0,30,,24165,17,4,,0,70,,24166,17,4,,0,30,,24167,17,4,,0,70,,24168,17,4,,0,30,,24169,17,4,,0,70,,24170,17,4,,0,15,,24171,17,4,,0,70,,24172,17,4,,0,30,,24173,17,4,,0,69,,24174,17,4,,0,30,,24175,17,4,,0,69,,24176,17,4,,0,30,,24177,17,4,,0
1000601,'259.0.3',533,,24178,1,,,0,70,,24179,1,,,0,30,,24180,1,,,0,70,,24181,1,,,0,29,,24182,1,,,0,70,,24183,1,,,0,30,,24184,1,,,0,70,,24185,1,,,0,15,,24186,1,,,0,30,,24187,1,,,0,70,,24188,1,,,0,30,,24189,1,,,0,70,,24190,1,,,0,30,,24191,1,,,0,70,,24192,1,,,0,30,,24193,1,,,0,70,,24194,1,,,0,30,,24195,1,,,0,70,,24196,1,,,0,30,,24197,1,,,0,54,,24198,1,,,0,30,,24199,1,,,0,70,,24200,1,,,0,30,,24201,1,,,0,70,,24202,1,,,0,30,,24203,1,,,0,72,,24204,1,,,0,30,,24205,1,,,0
2000600,'259.0.1',557,,25112,45,4,,0,100,,25113,45,4,,0,100,,25114,45,4,,0,100,,25115,45,4,,0,100,,25116,45,4,,0,143,,25117,45,4,,0,100,,25118,45,4,,0,102,,25119,45,4,,0,100,,25120,45,4,,0,100,,25121,45,4,,0,100,,25122,45,4,,0,98,,25123,45,4,,0,100,,25124,45,4,,0,59,,25125,45,4,,0,98,,25126,45,4,,0,100,,25127,45,4,,0,100,,25128,45,4,,0,97,,25129,45,4,,0,100,,25130,45,4,,0,100,,25131,45,4,,0
2000600,'259.0.2',552,,25132,45,4,,0,103,,25133,45,4,,0,100,,25134,45,4,,0,100,,25135,45,4,,0,100,,25136,45,4,,0,102,,25137,45,4,,0,101,,25138,45,4,,0,100,,25139,45,4,,0,101,,25140,45,4,,0,100,,25141,45,4,,0,99,,25142,45,4,,0,100,,25143,45,4,,0,100,,25144,45,4,,0,100,,25145,45,4,,0,100,,25146,45,4,,0,98,,25147,45,4,,0,100,,25148,45,4,,0,96,,25149,45,4,,0,100,,25150,45,4,,0,100,,25151,45,4,,0
2000600,'259.0.3',605,,25152,45,4,,0,11,,25153,45,4,,0,26,,25154,47,4,,0,71,,25155,47,4,,0,32,,25156,47,4,,0,72,,25157,47,4,,0,29,,25158,47,4,,0,70,,25159,47,4,,0,30,,25160,47,4,,0,65,,25161,47,4,,0,100,,25162,47,4,,0,100,,25163,47,4,,0,101,,25164,47,4,,0,100,,25165,47,4,,0,100,,25166,47,4,,0,105,,25167,47,4,,0,30,,25168,47,4,,0,68,,25169,47,4,,0,30,,25170,47,4,,0,69,,25171,47,4,,0,29,,25172,47,4,,0,69,,25173,47,4,,0,96,,25174,47,4,,0,100,,25175,47,4,,0,98,,25176,45,4,,0,97,,25177,45,4,,0,100,,25178,45,4,,0,100,,25179,45,4,,0
2000601,'259.0.1',600,,25181,1,,,0,100,,25182,1,,,0,100,,25183,1,,,0,100,,25184,1,,,0,100,,25185,1,,,0,100,,25186,1,,,0,100,,25187,1,,,0,100,,25188,1,,,0,100,,25189,1,,,0,100,,25190,1,,,0,100,,25191,1,,,0,100,,25192,1,,,0,100,,25193,1,,,0,100,,25194,1,,,0,100,,25195,1,,,0,100,,25196,1,,,0,100,,25197,1,,,0,100,,25198,1,,,0,100,,25199,1,,,0
2000601,'259.0.2',600,,25201,1,,,0,100,,25202,1,,,0,100,,25203,1,,,0,100,,25204,1,,,0,100,,25205,1,,,0,100,,25206,1,,,0,100,,25207,1,,,0,100,,25208,1,,,0,100,,25209,1,,,0,100,,25210,1,,,0,100,,25211,1,,,0,100,,25212,1,,,0,100,,25213,1,,,0,100,,25214,1,,,0,100,,25215,1,,,0,100,,25216,1,,,0,100,,25217,1,,,0,100,,25218,1,,,0,100,,25219,1,,,0
2000601,'259.0.3',540,,25222,1,,,0,70,,25223,1,,,0,30,,25224,1,,,0,70,,25225,1,,,0,30,,25226,1,,,0,70,,25227,1,,,0,30,,25228,1,,,0,65,,25229,1,,,0,100,,25230,1,,,0,100,,25231,1,,,0,100,,25232,1,,,0,100,,25233,1,,,0,100,,25234,1,,,0,104,,25235,1,,,0,30,,25236,1,,,0,70,,25237,1,,,0,30,,25238,1,,,0,70,,25239,1,,,0,30,,25240,1,,,0,70,,25241,1,,,0,100,,25242,1,,,0,100,,25243,1,,,0,100,,25244,1,,,0,100,,25245,1,,,0,100,,25246,1,,,0,100,,25247,1,,,0
3000600,'259.0.1',628,,26140,45,4,,0,103,,26141,45,4,,0,100,,26142,45,4,,0,102,,26143,45,4,,0,101,,26144,45,4,,0,101,,26145,45,4,,0,100,,26146,45,4,,0,102,,26147,45,4,,0,100,,26148,45,4,,0,100,,26149,45,4,,0,98,,26150,45,4,,0,100,,26151,45,4,,0,99,,26152,45,4,,0,100,,26153,45,4,,0,98,,26154,45,4,,0,98,,26155,45,4,,0,99,,26156,45,4,,0,100,,26157,45,4,,0,100,,26158,45,4,,0,100,,26159,45,4,,0
3000600,'259.0.2',627,,26160,45,4,,0,103,,26161,45,4,,0,100,,26162,45,4,,0,100,,26163,45,4,,0,100,,26164,45,4,,0,102,,26165,45,4,,0,102,,26166,45,4,,0,101,,26167,45,4,,0,100,,26168,45,4,,0,100,,26169,45,4,,0,98,,26170,45,4,,0,100,,26171,45,4,,0,100,,26172,45,4,,0,100,,26173,45,4,,0,100,,26174,45,4,,0,98,,26175,45,4,,0,97,,26176,45,4,,0,100,,26177,45,4,,0,100,,26178,45,4,,0,100,,26179,45,4,,0
3000600,'259.0.3',631,,26180,47,4,,0,70,,26181,47,4,,0,30,,26182,47,4,,0,70,,26183,47,4,,0,30,,26184,47,4,,0,70,,26185,47,4,,0,33,,26186,47,4,,0,70,,26187,47,4,,0,41,,26188,47,4,,0,100,,26189,47,4,,0,100,,26190,47,4,,0,101,,26191,47,4,,0,100,,26192,47,4,,0,100,,26193,47,4,,0,90,,26194,47,4,,0,68,,26195,47,4,,0,30,,26196,47,4,,0,70,,26197,47,4,,0,28,,26198,47,4,,0,27,,26199,47,4,,0,69,,26200,47,4,,0,116,,26201,47,4,,0,100,,26202,47,4,,0,100,,26203,47,4,,0,95,,26204,45,4,,0,100,,26205,45,4,,0,100,,26206,45,4,,0
3000601,'259.0.1',630,,26208,1,,,0,100,,26209,1,,,0,100,,26210,1,,,0,100,,26211,1,,,0,100,,26212,1,,,0,100,,26213,1,,,0,100,,26214,1,,,0,100,,26215,1,,,0,100,,26216,1,,,0,100,,26217,1,,,0,100,,26218,1,,,0,100,,26219,1,,,0,100,,26220,1,,,0,100,,26221,1,,,0,100,,26222,1,,,0,100,,26223,1,,,0,100,,26224,1,,,0,100,,26225,1,,,0,100,,26226,1,,,0
3000601,'259.0.2',630,,26228,1,,,0,100,,26229,1,,,0,100,,26230,1,,,0,100,,26231,1,,,0,100,,26232,1,,,0,100,,26233,1,,,0,100,,26234,1,,,0,100,,26235,1,,,0,100,,26236,1,,,0,100,,26237,1,,,0,100,,26238,1,,,0,100,,26239,1,,,0,100,,26240,1,,,0,100,,26241,1,,,0,100,,26242,1,,,0,100,,26243,1,,,0,100,,26244,1,,,0,100,,26245,1,,,0,100,,26246,1,,,0
3000601,'259.0.3',555,,26248,1,,,0,70,,26249,1,,,0,30,,26250,1,,,0,70,,26251,1,,,0,30,,26252,1,,,0,70,,26253,1,,,0,30,,26254,1,,,0,80,,26255,1,,,0,100,,26256,1,,,0,100,,26257,1,,,0,100,,26258,1,,,0,100,,26259,1,,,0,100,,26260,1,,,0,89,,26261,1,,,0,30,,26262,1,,,0,70,,26263,1,,,0,30,,26264,1,,,0,70,,26265,1,,,0,30,,26266,1,,,0,70,,26267,1,,,0,116,,26268,1,,,0,100,,26269,1,,,0,100,,26270,1,,,0,100,,26271,1,,,0,100,,26272,1,,,0,100,,26273,1,,,0
