5800,'244.0.1',621,,12673,3,,,0,100,,12674,3,,,0,100,,12675,3,,,0,100,,12676,3,,,0,100,,12677,3,,,0,100,,12678,3,,,0,100,,12679,3,,,0,100,,12680,3,,,0,100,,12681,3,,,0,100,,12682,3,,,0,100,,12683,3,,,0,100,,12684,3,,,0,100,,12685,3,,,0,100,,12686,3,,,0,100,,12687,3,,,0,100,,12688,3,,,0,100,,12689,3,,,0
5800,'244.0.2',721,,12690,3,,,0,100,,12691,3,,,0,100,,12692,3,,,0,100,,12693,3,,,0,100,,12694,3,,,0,100,,12695,3,,,0,100,,12696,3,,,0,100,,12697,3,,,0,100,,12698,3,,,0,100,,12699,3,,,0,100,,12700,3,,,0,100,,12701,3,,,0,100,,12702,3,,,0,100,,12703,3,,,0,100,,12704,3,,,0,100,,12705,3,,,0
5800,'244.0.3',609,,12706,3,,,0,30,,12707,3,,,0,70,,12708,3,,,0,30,,12709,3,,,0,70,,12710,3,,,0,117,,12711,3,,,0,100,,12712,3,,,0,100,,12713,3,,,0,100,,12714,3,,,0,100,,12715,3,,,0,100,,12716,3,,,0,100,,12717,3,,,0,30,,12718,3,,,0,270,,12719,3,,,0,100,,12720,3,,,0,100,,12721,3,,,0,100,,12722,3,,,0,100,,12723,3,,,0,100,,12724,3,,,0
6300,'244.0.1',757,,13103,3,,,0,100,,13104,3,,,0,100,,13105,3,,,0,100,,13106,3,,,0,100,,13107,3,,,0,100,,13108,3,,,0,100,,13109,3,,,0,100,,13110,3,,,0,100,,13111,3,,,0,100,,13112,3,,,0,100,,13113,3,,,0,100,,13114,3,,,0,97,,13115,3,,,0,100,,13116,3,,,0,100,,13117,3,,,0,100,,13118,3,,,0
6300,'244.0.2',726,,13119,3,,,0,100,,13120,3,,,0,100,,13121,3,,,0,100,,13122,3,,,0,100,,13123,3,,,0,100,,13124,3,,,0,100,,13125,3,,,0,100,,13126,3,,,0,98,,13127,3,,,0,100,,13128,3,,,0,100,,13129,3,,,0,100,,13130,3,,,0,100,,13131,3,,,0,100,,13132,3,,,0,100,,13133,3,,,0
6300,'244.0.3',648,,13134,3,,,0,70,,13135,3,,,0,30,,13136,3,,,0,70,,13137,3,,,0,30,,13138,3,,,0,70,,13139,3,,,0,30,,13140,3,,,0,56,,13141,3,,,0,100,,13142,3,,,0,100,,13143,3,,,0,100,,13144,3,,,0,100,,13145,3,,,0,100,,13146,3,,,0,115,,13147,3,,,0,30,,13148,3,,,0,68,,13149,3,,,0,30,,13150,3,,,0,70,,13151,3,,,0,30,,13152,3,,,0,70,,13153,3,,,0,100,,13154,3,,,0,100,,13155,3,,,0,100,,13156,3,,,0
6701,'244.0.1',739,,13436,17,,,0,100,,13437,17,,,0,101,,13438,17,,,0,100,,13439,17,,,0,100,,13440,17,,,0,100,,13441,17,,,0,100,,13442,17,,,0,100,,13443,17,,,0,100,,13444,17,,,0,100,,13445,17,,,0,100,,13446,17,,,0,99,,13447,17,,,0,100,,13448,17,,,0,100,,13449,17,,,0,100,,13450,17,,,0,100,,13451,17,,,0
6701,'244.0.2',738,,13452,17,,,0,100,,13453,17,,,0,100,,13454,17,,,0,102,,13455,17,,,0,100,,13456,17,,,0,100,,13457,17,,,0,100,,13458,17,,,0,100,,13459,17,,,0,100,,13460,17,,,0,100,,13461,17,,,0,99,,13462,17,,,0,100,,13463,17,,,0,100,,13464,17,,,0,100,,13465,17,,,0,98,,13466,17,,,0,100,,13467,17,,,0
6701,'244.0.3',624,,13468,17,,,0,30,,13469,17,,,0,70,,13470,17,,,0,30,,13471,17,,,0,70,,13472,17,,,0,30,,13473,17,,,0,101,,13474,17,,,0,100,,13475,17,,,0,100,,13476,17,,,0,100,,13477,17,,,0,100,,13478,17,,,0,101,,13479,17,,,0,70,,13480,17,,,0,30,,13481,17,,,0,70,,13482,17,,,0,30,,13483,17,,,0,70,,13484,17,,,0,30,,13485,17,,,0,68,,13486,17,,,0,30,,13487,17,,,0,70,,13488,17,,,0,99,,13489,17,,,0,100,,13490,17,,,0,100,,13491,17,,,0
15800,'244.0.3',1615,,14970,15,,,0,32,,14971,15,,,0,72,,14972,15,,,0,27,,14973,15,,,0
