9001,'244.0.1',634,,14654,56,,,0,70,,14655,56,,,0,30,,14656,56,,,0,25,,14657,56,,,0,71,,14658,56,,,0,70,,14659,56,,,0,30,,14660,56,,,0,26,,14661,56,,,0,74,,14662,56,,,0,71,,14663,56,,,0,30,,14664,56,,,0,70,,14665,56,,,0,30,,14666,56,,,0,70,,14667,56,,,0,30,,14668,56,,,0,70,,14669,56,,,0,30,,14670,56,,,0,70,,14671,56,,,0,30,,14672,56,,,0,70,,14673,56,,,0,30,,14674,56,,,0,70,,14675,56,,,0,30,,14676,56,,,0,74,,14677,56,,,0,25,,14678,56,,,0,29,,14679,56,,,0,70,,14680,56,,,0,30,,14681,56,,,0,70,,14682,56,,,0,99,,14683,56,,,0,100,,14684,56,,,0,100,,14685,56,,,0,100,,14686,56,,,0
9001,'244.0.2',621,,14687,56,,,0,100,,14688,56,,,0,100,,14689,56,,,0,100,,14690,56,,,0,100,,14691,56,,,0,102,,14692,56,,,0,100,,14693,56,,,0,102,,14694,56,,,0,100,,14695,56,,,0,98,,14696,56,,,0,100,,14697,56,,,0,99,,14698,56,,,0,98,,14699,56,,,0,103,,14700,56,,,0,105,,14701,56,,,0,98,,14702,56,,,0,97,,14703,56,,,0,99,,14704,56,,,0
9001,'244.0.3',608,,14705,56,,,0,30,,14706,56,,,0,73,,14707,56,,,0,24,,14739,56,,,0,13,,14708,56,,,0,55,,14740,56,,,0,10,,14709,56,,,0,16,,14741,56,,,0,15,,14710,56,,,0,13,,14742,56,,,0,51,,14711,56,,,0,15,,14743,56,,,0,15,,14712,56,,,0,70,,14713,56,,,0,25,,14714,56,,,0,70,,14715,56,,,0,30,,14716,56,,,0,70,,14717,56,,,0,30,,14718,56,,,0,70,,14719,56,,,0,30,,14720,56,,,0,70,,14721,56,,,0,30,,14722,56,,,0,70,,14723,56,,,0,32,,14724,56,,,0,73,,14725,56,,,0,21,,14744,56,,,0,22,,14726,56,,,0,8,,14745,56,,,0,65,,14727,56,,,0,15,,14746,56,,,0,14,,14728,56,,,0,52,,14747,56,,,0,12,,14729,56,,,0,13,,14748,56,,,0,13,,14730,56,,,0,12,,14749,56,,,0,53,,14731,56,,,0,12,,14750,56,,,0,13,,14732,56,,,0,70,,14733,56,,,0,26,,14734,56,,,0,30,,14735,56,,,0,100,,14736,56,,,0,100,,14737,56,,,0,100,,14738,56,,,0
13501,'244.0.3',1514,,14921,2,,,0,30,,14922,2,,,0,70,,14923,2,,,0,30,,14924,2,,,0,70,,14925,2,,,0,32,,14926,2,,,0,70,,14927,2,,,0
13601,'244.0.3',1504,,14936,2,,,0,30,,14937,2,,,0,70,,14938,2,,,0,14,,14939,2,,,0,15,,14940,2,,,0,70,,14941,2,,,0,33,,14942,2,,,0,70,,14943,2,,,0
13701,'244.0.3',1524,,14950,2,,,0,30,,14951,2,,,0,70,,14952,2,,,0,30,,14953,2,,,0,70,,14954,2,,,0,31,,14955,2,,,0
13801,'244.0.3',1529,,14963,2,,,0,30,,14964,2,,,0,69,,14965,2,,,0,30,,14966,2,,,0,73,,14967,2,,,0,70,,14968,2,,,0,20,,14969,2,,,0
15800,'244.0.3',1538,,14970,2,,,0,70,,14971,2,,,0,30,,14972,2,,,0,70,,14973,2,,,0
15900,'244.0.3',1500,,14978,2,,,0,20,,14979,2,,,0,21,,14980,2,,,0,60,,14981,2,,,0,20,,14982,2,,,0,20,,14985,2,,,0,60,,14986,2,,,0,20,,14983,2,,,0,20,,14984,2,,,0
16101,'244.0.3',1504,,15007,2,,,0,30,,15002,2,,,0,71,,15003,2,,,0,30,,15004,2,,,0,70,,15005,2,,,0,30,,15006,2,,,0
16500,'244.0.3',1517,,15008,2,,,0,31,,15009,2,,,0,70,,15010,2,,,0,30,,15011,2,,,0,70,,15012,2,,,0,30,,15013,2,,,0
1016800,'244.0.3',1456,,16285,2,,,0,70,,16286,2,,,0,31,,16287,2,,,0,70,,16288,2,,,0,30,,16289,2,,,0,70,,16290,2,,,0,30,,16291,2,,,0
2016800,'244.0.3',1513,,17301,2,,,0,31,,17302,2,,,0,70,,17303,2,,,0,30,,17304,2,,,0,70,,17305,2,,,0,30,,17306,2,,,0
