100,'259.0.1',614,,17670,29,,,0,15,,17671,29,,,0,15,,17672,29,,,0,15,,17673,29,,,0,55,,17674,29,,,0,15,,17675,29,,,0,15,,17676,29,,,0,15,,17677,29,,,0,58,,17678,29,,,0,15,,17679,29,,,0,15,,17680,29,,,0,55,,17681,29,,,0,15,,17682,29,,,0,16,,17683,29,,,0,17,,17684,29,,,0,55,,17685,29,,,0,15,,17686,29,,,0,15,,17687,29,,,0,15,,17688,29,,,0,58,,17689,29,,,0,16,,17690,29,,,0,15,,17691,29,,,0,15,,17692,29,,,0,55,,17693,29,,,0,15,,17694,29,,,0,15,,17695,29,,,0,15,,17696,29,,,0,55,,17697,29,,,0,15,,17698,29,,,0,15,,17699,29,,,0,15,,17700,29,,,0,55,,17701,29,,,0,15,,17702,29,,,0,15,,17703,29,,,0,15,,17704,29,,,0,55,,17705,29,,,0,15,,17706,29,,,0,15,,17707,29,,,0,15,,17708,29,,,0,55,,17709,29,,,0,15,,17710,29,,,0,15,,17711,29,,,0,15,,17712,29,,,0,55,,17713,29,,,0,15,,17714,29,,,0,15,,17715,29,,,0,15,,17716,29,,,0,55,,17717,29,,,0,15,,17718,29,,,0,15,,17719,29,,,0,15,,17720,29,,,0,55,,17721,29,,,0,13,,17722,29,,,0,14,,17723,29,,,0,15,,17724,29,,,0,55,,17725,29,,,0,15,,17726,29,,,0,15,,17727,29,,,0,15,,17728,29,,,0,55,,17729,29,,,0,15,,17730,29,,,0,15,,17731,29,,,0,15,,17732,29,,,0,55,,17733,29,,,0,13,,17734,29,,,0,13,,17735,29,,,0,15,,17736,29,,,0,55,,17737,29,,,0,15,,17738,29,,,0,15,,17739,29,,,0,15,,17740,29,,,0,55,,17741,29,,,0,15,,17742,29,,,0,15,,17743,29,,,0,15,,17744,29,,,0,55,,17745,29,,,0
100,'259.0.2',615,,17746,29,,,0,15,,17747,29,,,0,15,,17748,29,,,0,55,,17749,29,,,0,15,,17750,29,,,0,15,,17751,29,,,0,15,,17752,29,,,0,55,,17753,29,,,0,15,,17754,29,,,0,15,,17755,29,,,0,18,,17756,29,,,0,55,,17757,29,,,0,15,,17758,29,,,0,15,,17759,29,,,0,15,,17760,29,,,0,55,,17761,29,,,0,16,,17762,29,,,0,17,,17763,29,,,0,15,,17764,29,,,0,55,,17765,29,,,0,15,,17766,29,,,0,15,,17767,29,,,0,15,,17768,29,,,0,57,,17769,29,,,0,16,,17770,29,,,0,15,,17771,29,,,0,15,,17772,29,,,0,55,,17773,29,,,0,15,,17774,29,,,0,15,,17775,29,,,0,15,,17776,29,,,0,55,,17777,29,,,0,15,,17778,29,,,0,15,,17779,29,,,0,15,,17780,29,,,0,55,,17781,29,,,0,15,,17782,29,,,0,15,,17783,29,,,0,15,,17784,29,,,0,55,,17785,29,,,0,15,,17786,29,,,0,15,,17787,29,,,0,15,,17788,29,,,0,55,,17789,29,,,0,15,,17790,29,,,0,15,,17791,29,,,0,15,,17792,29,,,0,55,,17793,29,,,0,15,,17794,29,,,0,13,,17795,29,,,0,13,,17796,29,,,0,55,,17797,29,,,0,15,,17798,29,,,0,15,,17799,29,,,0,15,,17800,29,,,0,55,,17801,29,,,0,15,,17802,29,,,0,15,,17803,29,,,0,70,,17804,29,,,0,30,,17805,29,,,0,70,,17806,29,,,0,27,,17807,29,,,0,70,,17808,29,,,0,30,,17809,29,,,0,70,,17810,29,,,0
100,'259.0.3',625,,17812,29,,,0,10,,17813,29,,,0,10,,17814,29,,,0,10,,17815,29,,,0,50,,17816,29,,,0,10,,17817,29,,,0,10,,17818,29,,,0,11,,17819,29,,,0,13,,17820,29,,,0,53,,17821,29,,,0,10,,17822,29,,,0,10,,17823,29,,,0,10,,17824,29,,,0,10,,17825,29,,,0,10,,17826,29,,,0,50,,17827,29,,,0,10,,17828,29,,,0,10,,17829,29,,,0,9,,17830,29,,,0,9,,17831,29,,,0,9,,17832,29,,,0,10,,17833,29,,,0,50,,17834,29,,,0,10,,17835,29,,,0,10,,17836,29,,,0,10,,17837,29,,,0,10,,17838,29,,,0,10,,17839,29,,,0,50,,17840,29,,,0,10,,17841,29,,,0,10,,17842,29,,,0,10,,17843,29,,,0,10,,17844,29,,,0,10,,17845,29,,,0,50,,17846,29,,,0,10,,17847,29,,,0,10,,17848,29,,,0,10,,17849,29,,,0,10,,17850,29,,,0,10,,17851,29,,,0,50,,17852,29,,,0,10,,17853,29,,,0,10,,17854,29,,,0,10,,17855,29,,,0,10,,17856,29,,,0,10,,17857,29,,,0,50,,17858,29,,,0,10,,17859,29,,,0,10,,17860,29,,,0,10,,17861,29,,,0,10,,17862,29,,,0,10,,17863,29,,,0,50,,17864,29,,,0,11,,17865,29,,,0,11,,17866,29,,,0,12,,17867,29,,,0,10,,17868,29,,,0,50,,17869,29,,,0,10,,17870,29,,,0,10,,17871,29,,,0,10,,17872,29,,,0,10,,17873,29,,,0,10,,17874,29,,,0,50,,17875,29,,,0,10,,17876,29,,,0,10,,17877,29,,,0,10,,17878,29,,,0,10,,17879,29,,,0,10,,17880,29,,,0,49,,17881,29,,,0,8,,17882,29,,,0,7,,17883,29,,,0,8,,17884,29,,,0,10,,17885,29,,,0,10,,17886,29,,,0,10,,17887,29,,,0,50,,17888,29,,,0,10,,17889,29,,,0,10,,17890,29,,,0,10,,17891,29,,,0,10,,17892,29,,,0,10,,17893,29,,,0,50,,17894,29,,,0,10,,17895,29,,,0,10,,17896,29,,,0,10,,17897,29,,,0,10,,17898,29,,,0,10,,17899,29,,,0,50,,17900,29,,,0,10,,17901,29,,,0,10,,17902,29,,,0,10,,17903,29,,,0,10,,17904,29,,,0,10,,17905,29,,,0,50,,17906,29,,,0,10,,17907,29,,,0,8,,17908,29,,,0,15,,17909,29,,,0,15,,17910,29,,,0,55,,17911,29,,,0,15,,17912,29,,,0,15,,17913,29,,,0,15,,17914,29,,,0,55,,17915,29,,,0,15,,17916,29,,,0,15,,17917,29,,,0,15,,17918,29,,,0
500,'259.0.1',631,,19069,3,,,0,20,,19070,3,,,0,60,,19071,3,,,0,20,,19072,3,,,0,20,,19073,3,,,0,60,,19074,3,,,0,20,,19075,3,,,0,21,,19076,3,,,0,60,,19077,3,,,0,20,,19078,3,,,0,20,,19079,3,,,0,60,,19080,3,,,0,20,,19081,3,,,0,20,,19082,3,,,0,60,,19083,3,,,0,20,,19084,3,,,0,20,,19085,3,,,0,60,,19086,3,,,0,20,,19087,3,,,0,20,,19088,3,,,0,60,,19089,3,,,0,20,,19090,3,,,0,20,,19091,3,,,0,60,,19092,3,,,0,20,,19093,3,,,0,20,,19094,3,,,0,60,,19095,3,,,0,20,,19096,3,,,0,20,,19097,3,,,0,60,,19098,3,,,0,20,,19099,3,,,0,20,,19100,3,,,0,60,,19101,3,,,0,20,,19102,3,,,0,20,,19103,3,,,0,60,,19104,3,,,0,20,,19105,3,,,0,20,,19106,3,,,0,60,,19107,3,,,0,20,,19108,3,,,0,20,,19109,3,,,0,60,,19110,3,,,0,20,,19111,3,,,0,20,,19112,3,,,0,60,,19113,3,,,0,20,,19114,3,,,0,20,,19115,3,,,0,60,,19116,3,,,0,30,,19117,3,,,0,70,,19118,3,,,0,30,,19119,3,,,0,70,,19120,3,,,0,30,,19121,3,,,0,70,,19122,3,,,0
500,'259.0.2',631,,19123,3,,,0,70,,19124,3,,,0,30,,19125,3,,,0,70,,19126,3,,,0,30,,19127,3,,,0,70,,19128,3,,,0,30,,19129,3,,,0,71,,19130,3,,,0,30,,19131,3,,,0,70,,19132,3,,,0,30,,19133,3,,,0,70,,19134,3,,,0,30,,19135,3,,,0,70,,19136,3,,,0,30,,19137,3,,,0,70,,19138,3,,,0,30,,19139,3,,,0,70,,19140,3,,,0,30,,19141,3,,,0,70,,19142,3,,,0,30,,19143,3,,,0,70,,19144,3,,,0,30,,19145,3,,,0,70,,19146,3,,,0,30,,19147,3,,,0,70,,19148,3,,,0,30,,19149,3,,,0,70,,19150,3,,,0,30,,19151,3,,,0,70,,19152,3,,,0,30,,19153,3,,,0,70,,19154,3,,,0,30,,19155,3,,,0,70,,19156,3,,,0,30,,19157,3,,,0,70,,19158,3,,,0
500,'259.0.3',531,,19159,3,,,0,70,,19160,3,,,0,15,,19161,3,,,0,15,,19162,3,,,0,15,,19163,3,,,0,55,,19164,3,,,0,15,,19165,3,,,0,15,,19166,3,,,0,15,,19167,3,,,0,55,,19168,3,,,0,15,,19169,3,,,0,15,,19170,3,,,0,15,,19171,3,,,0,56,,19172,3,,,0,15,,19173,3,,,0,15,,19174,3,,,0,15,,19175,3,,,0,55,,19176,3,,,0,15,,19177,3,,,0,15,,19178,3,,,0,15,,19179,3,,,0,55,,19180,3,,,0,15,,19181,3,,,0,15,,19182,3,,,0,15,,19183,3,,,0,55,,19184,3,,,0,15,,19185,3,,,0,15,,19186,3,,,0,15,,19187,3,,,0,55,,19188,3,,,0,15,,19189,3,,,0,15,,19190,3,,,0,15,,19191,3,,,0,55,,19192,3,,,0,15,,19193,3,,,0,15,,19194,3,,,0,15,,19195,3,,,0,55,,19196,3,,,0,15,,19197,3,,,0,15,,19198,3,,,0,15,,19199,3,,,0,55,,19200,3,,,0,15,,19201,3,,,0,15,,19202,3,,,0,15,,19203,3,,,0,55,,19204,3,,,0,15,,19205,3,,,0,15,,19206,3,,,0,15,,19207,3,,,0,55,,19208,3,,,0,15,,19209,3,,,0,15,,19210,3,,,0,20,,19211,3,,,0,55,,19212,3,,,0,20,,19213,3,,,0,20,,19214,3,,,0,60,,19215,3,,,0,20,,19216,3,,,0,20,,19217,3,,,0,60,,19218,3,,,0,20,,19219,3,,,0,20,,19220,3,,,0,75,,19221,3,,,0,30,,19222,3,,,0,70,,19223,3,,,0,30,,19224,3,,,0,70,,19225,3,,,0,30,,19226,3,,,0
5000,'259.0.3',1521,,20908,6,,,0,30,,20909,6,,,0,70,,20910,6,,,0,30,,20911,6,,,0
1001000,'259.0.3',635,,24716,20,,,0,19,,24717,20,,,0,59,,24718,20,,,0,28,,24719,20,,,0,18,,24720,20,,,0,60,,24721,20,,,0,20,,24722,20,,,0,20,,24723,20,,,0,60,,24724,20,,,0,500,,24725,20,,,0,19,,24726,20,,,0,20,,24727,20,,,0,60,,24728,20,,,0,20,,24729,20,,,0,63,,24730,20,,,0,20,,24731,20,,,0,20,,24732,20,,,0,60,,24733,20,,,0,10,,24734,20,,,0,29,,24735,20,,,0,60,,24736,20,,,0,20,,24737,20,,,0,16,,24738,20,,,0
2000700,'259.0.1',621,,25248,3,,,0,20,,25249,3,,,0,60,,25250,3,,,0,20,,25251,3,,,0,20,,25252,3,,,0,60,,25253,3,,,0,20,,25254,3,,,0,20,,25255,3,,,0,60,,25256,3,,,0,20,,25257,3,,,0,20,,25258,3,,,0,60,,25259,3,,,0,20,,25260,3,,,0,20,,25261,3,,,0,60,,25262,3,,,0,20,,25263,3,,,0,20,,25264,3,,,0,60,,25265,3,,,0,20,,25266,3,,,0,20,,25267,3,,,0,60,,25268,3,,,0,20,,25269,3,,,0,20,,25270,3,,,0,60,,25271,3,,,0,20,,25272,3,,,0,20,,25273,3,,,0,60,,25274,3,,,0,20,,25275,3,,,0,20,,25276,3,,,0,60,,25277,3,,,0,20,,25278,3,,,0,20,,25279,3,,,0,60,,25280,3,,,0,20,,25281,3,,,0,20,,25282,3,,,0,60,,25283,3,,,0,20,,25284,3,,,0,20,,25285,3,,,0,60,,25286,3,,,0,20,,25287,3,,,0,20,,25288,3,,,0,60,,25289,3,,,0,20,,25290,3,,,0,20,,25291,3,,,0,60,,25292,3,,,0,20,,25293,3,,,0,20,,25294,3,,,0,60,,25295,3,,,0,20,,25296,3,,,0,20,,25297,3,,,0,60,,25298,3,,,0,20,,25299,3,,,0,20,,25300,3,,,0,60,,25301,3,,,0
2000700,'259.0.2',621,,25302,3,,,0,30,,25303,3,,,0,70,,25304,3,,,0,30,,25305,3,,,0,70,,25306,3,,,0,30,,25307,3,,,0,70,,25308,3,,,0,30,,25309,3,,,0,70,,25310,3,,,0,30,,25311,3,,,0,70,,25312,3,,,0,30,,25313,3,,,0,70,,25314,3,,,0,30,,25315,3,,,0,70,,25316,3,,,0,30,,25317,3,,,0,70,,25318,3,,,0,30,,25319,3,,,0,70,,25320,3,,,0,30,,25321,3,,,0,70,,25322,3,,,0,30,,25323,3,,,0,70,,25324,3,,,0,30,,25325,3,,,0,70,,25326,3,,,0,30,,25327,3,,,0,70,,25328,3,,,0,30,,25329,3,,,0,70,,25330,3,,,0,30,,25331,3,,,0,70,,25332,3,,,0,30,,25333,3,,,0,70,,25334,3,,,0,30,,25335,3,,,0,70,,25336,3,,,0,30,,25337,3,,,0
2000700,'259.0.3',612,,25338,3,,,0,15,,25339,3,,,0,15,,25340,3,,,0,15,,25341,3,,,0,55,,25342,3,,,0,15,,25343,3,,,0,15,,25344,3,,,0,61,,25345,3,,,0,19,,25346,3,,,0,15,,25347,3,,,0,15,,25348,3,,,0,55,,25349,3,,,0,14,,25350,3,,,0,13,,25351,3,,,0,15,,25352,3,,,0,55,,25353,3,,,0,15,,25354,3,,,0,15,,25355,3,,,0,15,,25356,3,,,0,55,,25357,3,,,0,15,,25358,3,,,0,15,,25359,3,,,0,15,,25360,3,,,0,55,,25361,3,,,0,15,,25362,3,,,0,15,,25363,3,,,0,15,,25364,3,,,0,55,,25365,3,,,0,15,,25366,3,,,0,15,,25367,3,,,0,15,,25368,3,,,0,55,,25369,3,,,0,15,,25370,3,,,0,15,,25371,3,,,0,15,,25372,3,,,0,55,,25373,3,,,0,15,,25374,3,,,0,17,,25375,3,,,0,15,,25376,3,,,0,55,,25377,3,,,0,15,,25378,3,,,0,15,,25379,3,,,0,15,,25380,3,,,0,55,,25381,3,,,0,15,,25382,3,,,0,14,,25383,3,,,0,12,,25384,3,,,0,54,,25385,3,,,0,15,,25386,3,,,0,15,,25387,3,,,0,15,,25388,3,,,0,55,,25389,3,,,0,12,,25390,3,,,0,13,,25391,3,,,0,15,,25392,3,,,0,15,,25393,3,,,0,55,,25394,3,,,0,15,,25395,3,,,0,15,,25396,3,,,0,15,,25397,3,,,0,55,,25398,3,,,0,15,,25399,3,,,0,15,,25400,3,,,0,15,,25401,3,,,0,55,,25402,3,,,0,15,,25403,3,,,0,15,,25404,3,,,0,15,,25405,3,,,0,55,,25406,3,,,0,30,,25407,3,,,0,70,,25408,3,,,0,30,,25409,3,,,0,70,,25410,3,,,0
2001000,'259.0.1',644,,25713,20,,,0,85,,25714,20,,,0,30,,25715,20,,,0,70,,25716,20,,,0,30,,25717,20,,,0,70,,25718,20,,,0,73,,25719,20,,,0,30,,25720,20,,,0,70,,25721,20,,,0,32,,25722,20,,,0,70,,25723,20,,,0,30,,25724,20,,,0,70,,25725,20,,,0,30,,25726,20,,,0,70,,25727,20,,,0,30,,25728,20,,,0,70,,25729,20,,,0,30,,25730,20,,,0,70,,25731,20,,,0,30,,25732,20,,,0,70,,25733,20,,,0,30,,25734,20,,,0,70,,25735,20,,,0,30,,25736,20,,,0,68,,25737,20,,,0,30,,25738,20,,,0,70,,25739,20,,,0,45,,25740,20,,,0,98,,25741,20,,,0,100,,25742,20,,,0,100,,25743,20,,,0
2001000,'259.0.2',644,,25744,20,,,0,115,,25745,20,,,0,70,,25746,20,,,0,30,,25747,20,,,0,70,,25748,20,,,0,72,,25749,20,,,0,30,,25750,20,,,0,70,,25751,20,,,0,30,,25752,20,,,0,70,,25753,20,,,0,30,,25754,20,,,0,70,,25755,20,,,0,30,,25756,20,,,0,71,,25757,20,,,0,30,,25758,20,,,0,70,,25759,20,,,0,30,,25760,20,,,0,70,,25761,20,,,0,30,,25762,20,,,0,70,,25763,20,,,0,30,,25764,20,,,0,70,,25765,20,,,0,45,,25766,20,,,0,97,,25767,20,,,0,100,,25768,20,,,0,100,,25769,20,,,0,100,,25770,20,,,0,100,,25771,20,,,0,100,,25772,20,,,0
2001000,'259.0.3',557,,25773,20,,,0,91,,25774,20,,,0,60,,25775,20,,,0,20,,25776,20,,,0,20,,25777,20,,,0,63,,25778,20,,,0,21,,25779,20,,,0,20,,25780,20,,,0,60,,25781,20,,,0,37,,25782,20,,,0,70,,25783,20,,,0,30,,25784,20,,,0,70,,25785,20,,,0,30,,25786,20,,,0,70,,25787,20,,,0,30,,25788,20,,,0,70,,25789,20,,,0,30,,25790,20,,,0,65,,25791,20,,,0,17,,25792,20,,,0,20,,25793,20,,,0,60,,25794,20,,,0,20,,25795,20,,,0,23,,25796,20,,,0,60,,25797,20,,,0,20,,25798,20,,,0,20,,25799,20,,,0,60,,25800,20,,,0,19,,25801,20,,,0,20,,25802,20,,,0,60,,25803,20,,,0,16,,25804,20,,,0,23,,25805,20,,,0,60,,25806,20,,,0,24,,25807,20,,,0,70,,25808,20,,,0,30,,25809,20,,,0,70,,25810,20,,,0,30,,25811,20,,,0
3001000,'259.0.1',614,,26275,20,,,0,100,,26276,20,,,0,30,,26277,20,,,0,70,,26278,20,,,0,30,,26279,20,,,0,70,,26280,20,,,0,33,,26281,20,,,0,70,,26282,20,,,0,30,,26283,20,,,0,70,,26284,20,,,0,32,,26285,20,,,0,70,,26286,20,,,0,30,,26287,20,,,0,70,,26288,20,,,0,30,,26289,20,,,0,70,,26290,20,,,0,30,,26291,20,,,0,70,,26292,20,,,0,30,,26293,20,,,0,70,,26294,20,,,0,30,,26295,20,,,0,70,,26296,20,,,0,30,,26297,20,,,0,70,,26298,20,,,0,28,,26299,20,,,0,70,,26300,20,,,0,100,,26301,20,,,0,100,,26302,20,,,0,98,,26303,20,,,0,100,,26304,20,,,0,100,,26305,20,,,0
3001000,'259.0.2',614,,26307,20,,,0,100,,26308,20,,,0,30,,26309,20,,,0,70,,26310,20,,,0,30,,26311,20,,,0,70,,26312,20,,,0,30,,26313,20,,,0,72,,26314,20,,,0,30,,26315,20,,,0,70,,26316,20,,,0,30,,26317,20,,,0,70,,26318,20,,,0,30,,26319,20,,,0,70,,26320,20,,,0,30,,26321,20,,,0,71,,26322,20,,,0,30,,26323,20,,,0,70,,26324,20,,,0,30,,26325,20,,,0,70,,26326,20,,,0,30,,26327,20,,,0,70,,26328,20,,,0,30,,26329,20,,,0,70,,26330,20,,,0,100,,26331,20,,,0,97,,26332,20,,,0,100,,26333,20,,,0,100,,26334,20,,,0,100,,26335,20,,,0
3001000,'259.0.3',602,,26339,20,,,0,19,,26340,20,,,0,20,,26341,20,,,0,59,,26342,20,,,0,18,,26343,20,,,0,17,,26344,20,,,0,18,,26345,20,,,0,73,,26346,20,,,0,20,,26347,20,,,0,60,,26348,20,,,0,28,,26349,20,,,0,70,,26350,20,,,0,30,,26351,20,,,0,70,,26352,20,,,0,30,,26353,20,,,0,70,,26354,20,,,0,30,,26355,20,,,0,70,,26356,20,,,0,30,,26357,20,,,0,70,,26358,20,,,0,20,,26359,20,,,0,20,,26360,20,,,0,60,,26361,20,,,0,20,,26362,20,,,0,20,,26363,20,,,0,63,,26364,20,,,0,20,,26365,20,,,0,20,,26366,20,,,0,60,,26367,20,,,0,19,,26368,20,,,0,20,,26369,20,,,0,60,,26370,20,,,0,16,,26371,20,,,0,20,,26372,20,,,0,60,,26373,20,,,0,19,,26374,20,,,0,30,,26375,20,,,0,70,,26376,20,,,0,30,,26377,20,,,0,70,,26378,20,,,0,30,,26379,20,,,0,67,,26380,20,,,0,30,,26381,20,,,0,70,,26382,20,,,0,30,,26383,20,,,0,70,,26384,20,,,0
