100,'244.0.1',549,,8842,1,,,0,69,,8843,35,,,0,15,,8844,35,,,0,15,,8845,35,,,0,55,,8846,35,,,0,15,,8847,35,,,0,15,,8848,35,,,0,15,,8849,35,,,0,55,,8850,35,,,0,18,,8851,35,,,0,15,,8852,35,,,0,15,,8853,35,,,0,55,,8854,35,,,0,15,,8855,35,,,0,16,,8856,35,,,0,17,,8857,35,,,0,55,,8858,35,,,0,15,,8859,35,,,0,15,,8860,35,,,0,15,,8861,35,,,0,58,,8862,35,,,0,16,,8863,35,,,0,15,,8864,35,,,0,15,,8865,35,,,0,55,,8866,35,,,0,15,,8867,35,,,0,15,,8868,35,,,0,15,,8869,35,,,0,55,,8870,35,,,0,15,,8871,35,,,0,15,,8872,35,,,0,15,,8873,35,,,0,55,,8874,35,,,0,15,,8875,35,,,0,15,,8876,35,,,0,15,,8877,35,,,0,55,,8878,35,,,0,15,,8879,35,,,0,15,,8880,35,,,0,15,,8881,35,,,0,55,,8882,35,,,0,15,,8883,35,,,0,15,,8884,35,,,0,15,,8885,35,,,0,55,,8886,35,,,0,15,,8887,35,,,0,15,,8888,35,,,0,15,,8889,35,,,0,55,,8890,35,,,0,15,,8891,35,,,0,15,,8892,35,,,0,15,,8893,35,,,0,55,,8894,35,,,0,13,,8895,35,,,0,14,,8896,35,,,0,15,,8897,35,,,0,55,,8898,35,,,0,15,,8899,35,,,0,15,,8900,35,,,0,15,,8901,35,,,0,55,,8902,35,,,0,15,,8903,35,,,0,15,,8904,35,,,0,15,,8905,35,,,0,55,,8906,35,,,0,13,,8907,35,,,0,13,,8908,35,,,0,15,,8909,35,,,0,55,,8910,35,,,0,15,,8911,35,,,0,15,,8912,35,,,0,15,,8913,35,,,0,55,,8914,35,,,0,15,,8915,35,,,0,15,,8916,35,,,0,15,,8917,35,,,0,55,,8918,35,,,0
100,'244.0.2',619,,8919,35,,,0,15,,8920,35,,,0,15,,8921,35,,,0,55,,8922,35,,,0,15,,8923,35,,,0,15,,8924,35,,,0,15,,8925,35,,,0,55,,8926,35,,,0,15,,8927,35,,,0,15,,8928,35,,,0,18,,8929,35,,,0,55,,8930,35,,,0,15,,8931,35,,,0,15,,8932,35,,,0,15,,8933,35,,,0,55,,8934,35,,,0,16,,8935,35,,,0,17,,8936,35,,,0,15,,8937,35,,,0,55,,8938,35,,,0,15,,8939,35,,,0,15,,8940,35,,,0,15,,8941,35,,,0,57,,8942,35,,,0,16,,8943,35,,,0,15,,8944,35,,,0,15,,8945,35,,,0,55,,8946,35,,,0,15,,8947,35,,,0,15,,8948,35,,,0,15,,8949,35,,,0,55,,8950,35,,,0,15,,8951,35,,,0,15,,8952,35,,,0,15,,8953,35,,,0,55,,8954,35,,,0,15,,8955,35,,,0,15,,8956,35,,,0,15,,8957,35,,,0,55,,8958,35,,,0,15,,8959,35,,,0,15,,8960,35,,,0,15,,8961,35,,,0,55,,8962,35,,,0,15,,8963,35,,,0,15,,8964,35,,,0,15,,8965,35,,,0,55,,8966,35,,,0,15,,8967,35,,,0,13,,8968,35,,,0,13,,8969,35,,,0,55,,8970,35,,,0,15,,8971,35,,,0,15,,8972,35,,,0,15,,8973,35,,,0,55,,8974,35,,,0,15,,8975,35,,,0,15,,8976,35,,,0,70,,8977,35,,,0,30,,8978,35,,,0,70,,8979,35,,,0,27,,8980,35,,,0,70,,8981,35,,,0,30,,8982,35,,,0,70,,8983,35,,,0
100,'244.0.3',603,,8984,1,,,0,26,,8985,35,,,0,10,,8986,35,,,0,10,,8987,35,,,0,10,,8988,35,,,0,50,,8989,35,,,0,10,,8990,35,,,0,10,,8991,35,,,0,12,,8992,35,,,0,13,,8993,35,,,0,53,,8994,35,,,0,10,,8995,35,,,0,10,,8996,35,,,0,10,,8997,35,,,0,10,,8998,35,,,0,10,,8999,35,,,0,50,,9000,35,,,0,10,,9001,35,,,0,10,,9002,35,,,0,9,,9003,35,,,0,9,,9004,35,,,0,9,,9005,35,,,0,50,,9006,35,,,0,10,,9007,35,,,0,10,,9008,35,,,0,10,,9009,35,,,0,10,,9010,35,,,0,10,,9011,35,,,0,50,,9012,35,,,0,10,,9013,35,,,0,10,,9014,35,,,0,10,,9015,35,,,0,10,,9016,35,,,0,10,,9017,35,,,0,50,,9018,35,,,0,10,,9019,35,,,0,10,,9020,35,,,0,10,,9021,35,,,0,10,,9022,35,,,0,10,,9023,35,,,0,50,,9024,35,,,0,10,,9025,35,,,0,10,,9026,35,,,0,10,,9027,35,,,0,10,,9028,35,,,0,10,,9029,35,,,0,50,,9030,35,,,0,10,,9031,35,,,0,10,,9032,35,,,0,10,,9033,35,,,0,10,,9034,35,,,0,10,,9035,35,,,0,50,,9036,35,,,0,10,,9037,35,,,0,11,,9038,35,,,0,11,,9039,35,,,0,12,,9040,35,,,0,10,,9041,35,,,0,50,,9042,35,,,0,10,,9043,35,,,0,10,,9044,35,,,0,10,,9045,35,,,0,10,,9046,35,,,0,10,,9047,35,,,0,50,,9048,35,,,0,10,,9049,35,,,0,10,,9050,35,,,0,10,,9051,35,,,0,10,,9052,35,,,0,10,,9053,35,,,0,49,,9054,35,,,0,8,,9055,35,,,0,7,,9056,35,,,0,8,,9057,35,,,0,10,,9058,35,,,0,10,,9059,35,,,0,50,,9060,35,,,0,10,,9061,35,,,0,10,,9062,35,,,0,10,,9063,35,,,0,10,,9064,35,,,0,10,,9065,35,,,0,50,,9066,35,,,0,10,,9067,35,,,0,10,,9068,35,,,0,10,,9069,35,,,0,10,,9070,35,,,0,10,,9071,35,,,0,50,,9072,35,,,0,10,,9073,35,,,0,10,,9074,35,,,0,10,,9075,35,,,0,10,,9076,35,,,0,10,,9077,35,,,0,50,,9078,35,,,0,9,,9079,35,,,0,10,,9080,35,,,0,8,,9081,35,,,0,15,,9082,35,,,0,15,,9083,35,,,0,55,,9084,35,,,0,15,,9085,35,,,0,15,,9086,35,,,0,15,,9087,35,,,0,55,,9088,35,,,0,15,,9089,35,,,0,15,,9090,35,,,0,15,,9091,35,,,0
201,'244.0.1',623,,9504,38,,,0,100,,9505,38,,,0,100,,9506,38,,,0,15,,9507,38,,,0,15,,9508,38,,,0,55,,9509,38,,,0,15,,9510,38,,,0,15,,9511,38,,,0,15,,9512,38,,,0,56,,9513,38,,,0,18,,9514,38,,,0,16,,9515,38,,,0,15,,9516,38,,,0,55,,9517,38,,,0,15,,9518,38,,,0,15,,9519,38,,,0,15,,9520,38,,,0,55,,9521,38,,,0,15,,9522,38,,,0,15,,9523,38,,,0,15,,9524,38,,,0,55,,9525,38,,,0,15,,9526,38,,,0,15,,9527,38,,,0,15,,9528,38,,,0,55,,9529,38,,,0,15,,9530,38,,,0,15,,9531,38,,,0,15,,9532,38,,,0,55,,9533,38,,,0,15,,9534,38,,,0,15,,9535,38,,,0,15,,9536,38,,,0,55,,9537,38,,,0,15,,9538,38,,,0,14,,9539,38,,,0,14,,9540,38,,,0,55,,9541,38,,,0,15,,9542,38,,,0,15,,9543,38,,,0,15,,9544,38,,,0,55,,9545,38,,,0,15,,9546,38,,,0,14,,9547,38,,,0,13,,9548,38,,,0,54,,9549,38,,,0,15,,9550,38,,,0,30,,9551,38,,,0,70,,9552,38,,,0,30,,9553,38,,,0,70,,9554,38,,,0,30,,9555,38,,,0,70,,9556,38,,,0,30,,9557,38,,,0,70,,9558,38,,,0,30,,9559,38,,,0,70,,9560,38,,,0,30,,9561,38,,,0
201,'244.0.2',632,,9562,38,,,0,100,,9563,38,,,0,95,,9564,38,,,0,20,,9565,38,,,0,60,,9566,38,,,0,20,,9567,38,,,0,21,,9568,38,,,0,62,,9569,38,,,0,20,,9570,38,,,0,20,,9571,38,,,0,60,,9572,38,,,0,20,,9573,38,,,0,20,,9574,38,,,0,60,,9575,38,,,0,20,,9576,38,,,0,20,,9577,38,,,0,60,,9578,38,,,0,20,,9579,38,,,0,20,,9580,38,,,0,60,,9581,38,,,0,20,,9582,38,,,0,20,,9583,38,,,0,60,,9584,38,,,0,20,,9585,38,,,0,20,,9586,38,,,0,60,,9587,38,,,0,20,,9588,38,,,0,20,,9589,38,,,0,60,,9590,38,,,0,20,,9591,38,,,0,20,,9592,38,,,0,60,,9593,38,,,0,15,,9594,38,,,0,27,,9595,38,,,0,69,,9596,38,,,0,30,,9597,38,,,0,70,,9598,38,,,0,30,,9599,38,,,0,70,,9600,38,,,0,30,,9601,38,,,0,70,,9602,38,,,0,30,,9603,38,,,0,70,,9604,38,,,0,30,,9605,38,,,0,70,,9606,38,,,0
201,'244.0.3',554,,9607,38,,,0,70,,9608,38,,,0,30,,9609,38,,,0,55,,9610,38,,,0,15,,9611,38,,,0,22,,9612,38,,,0,58,,9613,38,,,0,15,,9614,38,,,0,15,,9615,38,,,0,15,,9616,38,,,0,55,,9617,38,,,0,13,,9618,38,,,0,14,,9619,38,,,0,15,,9620,38,,,0,55,,9621,38,,,0,15,,9622,38,,,0,15,,9623,38,,,0,15,,9624,38,,,0,55,,9625,38,,,0,15,,9626,38,,,0,15,,9627,38,,,0,15,,9628,38,,,0,55,,9629,38,,,0,15,,9630,38,,,0,15,,9631,38,,,0,15,,9632,38,,,0,55,,9633,38,,,0,15,,9634,38,,,0,15,,9635,38,,,0,15,,9636,38,,,0,55,,9637,38,,,0,15,,9638,38,,,0,15,,9639,38,,,0,15,,9640,38,,,0,55,,9641,38,,,0,15,,9642,38,,,0,15,,9643,38,,,0,17,,9644,38,,,0,56,,9645,38,,,0,15,,9646,38,,,0,15,,9647,38,,,0,15,,9648,38,,,0,55,,9649,38,,,0,15,,9650,38,,,0,15,,9651,38,,,0,14,,9652,38,,,0,52,,9653,38,,,0,14,,9654,38,,,0,15,,9655,38,,,0,15,,9656,38,,,0,15,,9657,38,,,0,67,,9658,38,,,0,30,,9659,38,,,0,70,,9660,38,,,0,30,,9661,38,,,0,70,,9662,38,,,0,30,,9663,38,,,0,70,,9664,38,,,0,30,,9665,38,,,0,70,,9666,38,,,0,30,,9667,38,,,0,70,,9668,38,,,0,30,,9669,38,,,0
301,'244.0.1',630,,9812,34,,,0,100,,9813,34,,,0,100,,9814,34,,,0,70,,9815,34,,,0,30,,9816,34,,,0,70,,9817,34,,,0,30,,9818,34,,,0,74,,9819,34,,,0,30,,9820,34,,,0,70,,9821,34,,,0,30,,9822,34,,,0,70,,9823,34,,,0,30,,9824,34,,,0,70,,9825,34,,,0,30,,9826,34,,,0,70,,9827,34,,,0,30,,9828,34,,,0,70,,9829,34,,,0,30,,9830,34,,,0,70,,9831,34,,,0,30,,9832,34,,,0,70,,9833,34,,,0,26,,9834,34,,,0,70,,9835,34,,,0,30,,9836,34,,,0,70,,9837,34,,,0,30,,9838,34,,,0,70,,9839,34,,,0,30,,9840,34,,,0,70,,9841,34,,,0,30,,9842,34,,,0,70,,9843,34,,,0,30,,9844,34,,,0,70,,9845,34,,,0,30,,9846,34,,,0,70,,9847,34,,,0
301,'244.0.2',628,,9848,34,,,0,100,,9849,34,,,0,100,,9850,34,,,0,30,,9851,34,,,0,70,,9852,34,,,0,20,,9853,34,,,0,60,,9854,34,,,0,20,,9855,34,,,0,22,,9856,34,,,0,60,,9857,34,,,0,20,,9858,34,,,0,20,,9859,34,,,0,60,,9860,34,,,0,20,,9861,34,,,0,20,,9862,34,,,0,60,,9863,34,,,0,20,,9864,34,,,0,20,,9865,34,,,0,60,,9866,34,,,0,20,,9867,34,,,0,20,,9868,34,,,0,60,,9869,34,,,0,20,,9870,34,,,0,20,,9871,34,,,0,60,,9872,34,,,0,20,,9873,34,,,0,20,,9874,34,,,0,60,,9875,34,,,0,20,,9876,34,,,0,20,,9877,34,,,0,60,,9878,34,,,0,20,,9879,34,,,0,70,,9880,34,,,0,30,,9881,34,,,0,70,,9882,34,,,0,30,,9883,34,,,0,70,,9884,34,,,0,27,,9885,34,,,0,30,,9886,34,,,0,70,,9887,34,,,0,30,,9888,34,,,0,70,,9889,34,,,0,30,,9890,34,,,0,70,,9891,34,,,0
301,'244.0.3',602,,9892,34,,,0,30,,9893,34,,,0,15,,9894,34,,,0,55,,9895,34,,,0,15,,9896,34,,,0,15,,9897,34,,,0,19,,9898,34,,,0,58,,9899,34,,,0,15,,9900,34,,,0,15,,9901,34,,,0,15,,9902,34,,,0,55,,9903,34,,,0,15,,9904,34,,,0,13,,9905,34,,,0,16,,9906,34,,,0,60,,9907,34,,,0,20,,9908,34,,,0,20,,9909,34,,,0,60,,9910,34,,,0,20,,9911,34,,,0,20,,9912,34,,,0,60,,9913,34,,,0,20,,9914,34,,,0,20,,9915,34,,,0,60,,9916,34,,,0,20,,9917,34,,,0,20,,9918,34,,,0,60,,9919,34,,,0,20,,9920,34,,,0,20,,9921,34,,,0,61,,9922,34,,,0,22,,9923,34,,,0,15,,9924,34,,,0,55,,9925,34,,,0,15,,9926,34,,,0,15,,9927,34,,,0,15,,9928,34,,,0,55,,9929,34,,,0,15,,9930,34,,,0,15,,9931,34,,,0,15,,9932,34,,,0,52,,9933,34,,,0,13,,9934,34,,,0,14,,9935,34,,,0,15,,9936,34,,,0,55,,9937,34,,,0,20,,9938,34,,,0,20,,9939,34,,,0,60,,9940,34,,,0,20,,9941,34,,,0,20,,9942,34,,,0,60,,9943,34,,,0,20,,9944,34,,,0,10,,9945,34,,,0,70,,9946,34,,,0,29,,9947,34,,,0,27,,9948,34,,,0,70,,9949,34,,,0,33,,9950,34,,,0,70,,9951,34,,,0,30,,9952,34,,,0
500,'244.0.1',634,,10242,8,,,0,20,,10243,8,,,0,60,,10244,8,,,0,20,,10245,8,,,0,20,,10246,8,,,0,60,,10247,8,,,0,20,,10248,8,,,0,21,,10249,8,,,0,60,,10250,8,,,0,20,,10251,8,,,0,20,,10252,8,,,0,60,,10253,8,,,0,20,,10254,8,,,0,20,,10255,8,,,0,60,,10256,8,,,0,20,,10257,8,,,0,20,,10258,8,,,0,60,,10259,8,,,0,20,,10260,8,,,0,20,,10261,8,,,0,60,,10262,8,,,0,20,,10263,8,,,0,20,,10264,8,,,0,60,,10265,8,,,0,20,,10266,8,,,0,20,,10267,8,,,0,60,,10268,8,,,0,20,,10269,8,,,0,20,,10270,8,,,0,60,,10271,8,,,0,20,,10272,8,,,0,20,,10273,8,,,0,60,,10274,8,,,0,20,,10275,8,,,0,20,,10276,8,,,0,60,,10277,8,,,0,20,,10278,8,,,0,20,,10279,8,,,0,60,,10280,8,,,0,20,,10281,8,,,0,20,,10282,8,,,0,60,,10283,8,,,0,20,,10284,8,,,0,20,,10285,8,,,0,60,,10286,8,,,0,20,,10287,8,,,0,20,,10288,8,,,0,60,,10289,8,,,0,30,,10290,8,,,0,70,,10291,8,,,0,30,,10292,8,,,0,70,,10293,8,,,0,30,,10294,8,,,0,70,,10295,8,,,0
500,'244.0.2',634,,10296,8,,,0,70,,10297,8,,,0,30,,10298,8,,,0,70,,10299,8,,,0,30,,10300,8,,,0,70,,10301,8,,,0,30,,10302,8,,,0,71,,10303,8,,,0,30,,10304,8,,,0,70,,10305,8,,,0,30,,10306,8,,,0,70,,10307,8,,,0,30,,10308,8,,,0,70,,10309,8,,,0,30,,10310,8,,,0,70,,10311,8,,,0,30,,10312,8,,,0,70,,10313,8,,,0,30,,10314,8,,,0,70,,10315,8,,,0,30,,10316,8,,,0,70,,10317,8,,,0,30,,10318,8,,,0,70,,10319,8,,,0,30,,10320,8,,,0,70,,10321,8,,,0,30,,10322,8,,,0,70,,10323,8,,,0,30,,10324,8,,,0,70,,10325,8,,,0,30,,10326,8,,,0,70,,10327,8,,,0,30,,10328,8,,,0,70,,10329,8,,,0,30,,10330,8,,,0,70,,10331,8,,,0
500,'244.0.3',534,,10332,8,,,0,70,,10333,8,,,0,15,,10334,8,,,0,15,,10335,8,,,0,15,,10336,8,,,0,55,,10337,8,,,0,15,,10338,8,,,0,15,,10339,8,,,0,15,,10340,8,,,0,55,,10341,8,,,0,15,,10342,8,,,0,15,,10343,8,,,0,15,,10344,8,,,0,56,,10345,8,,,0,15,,10346,8,,,0,15,,10347,8,,,0,15,,10348,8,,,0,55,,10349,8,,,0,15,,10350,8,,,0,15,,10351,8,,,0,15,,10352,8,,,0,55,,10353,8,,,0,15,,10354,8,,,0,15,,10355,8,,,0,15,,10356,8,,,0,55,,10357,8,,,0,15,,10358,8,,,0,15,,10359,8,,,0,15,,10360,8,,,0,55,,10361,8,,,0,15,,10362,8,,,0,15,,10363,8,,,0,15,,10364,8,,,0,55,,10365,8,,,0,15,,10366,8,,,0,15,,10367,8,,,0,15,,10368,8,,,0,55,,10369,8,,,0,15,,10370,8,,,0,15,,10371,8,,,0,15,,10372,8,,,0,55,,10373,8,,,0,15,,10374,8,,,0,15,,10375,8,,,0,15,,10376,8,,,0,55,,10377,8,,,0,15,,10378,8,,,0,15,,10379,8,,,0,15,,10380,8,,,0,55,,10381,8,,,0,15,,10382,8,,,0,15,,10383,8,,,0,20,,10384,8,,,0,55,,10385,8,,,0,20,,10386,8,,,0,20,,10387,8,,,0,60,,10388,8,,,0,20,,10389,8,,,0,20,,10390,8,,,0,60,,10391,8,,,0,20,,10392,8,,,0,20,,10393,8,,,0,75,,10394,8,,,0,30,,10395,8,,,0,70,,10396,8,,,0,30,,10397,8,,,0,70,,10398,8,,,0,30,,10399,8,,,0
5000,'244.0.3',1522,,12081,11,,,0,30,,12082,11,,,0,70,,12083,11,,,0,30,,12084,11,,,0
1001000,'244.0.3',639,,15910,25,,,0,19,,15911,25,,,0,59,,15912,25,,,0,28,,15913,25,,,0,58,,15914,25,,,0,20,,15915,25,,,0,20,,15916,25,,,0,60,,15917,25,,,0,20,,15918,25,,,0,500,,15919,25,,,0,19,,15920,25,,,0,60,,15921,25,,,0,20,,15922,25,,,0,20,,15923,25,,,0,64,,15924,25,,,0,20,,15925,25,,,0,20,,15926,25,,,0,60,,15927,25,,,0,10,,15928,25,,,0,29,,15929,25,,,0,60,,15930,25,,,0,19,,15931,25,,,0,16,,15932,25,,,0
2001000,'244.0.1',648,,16899,25,,,0,85,,16900,25,,,0,70,,16901,25,,,0,30,,16902,25,,,0,70,,16903,25,,,0,30,,16904,25,,,0,73,,16905,25,,,0,30,,16906,25,,,0,70,,16907,25,,,0,32,,16908,25,,,0,70,,16909,25,,,0,30,,16910,25,,,0,70,,16911,25,,,0,30,,16912,25,,,0,70,,16913,25,,,0,30,,16914,25,,,0,70,,16915,25,,,0,30,,16916,25,,,0,70,,16917,25,,,0,30,,16918,25,,,0,70,,16919,25,,,0,30,,16920,25,,,0,70,,16921,25,,,0,30,,16922,25,,,0,68,,16923,25,,,0,30,,16924,25,,,0,70,,16925,25,,,0,45,,16926,25,,,0,98,,16927,25,,,0,100,,16928,25,,,0,100,,16929,25,,,0
2001000,'244.0.2',648,,16930,25,,,0,155,,16931,25,,,0,30,,16932,25,,,0,70,,16933,25,,,0,30,,16934,25,,,0,72,,16935,25,,,0,30,,16936,25,,,0,70,,16937,25,,,0,30,,16938,25,,,0,70,,16939,25,,,0,30,,16940,25,,,0,70,,16941,25,,,0,30,,16942,25,,,0,71,,16943,25,,,0,30,,16944,25,,,0,70,,16945,25,,,0,30,,16946,25,,,0,70,,16947,25,,,0,30,,16948,25,,,0,70,,16949,25,,,0,30,,16950,25,,,0,70,,16951,25,,,0,45,,16952,25,,,0,97,,16953,25,,,0,100,,16954,25,,,0,100,,16955,25,,,0,100,,16956,25,,,0,100,,16957,25,,,0,100,,16958,25,,,0
2001000,'244.0.3',601,,16959,25,,,0,51,,16960,25,,,0,60,,16961,25,,,0,20,,16962,25,,,0,20,,16963,25,,,0,63,,16964,25,,,0,21,,16965,25,,,0,20,,16966,25,,,0,60,,16967,25,,,0,37,,16968,25,,,0,70,,16969,25,,,0,30,,16970,25,,,0,70,,16971,25,,,0,30,,16972,25,,,0,70,,16973,25,,,0,30,,16974,25,,,0,70,,16975,25,,,0,30,,16976,25,,,0,65,,16977,25,,,0,17,,16978,25,,,0,20,,16979,25,,,0,60,,16980,25,,,0,20,,16981,25,,,0,24,,16982,25,,,0,60,,16983,25,,,0,20,,16984,25,,,0,20,,16985,25,,,0,60,,16986,25,,,0,19,,16987,25,,,0,20,,16988,25,,,0,59,,16989,25,,,0,16,,16990,25,,,0,23,,16991,25,,,0,60,,16992,25,,,0,24,,16993,25,,,0,70,,16994,25,,,0,30,,16995,25,,,0,70,,16996,25,,,0,30,,16997,25,,,0
3001000,'244.0.1',618,,17448,25,,,0,100,,17449,25,,,0,30,,17450,25,,,0,70,,17451,25,,,0,30,,17452,25,,,0,70,,17453,25,,,0,33,,17454,25,,,0,70,,17455,25,,,0,30,,17456,25,,,0,70,,17457,25,,,0,32,,17458,25,,,0,70,,17459,25,,,0,30,,17460,25,,,0,70,,17461,25,,,0,30,,17462,25,,,0,70,,17463,25,,,0,30,,17464,25,,,0,70,,17465,25,,,0,30,,17466,25,,,0,70,,17467,25,,,0,30,,17468,25,,,0,70,,17469,25,,,0,30,,17470,25,,,0,70,,17471,25,,,0,28,,17472,25,,,0,70,,17473,25,,,0,100,,17474,25,,,0,100,,17475,25,,,0,98,,17476,25,,,0,100,,17477,25,,,0,100,,17478,25,,,0
3001000,'244.0.2',618,,17480,25,,,0,100,,17481,25,,,0,30,,17482,25,,,0,70,,17483,25,,,0,30,,17484,25,,,0,70,,17485,25,,,0,30,,17486,25,,,0,72,,17487,25,,,0,30,,17488,25,,,0,70,,17489,25,,,0,30,,17490,25,,,0,70,,17491,25,,,0,30,,17492,25,,,0,70,,17493,25,,,0,30,,17494,25,,,0,71,,17495,25,,,0,30,,17496,25,,,0,70,,17497,25,,,0,30,,17498,25,,,0,70,,17499,25,,,0,30,,17500,25,,,0,70,,17501,25,,,0,30,,17502,25,,,0,70,,17503,25,,,0,100,,17504,25,,,0,97,,17505,25,,,0,100,,17506,25,,,0,100,,17507,25,,,0,100,,17508,25,,,0
3001000,'244.0.3',606,,17512,25,,,0,19,,17513,25,,,0,20,,17514,25,,,0,59,,17515,25,,,0,18,,17516,25,,,0,17,,17517,25,,,0,18,,17518,25,,,0,73,,17519,25,,,0,20,,17520,25,,,0,60,,17521,25,,,0,28,,17522,25,,,0,70,,17523,25,,,0,30,,17524,25,,,0,70,,17525,25,,,0,30,,17526,25,,,0,70,,17527,25,,,0,30,,17528,25,,,0,70,,17529,25,,,0,30,,17530,25,,,0,70,,17531,25,,,0,20,,17532,25,,,0,20,,17533,25,,,0,60,,17534,25,,,0,20,,17535,25,,,0,21,,17536,25,,,0,63,,17537,25,,,0,20,,17538,25,,,0,20,,17539,25,,,0,60,,17540,25,,,0,19,,17541,25,,,0,20,,17542,25,,,0,59,,17543,25,,,0,16,,17544,25,,,0,20,,17545,25,,,0,60,,17546,25,,,0,19,,17547,25,,,0,30,,17548,25,,,0,70,,17549,25,,,0,30,,17550,25,,,0,70,,17551,25,,,0,30,,17552,25,,,0,67,,17553,25,,,0,30,,17554,25,,,0,70,,17555,25,,,0,30,,17556,25,,,0,70,,17557,25,,,0
