801,'244.0.1',552,,10684,47,,,0,70,,10685,47,,,0,30,,10686,47,,,0,70,,10687,47,,,0,30,,10688,47,,,0,73,,10689,47,,,0,30,,10690,47,,,0,70,,10691,47,,,0,30,,10692,47,,,0,74,,10693,47,,,0,30,,10694,47,,,0,70,,10695,47,,,0,30,,10696,47,,,0,70,,10697,47,,,0,71,,10698,47,,,0,31,,10699,47,,,0,70,,10700,47,,,0,30,,10701,47,,,0,70,,10702,47,,,0,30,,10703,47,,,0,70,,10704,47,,,0,30,,10705,47,,,0,70,,10706,47,,,0,30,,10707,47,,,0,28,,10708,47,,,0,69,,10709,47,,,0,30,,10710,47,,,0,70,,10711,47,,,0,25,,10712,47,,,0,69,,10713,47,,,0,30,,10714,47,,,0,70,,10715,47,,,0,30,,10716,47,,,0,70,,10717,47,,,0,30,,10718,47,,,0,70,,10719,47,,,0,30,,10720,47,,,0,100,,10721,47,,,0
801,'244.0.2',556,,10722,47,,,0,70,,10723,47,,,0,30,,10724,47,,,0,70,,10725,47,,,0,30,,10726,47,,,0,70,,10727,47,,,0,30,,10728,47,,,0,75,,10729,47,,,0,70,,10730,47,,,0,30,,10731,47,,,0,70,,10732,47,,,0,30,,10733,47,,,0,70,,10734,47,,,0,30,,10735,47,,,0,70,,10736,47,,,0,30,,10737,47,,,0,70,,10738,47,,,0,30,,10739,47,,,0,70,,10740,47,,,0,30,,10741,47,,,0,70,,10742,47,,,0,30,,10743,47,,,0,70,,10744,47,,,0,30,,10745,47,,,0,70,,10746,47,,,0,28,,10747,47,,,0,30,,10748,47,,,0,70,,10749,47,,,0,30,,10750,47,,,0,70,,10751,47,,,0,30,,10752,47,,,0,67,,10753,47,,,0,30,,10754,47,,,0,70,,10755,47,,,0,100,,10756,47,,,0,100,,10757,47,,,0
801,'244.0.3',542,,10758,47,,,0,70,,10759,47,,,0,30,,10760,47,,,0,60,,10761,47,,,0,23,,10762,47,,,0,20,,10763,47,,,0,60,,10764,47,,,0,20,,10765,47,,,0,20,,10766,47,,,0,60,,10767,47,,,0,17,,10768,47,,,0,20,,10769,47,,,0,60,,10770,47,,,0,20,,10771,47,,,0,20,,10772,47,,,0,60,,10773,47,,,0,20,,10774,47,,,0,20,,10775,47,,,0,60,,10776,47,,,0,20,,10777,47,,,0,20,,10778,47,,,0,60,,10779,47,,,0,20,,10780,47,,,0,20,,10781,47,,,0,60,,10782,47,,,0,20,,10783,47,,,0,20,,10784,47,,,0,60,,10785,47,,,0,23,,10786,47,,,0,33,,10787,47,,,0,70,,10788,47,,,0,30,,10789,47,,,0,70,,10790,47,,,0,30,,10791,47,,,0,65,,10792,47,,,0,28,,10793,47,,,0,70,,10794,47,,,0,30,,10795,47,,,0,70,,10796,47,,,0,30,,10797,47,,,0,67,,10798,47,,,0,29,,10799,47,,,0,70,,10800,47,,,0,30,,10801,47,,,0,70,,10802,47,,,0,30,,10803,47,,,0,70,,10804,47,,,0,30,,10805,47,,,0
9001,'244.0.1',616,,14654,32,,,0,30,,14655,32,,,0,70,,14656,32,,,0,25,,14657,32,,,0,70,,14658,32,,,0,30,,14659,32,,,0,70,,14660,32,,,0,25,,14661,32,,,0,71,,14662,32,,,0,31,,14663,32,,,0,70,,14664,32,,,0,30,,14665,32,,,0,70,,14666,32,,,0,30,,14667,32,,,0,70,,14668,32,,,0,30,,14669,32,,,0,70,,14670,32,,,0,30,,14671,32,,,0,70,,14672,32,,,0,30,,14673,32,,,0,70,,14674,32,,,0,30,,14675,32,,,0,70,,14676,32,,,0,35,,14677,32,,,0,68,,14678,32,,,0,29,,14679,32,,,0,70,,14680,32,,,0,30,,14681,32,,,0,70,,14682,32,,,0,100,,14683,32,,,0,100,,14684,32,,,0,100,,14685,32,,,0,100,,14686,32,,,0
9001,'244.0.2',603,,14687,32,,,0,100,,14688,32,,,0,100,,14689,32,,,0,100,,14690,32,,,0,56,,14691,32,,,0,142,,14692,32,,,0,100,,14693,32,,,0,102,,14694,32,,,0,100,,14695,32,,,0,98,,14696,32,,,0,100,,14697,32,,,0,100,,14698,32,,,0,58,,14699,32,,,0,143,,14700,32,,,0,105,,14701,32,,,0,98,,14702,32,,,0,100,,14703,32,,,0,99,,14704,32,,,0
9001,'244.0.3',548,,14705,32,,,0,70,,14706,32,,,0,30,,14707,32,,,0,60,,14739,32,,,0,13,,14708,32,,,0,15,,14740,32,,,0,10,,14709,32,,,0,55,,14741,32,,,0,15,,14710,32,,,0,17,,14742,32,,,0,12,,14711,32,,,0,55,,14743,32,,,0,15,,14712,32,,,0,30,,14713,32,,,0,65,,14714,32,,,0,30,,14715,32,,,0,70,,14716,32,,,0,30,,14717,32,,,0,70,,14718,32,,,0,30,,14719,32,,,0,70,,14720,32,,,0,30,,14721,32,,,0,70,,14722,32,,,0,30,,14723,32,,,0,70,,14724,32,,,0,33,,14725,32,,,0,61,,14744,32,,,0,22,,14726,32,,,0,8,,14745,32,,,0,25,,14727,32,,,0,55,,14746,32,,,0,15,,14728,32,,,0,15,,14747,32,,,0,12,,14729,32,,,0,53,,14748,32,,,0,13,,14730,32,,,0,12,,14749,32,,,0,13,,14731,32,,,0,12,,14750,32,,,0,53,,14732,32,,,0,30,,14733,32,,,0,69,,14734,32,,,0,30,,14735,32,,,0,100,,14736,32,,,0,100,,14737,32,,,0,100,,14738,32,,,0
9101,'244.0.1',810,,14805,36,,,0,100,,14806,36,,,0,100,,14807,36,,,0,100,,14808,36,,,0,100,,14809,36,,,0,100,,14810,36,,,0,100,,14811,36,,,0,100,,14812,36,,,0,100,,14813,36,,,0,100,,14814,36,,,0,100,,14815,36,,,0,100,,14816,36,,,0,100,,14817,36,,,0,100,,14818,36,,,0,100,,14819,36,,,0,100,,14820,36,,,0
9101,'244.0.2',839,,14821,36,,,0,100,,14822,36,,,0,100,,14823,36,,,0,100,,14824,36,,,0,100,,14825,36,,,0,100,,14826,36,,,0,100,,14827,36,,,0,100,,14828,36,,,0,100,,14829,36,,,0,100,,14830,36,,,0,100,,14831,36,,,0,100,,14832,36,,,0,100,,14833,36,,,0,100,,14834,36,,,0,100,,14835,36,,,0
9101,'244.0.3',613,,14836,36,,,0,30,,14837,36,,,0,77,,14838,36,,,0,24,,14839,36,,,0,70,,14840,36,,,0,37,,14841,36,,,0,67,,14842,36,,,0,29,,14843,36,,,0,100,,14844,36,,,0,103,,14845,36,,,0,100,,14846,36,,,0,99,,14847,36,,,0,108,,14848,36,,,0,101,,14849,36,,,0,71,,14850,36,,,0,30,,14851,36,,,0,72,,14852,36,,,0,70,,14853,36,,,0,24,,14854,36,,,0,94,,14855,36,,,0,100,,14856,36,,,0,100,,14857,36,,,0,100,,14858,36,,,0,100,,14859,36,,,0
9301,'244.0.3',619,,14867,33,,,0,30,,14868,33,,,0,70,,14869,33,,,0,30,,14870,33,,,0,71,,14871,33,,,0,30,,14872,33,,,0
