100,'244.0.1',615,,8843,32,,,0,15,,8844,32,,,0,15,,8845,32,,,0,55,,8846,32,,,0,15,,8847,32,,,0,15,,8848,32,,,0,15,,8849,32,,,0,55,,8850,32,,,0,18,,8851,32,,,0,15,,8852,32,,,0,15,,8853,32,,,0,55,,8854,32,,,0,15,,8855,32,,,0,16,,8856,32,,,0,17,,8857,32,,,0,55,,8858,32,,,0,15,,8859,32,,,0,15,,8860,32,,,0,15,,8861,32,,,0,58,,8862,32,,,0,16,,8863,32,,,0,15,,8864,32,,,0,15,,8865,32,,,0,55,,8866,32,,,0,15,,8867,32,,,0,15,,8868,32,,,0,15,,8869,32,,,0,55,,8870,32,,,0,15,,8871,32,,,0,15,,8872,32,,,0,15,,8873,32,,,0,55,,8874,32,,,0,15,,8875,32,,,0,15,,8876,32,,,0,15,,8877,32,,,0,55,,8878,32,,,0,15,,8879,32,,,0,15,,8880,32,,,0,15,,8881,32,,,0,55,,8882,32,,,0,15,,8883,32,,,0,15,,8884,32,,,0,15,,8885,32,,,0,55,,8886,32,,,0,15,,8887,32,,,0,15,,8888,32,,,0,15,,8889,32,,,0,55,,8890,32,,,0,15,,8891,32,,,0,15,,8892,32,,,0,15,,8893,32,,,0,55,,8894,32,,,0,13,,8895,32,,,0,14,,8896,32,,,0,15,,8897,32,,,0,55,,8898,32,,,0,15,,8899,32,,,0,15,,8900,32,,,0,15,,8901,32,,,0,55,,8902,32,,,0,15,,8903,32,,,0,15,,8904,32,,,0,15,,8905,32,,,0,55,,8906,32,,,0,13,,8907,32,,,0,13,,8908,32,,,0,15,,8909,32,,,0,55,,8910,32,,,0,15,,8911,32,,,0,15,,8912,32,,,0,15,,8913,32,,,0,55,,8914,32,,,0,15,,8915,32,,,0,15,,8916,32,,,0,15,,8917,32,,,0,55,,8918,32,,,0
100,'244.0.2',616,,8919,32,,,0,15,,8920,32,,,0,15,,8921,32,,,0,55,,8922,32,,,0,15,,8923,32,,,0,15,,8924,32,,,0,15,,8925,32,,,0,55,,8926,32,,,0,15,,8927,32,,,0,15,,8928,32,,,0,18,,8929,32,,,0,55,,8930,32,,,0,15,,8931,32,,,0,15,,8932,32,,,0,15,,8933,32,,,0,55,,8934,32,,,0,16,,8935,32,,,0,17,,8936,32,,,0,15,,8937,32,,,0,55,,8938,32,,,0,15,,8939,32,,,0,15,,8940,32,,,0,15,,8941,32,,,0,57,,8942,32,,,0,16,,8943,32,,,0,15,,8944,32,,,0,15,,8945,32,,,0,55,,8946,32,,,0,15,,8947,32,,,0,15,,8948,32,,,0,15,,8949,32,,,0,55,,8950,32,,,0,15,,8951,32,,,0,15,,8952,32,,,0,15,,8953,32,,,0,55,,8954,32,,,0,15,,8955,32,,,0,15,,8956,32,,,0,15,,8957,32,,,0,55,,8958,32,,,0,15,,8959,32,,,0,15,,8960,32,,,0,15,,8961,32,,,0,55,,8962,32,,,0,15,,8963,32,,,0,15,,8964,32,,,0,15,,8965,32,,,0,55,,8966,32,,,0,15,,8967,32,,,0,13,,8968,32,,,0,13,,8969,32,,,0,55,,8970,32,,,0,15,,8971,32,,,0,15,,8972,32,,,0,15,,8973,32,,,0,55,,8974,32,,,0,15,,8975,32,,,0,15,,8976,32,,,0,70,,8977,32,,,0,30,,8978,32,,,0,70,,8979,32,,,0,27,,8980,32,,,0,70,,8981,32,,,0,30,,8982,32,,,0,70,,8983,32,,,0
100,'244.0.3',626,,8985,32,,,0,10,,8986,32,,,0,10,,8987,32,,,0,10,,8988,32,,,0,50,,8989,32,,,0,10,,8990,32,,,0,10,,8991,32,,,0,12,,8992,32,,,0,13,,8993,32,,,0,53,,8994,32,,,0,10,,8995,32,,,0,10,,8996,32,,,0,10,,8997,32,,,0,10,,8998,32,,,0,10,,8999,32,,,0,50,,9000,32,,,0,10,,9001,32,,,0,10,,9002,32,,,0,9,,9003,32,,,0,9,,9004,32,,,0,9,,9005,32,,,0,50,,9006,32,,,0,10,,9007,32,,,0,10,,9008,32,,,0,10,,9009,32,,,0,10,,9010,32,,,0,10,,9011,32,,,0,50,,9012,32,,,0,10,,9013,32,,,0,10,,9014,32,,,0,10,,9015,32,,,0,10,,9016,32,,,0,10,,9017,32,,,0,50,,9018,32,,,0,10,,9019,32,,,0,10,,9020,32,,,0,10,,9021,32,,,0,10,,9022,32,,,0,10,,9023,32,,,0,50,,9024,32,,,0,10,,9025,32,,,0,10,,9026,32,,,0,10,,9027,32,,,0,10,,9028,32,,,0,10,,9029,32,,,0,50,,9030,32,,,0,10,,9031,32,,,0,10,,9032,32,,,0,10,,9033,32,,,0,10,,9034,32,,,0,10,,9035,32,,,0,50,,9036,32,,,0,10,,9037,32,,,0,11,,9038,32,,,0,11,,9039,32,,,0,12,,9040,32,,,0,10,,9041,32,,,0,50,,9042,32,,,0,10,,9043,32,,,0,10,,9044,32,,,0,10,,9045,32,,,0,10,,9046,32,,,0,10,,9047,32,,,0,50,,9048,32,,,0,10,,9049,32,,,0,10,,9050,32,,,0,10,,9051,32,,,0,10,,9052,32,,,0,10,,9053,32,,,0,49,,9054,32,,,0,8,,9055,32,,,0,7,,9056,32,,,0,8,,9057,32,,,0,10,,9058,32,,,0,10,,9059,32,,,0,10,,9060,32,,,0,50,,9061,32,,,0,10,,9062,32,,,0,10,,9063,32,,,0,10,,9064,32,,,0,10,,9065,32,,,0,10,,9066,32,,,0,50,,9067,32,,,0,10,,9068,32,,,0,10,,9069,32,,,0,10,,9070,32,,,0,10,,9071,32,,,0,10,,9072,32,,,0,50,,9073,32,,,0,10,,9074,32,,,0,10,,9075,32,,,0,10,,9076,32,,,0,10,,9077,32,,,0,10,,9078,32,,,0,49,,9079,32,,,0,10,,9080,32,,,0,8,,9081,32,,,0,15,,9082,32,,,0,15,,9083,32,,,0,55,,9084,32,,,0,15,,9085,32,,,0,15,,9086,32,,,0,15,,9087,32,,,0,55,,9088,32,,,0,15,,9089,32,,,0,15,,9090,32,,,0,15,,9091,32,,,0
500,'244.0.1',632,,10242,5,,,0,20,,10243,5,,,0,60,,10244,5,,,0,20,,10245,5,,,0,20,,10246,5,,,0,60,,10247,5,,,0,20,,10248,5,,,0,21,,10249,5,,,0,60,,10250,5,,,0,20,,10251,5,,,0,20,,10252,5,,,0,60,,10253,5,,,0,20,,10254,5,,,0,20,,10255,5,,,0,60,,10256,5,,,0,20,,10257,5,,,0,20,,10258,5,,,0,60,,10259,5,,,0,20,,10260,5,,,0,20,,10261,5,,,0,60,,10262,5,,,0,20,,10263,5,,,0,20,,10264,5,,,0,60,,10265,5,,,0,20,,10266,5,,,0,20,,10267,5,,,0,60,,10268,5,,,0,20,,10269,5,,,0,20,,10270,5,,,0,60,,10271,5,,,0,20,,10272,5,,,0,20,,10273,5,,,0,60,,10274,5,,,0,20,,10275,5,,,0,20,,10276,5,,,0,60,,10277,5,,,0,20,,10278,5,,,0,20,,10279,5,,,0,60,,10280,5,,,0,20,,10281,5,,,0,20,,10282,5,,,0,60,,10283,5,,,0,20,,10284,5,,,0,20,,10285,5,,,0,60,,10286,5,,,0,20,,10287,5,,,0,20,,10288,5,,,0,60,,10289,5,,,0,30,,10290,5,,,0,70,,10291,5,,,0,30,,10292,5,,,0,70,,10293,5,,,0,30,,10294,5,,,0,70,,10295,5,,,0
500,'244.0.2',632,,10296,5,,,0,70,,10297,5,,,0,30,,10298,5,,,0,70,,10299,5,,,0,30,,10300,5,,,0,70,,10301,5,,,0,30,,10302,5,,,0,71,,10303,5,,,0,30,,10304,5,,,0,70,,10305,5,,,0,30,,10306,5,,,0,70,,10307,5,,,0,30,,10308,5,,,0,70,,10309,5,,,0,30,,10310,5,,,0,70,,10311,5,,,0,30,,10312,5,,,0,70,,10313,5,,,0,30,,10314,5,,,0,70,,10315,5,,,0,30,,10316,5,,,0,70,,10317,5,,,0,30,,10318,5,,,0,70,,10319,5,,,0,30,,10320,5,,,0,70,,10321,5,,,0,30,,10322,5,,,0,70,,10323,5,,,0,30,,10324,5,,,0,70,,10325,5,,,0,30,,10326,5,,,0,70,,10327,5,,,0,30,,10328,5,,,0,70,,10329,5,,,0,30,,10330,5,,,0,70,,10331,5,,,0
500,'244.0.3',532,,10332,5,,,0,70,,10333,5,,,0,15,,10334,5,,,0,15,,10335,5,,,0,15,,10336,5,,,0,55,,10337,5,,,0,15,,10338,5,,,0,15,,10339,5,,,0,15,,10340,5,,,0,55,,10341,5,,,0,15,,10342,5,,,0,15,,10343,5,,,0,15,,10344,5,,,0,56,,10345,5,,,0,15,,10346,5,,,0,15,,10347,5,,,0,15,,10348,5,,,0,55,,10349,5,,,0,15,,10350,5,,,0,15,,10351,5,,,0,15,,10352,5,,,0,55,,10353,5,,,0,15,,10354,5,,,0,15,,10355,5,,,0,15,,10356,5,,,0,55,,10357,5,,,0,15,,10358,5,,,0,15,,10359,5,,,0,15,,10360,5,,,0,55,,10361,5,,,0,15,,10362,5,,,0,15,,10363,5,,,0,15,,10364,5,,,0,55,,10365,5,,,0,15,,10366,5,,,0,15,,10367,5,,,0,15,,10368,5,,,0,55,,10369,5,,,0,15,,10370,5,,,0,15,,10371,5,,,0,15,,10372,5,,,0,55,,10373,5,,,0,15,,10374,5,,,0,15,,10375,5,,,0,15,,10376,5,,,0,55,,10377,5,,,0,15,,10378,5,,,0,15,,10379,5,,,0,15,,10380,5,,,0,55,,10381,5,,,0,15,,10382,5,,,0,15,,10383,5,,,0,20,,10384,5,,,0,55,,10385,5,,,0,20,,10386,5,,,0,20,,10387,5,,,0,60,,10388,5,,,0,20,,10389,5,,,0,20,,10390,5,,,0,60,,10391,5,,,0,20,,10392,5,,,0,20,,10393,5,,,0,75,,10394,5,,,0,30,,10395,5,,,0,70,,10396,5,,,0,30,,10397,5,,,0,70,,10398,5,,,0,30,,10399,5,,,0
5000,'244.0.3',1521,,12081,8,,,0,30,,12082,8,,,0,70,,12083,8,,,0,30,,12084,8,,,0
1001000,'244.0.3',636,,15910,22,,,0,19,,15911,22,,,0,59,,15912,22,,,0,28,,15913,22,,,0,58,,15914,22,,,0,20,,15915,22,,,0,20,,15916,22,,,0,60,,15917,22,,,0,20,,15918,22,,,0,500,,15919,22,,,0,19,,15920,22,,,0,20,,15921,22,,,0,60,,15922,22,,,0,20,,15923,22,,,0,64,,15924,22,,,0,20,,15925,22,,,0,20,,15926,22,,,0,60,,15927,22,,,0,10,,15928,22,,,0,29,,15929,22,,,0,60,,15930,22,,,0,19,,15931,22,,,0,16,,15932,22,,,0
2000700,'244.0.1',622,,16434,5,,,0,20,,16435,5,,,0,60,,16436,5,,,0,20,,16437,5,,,0,20,,16438,5,,,0,60,,16439,5,,,0,20,,16440,5,,,0,20,,16441,5,,,0,60,,16442,5,,,0,20,,16443,5,,,0,21,,16444,5,,,0,60,,16445,5,,,0,20,,16446,5,,,0,20,,16447,5,,,0,60,,16448,5,,,0,20,,16449,5,,,0,20,,16450,5,,,0,60,,16451,5,,,0,20,,16452,5,,,0,20,,16453,5,,,0,60,,16454,5,,,0,20,,16455,5,,,0,20,,16456,5,,,0,60,,16457,5,,,0,20,,16458,5,,,0,20,,16459,5,,,0,60,,16460,5,,,0,20,,16461,5,,,0,20,,16462,5,,,0,60,,16463,5,,,0,20,,16464,5,,,0,20,,16465,5,,,0,60,,16466,5,,,0,20,,16467,5,,,0,20,,16468,5,,,0,60,,16469,5,,,0,20,,16470,5,,,0,20,,16471,5,,,0,60,,16472,5,,,0,20,,16473,5,,,0,19,,16474,5,,,0,60,,16475,5,,,0,20,,16476,5,,,0,20,,16477,5,,,0,60,,16478,5,,,0,20,,16479,5,,,0,20,,16480,5,,,0,60,,16481,5,,,0,20,,16482,5,,,0,20,,16483,5,,,0,60,,16484,5,,,0,20,,16485,5,,,0,20,,16486,5,,,0,60,,16487,5,,,0
2000700,'244.0.2',622,,16488,5,,,0,30,,16489,5,,,0,70,,16490,5,,,0,30,,16491,5,,,0,70,,16492,5,,,0,30,,16493,5,,,0,70,,16494,5,,,0,31,,16495,5,,,0,70,,16496,5,,,0,30,,16497,5,,,0,70,,16498,5,,,0,30,,16499,5,,,0,70,,16500,5,,,0,30,,16501,5,,,0,70,,16502,5,,,0,30,,16503,5,,,0,70,,16504,5,,,0,30,,16505,5,,,0,70,,16506,5,,,0,30,,16507,5,,,0,70,,16508,5,,,0,30,,16509,5,,,0,70,,16510,5,,,0,30,,16511,5,,,0,70,,16512,5,,,0,29,,16513,5,,,0,70,,16514,5,,,0,30,,16515,5,,,0,70,,16516,5,,,0,30,,16517,5,,,0,70,,16518,5,,,0,30,,16519,5,,,0,70,,16520,5,,,0,30,,16521,5,,,0,70,,16522,5,,,0,30,,16523,5,,,0
2000700,'244.0.3',613,,16524,5,,,0,15,,16525,5,,,0,15,,16526,5,,,0,15,,16527,5,,,0,55,,16528,5,,,0,15,,16529,5,,,0,16,,16530,5,,,0,60,,16531,5,,,0,19,,16532,5,,,0,15,,16533,5,,,0,15,,16534,5,,,0,55,,16535,5,,,0,14,,16536,5,,,0,13,,16537,5,,,0,15,,16538,5,,,0,55,,16539,5,,,0,15,,16540,5,,,0,15,,16541,5,,,0,15,,16542,5,,,0,55,,16543,5,,,0,15,,16544,5,,,0,15,,16545,5,,,0,15,,16546,5,,,0,55,,16547,5,,,0,15,,16548,5,,,0,15,,16549,5,,,0,15,,16550,5,,,0,55,,16551,5,,,0,15,,16552,5,,,0,15,,16553,5,,,0,15,,16554,5,,,0,55,,16555,5,,,0,15,,16556,5,,,0,15,,16557,5,,,0,16,,16558,5,,,0,55,,16559,5,,,0,15,,16560,5,,,0,17,,16561,5,,,0,15,,16562,5,,,0,55,,16563,5,,,0,15,,16564,5,,,0,15,,16565,5,,,0,15,,16566,5,,,0,55,,16567,5,,,0,15,,16568,5,,,0,14,,16569,5,,,0,12,,16570,5,,,0,54,,16571,5,,,0,15,,16572,5,,,0,15,,16573,5,,,0,15,,16574,5,,,0,55,,16575,5,,,0,12,,16576,5,,,0,13,,16577,5,,,0,15,,16578,5,,,0,15,,16579,5,,,0,55,,16580,5,,,0,15,,16581,5,,,0,15,,16582,5,,,0,14,,16583,5,,,0,55,,16584,5,,,0,15,,16585,5,,,0,15,,16586,5,,,0,15,,16587,5,,,0,55,,16588,5,,,0,15,,16589,5,,,0,15,,16590,5,,,0,15,,16591,5,,,0,55,,16592,5,,,0,30,,16593,5,,,0,70,,16594,5,,,0,30,,16595,5,,,0,70,,16596,5,,,0
2001000,'244.0.1',645,,16899,22,,,0,85,,16900,22,,,0,70,,16901,22,,,0,30,,16902,22,,,0,70,,16903,22,,,0,30,,16904,22,,,0,73,,16905,22,,,0,30,,16906,22,,,0,70,,16907,22,,,0,32,,16908,22,,,0,70,,16909,22,,,0,30,,16910,22,,,0,70,,16911,22,,,0,30,,16912,22,,,0,70,,16913,22,,,0,30,,16914,22,,,0,70,,16915,22,,,0,30,,16916,22,,,0,70,,16917,22,,,0,30,,16918,22,,,0,70,,16919,22,,,0,30,,16920,22,,,0,70,,16921,22,,,0,30,,16922,22,,,0,68,,16923,22,,,0,30,,16924,22,,,0,70,,16925,22,,,0,45,,16926,22,,,0,98,,16927,22,,,0,100,,16928,22,,,0,100,,16929,22,,,0
2001000,'244.0.2',645,,16930,22,,,0,155,,16931,22,,,0,30,,16932,22,,,0,70,,16933,22,,,0,30,,16934,22,,,0,72,,16935,22,,,0,30,,16936,22,,,0,70,,16937,22,,,0,30,,16938,22,,,0,70,,16939,22,,,0,30,,16940,22,,,0,70,,16941,22,,,0,30,,16942,22,,,0,71,,16943,22,,,0,30,,16944,22,,,0,70,,16945,22,,,0,30,,16946,22,,,0,70,,16947,22,,,0,30,,16948,22,,,0,70,,16949,22,,,0,30,,16950,22,,,0,70,,16951,22,,,0,45,,16952,22,,,0,97,,16953,22,,,0,100,,16954,22,,,0,100,,16955,22,,,0,100,,16956,22,,,0,100,,16957,22,,,0,100,,16958,22,,,0
2001000,'244.0.3',558,,16959,22,,,0,91,,16960,22,,,0,60,,16961,22,,,0,20,,16962,22,,,0,20,,16963,22,,,0,63,,16964,22,,,0,21,,16965,22,,,0,20,,16966,22,,,0,60,,16967,22,,,0,37,,16968,22,,,0,70,,16969,22,,,0,30,,16970,22,,,0,70,,16971,22,,,0,30,,16972,22,,,0,70,,16973,22,,,0,30,,16974,22,,,0,70,,16975,22,,,0,30,,16976,22,,,0,65,,16977,22,,,0,17,,16978,22,,,0,20,,16979,22,,,0,60,,16980,22,,,0,20,,16981,22,,,0,24,,16982,22,,,0,60,,16983,22,,,0,20,,16984,22,,,0,20,,16985,22,,,0,60,,16986,22,,,0,19,,16987,22,,,0,20,,16988,22,,,0,59,,16989,22,,,0,16,,16990,22,,,0,23,,16991,22,,,0,60,,16992,22,,,0,24,,16993,22,,,0,70,,16994,22,,,0,30,,16995,22,,,0,70,,16996,22,,,0,30,,16997,22,,,0
3001000,'244.0.1',615,,17448,22,,,0,100,,17449,22,,,0,30,,17450,22,,,0,70,,17451,22,,,0,30,,17452,22,,,0,70,,17453,22,,,0,33,,17454,22,,,0,70,,17455,22,,,0,30,,17456,22,,,0,70,,17457,22,,,0,32,,17458,22,,,0,70,,17459,22,,,0,30,,17460,22,,,0,70,,17461,22,,,0,30,,17462,22,,,0,70,,17463,22,,,0,30,,17464,22,,,0,70,,17465,22,,,0,30,,17466,22,,,0,70,,17467,22,,,0,30,,17468,22,,,0,70,,17469,22,,,0,30,,17470,22,,,0,70,,17471,22,,,0,28,,17472,22,,,0,70,,17473,22,,,0,100,,17474,22,,,0,100,,17475,22,,,0,98,,17476,22,,,0,100,,17477,22,,,0,100,,17478,22,,,0
3001000,'244.0.2',615,,17480,22,,,0,100,,17481,22,,,0,30,,17482,22,,,0,70,,17483,22,,,0,30,,17484,22,,,0,70,,17485,22,,,0,30,,17486,22,,,0,72,,17487,22,,,0,30,,17488,22,,,0,70,,17489,22,,,0,30,,17490,22,,,0,70,,17491,22,,,0,30,,17492,22,,,0,70,,17493,22,,,0,30,,17494,22,,,0,71,,17495,22,,,0,30,,17496,22,,,0,70,,17497,22,,,0,30,,17498,22,,,0,70,,17499,22,,,0,30,,17500,22,,,0,70,,17501,22,,,0,30,,17502,22,,,0,70,,17503,22,,,0,100,,17504,22,,,0,97,,17505,22,,,0,100,,17506,22,,,0,100,,17507,22,,,0,100,,17508,22,,,0
3001000,'244.0.3',603,,17512,22,,,0,19,,17513,22,,,0,20,,17514,22,,,0,59,,17515,22,,,0,18,,17516,22,,,0,17,,17517,22,,,0,18,,17518,22,,,0,73,,17519,22,,,0,20,,17520,22,,,0,60,,17521,22,,,0,28,,17522,22,,,0,70,,17523,22,,,0,30,,17524,22,,,0,70,,17525,22,,,0,30,,17526,22,,,0,70,,17527,22,,,0,30,,17528,22,,,0,70,,17529,22,,,0,30,,17530,22,,,0,70,,17531,22,,,0,20,,17532,22,,,0,20,,17533,22,,,0,60,,17534,22,,,0,20,,17535,22,,,0,21,,17536,22,,,0,63,,17537,22,,,0,20,,17538,22,,,0,20,,17539,22,,,0,60,,17540,22,,,0,19,,17541,22,,,0,20,,17542,22,,,0,59,,17543,22,,,0,16,,17544,22,,,0,20,,17545,22,,,0,60,,17546,22,,,0,19,,17547,22,,,0,30,,17548,22,,,0,70,,17549,22,,,0,30,,17550,22,,,0,70,,17551,22,,,0,30,,17552,22,,,0,67,,17553,22,,,0,30,,17554,22,,,0,70,,17555,22,,,0,30,,17556,22,,,0,70,,17557,22,,,0
