301,'259.0.1',606,,18639,3,,,0,100,,18640,3,,,0,100,,18641,3,,,0,30,,18642,3,,,0,70,,18643,3,,,0,30,,18644,3,,,0,70,,18645,3,,,0,30,,18646,3,,,0,70,,18647,3,,,0,30,,18648,3,,,0,70,,18649,3,,,0,30,,18650,3,,,0,70,,18651,3,,,0,30,,18652,3,,,0,70,,18653,3,,,0,30,,18654,3,,,0,70,,18655,3,,,0,30,,18656,3,,,0,70,,18657,3,,,0,30,,18658,3,,,0,70,,18659,3,,,0,30,,18660,3,,,0,70,,18661,3,,,0,30,,18662,3,,,0,70,,18663,3,,,0,30,,18664,3,,,0,70,,18665,3,,,0,30,,18666,3,,,0,70,,18667,3,,,0,30,,18668,3,,,0,70,,18669,3,,,0,30,,18670,3,,,0,70,,18671,3,,,0,30,,18672,3,,,0,70,,18673,3,,,0,30,,18674,3,,,0
301,'259.0.2',606,,18675,3,,,0,100,,18676,3,,,0,100,,18677,3,,,0,30,,18678,3,,,0,70,,18679,3,,,0,20,,18680,3,,,0,20,,18681,3,,,0,60,,18682,3,,,0,20,,18683,3,,,0,20,,18684,3,,,0,60,,18685,3,,,0,20,,18686,3,,,0,20,,18687,3,,,0,60,,18688,3,,,0,20,,18689,3,,,0,20,,18690,3,,,0,60,,18691,3,,,0,20,,18692,3,,,0,20,,18693,3,,,0,60,,18694,3,,,0,20,,18695,3,,,0,20,,18696,3,,,0,60,,18697,3,,,0,20,,18698,3,,,0,20,,18699,3,,,0,60,,18700,3,,,0,20,,18701,3,,,0,20,,18702,3,,,0,60,,18703,3,,,0,20,,18704,3,,,0,20,,18705,3,,,0,60,,18706,3,,,0,30,,18707,3,,,0,70,,18708,3,,,0,30,,18709,3,,,0,70,,18710,3,,,0,30,,18711,3,,,0,70,,18712,3,,,0,30,,18713,3,,,0,70,,18714,3,,,0,30,,18715,3,,,0,70,,18716,3,,,0,30,,18717,3,,,0,70,,18718,3,,,0
301,'259.0.3',536,,18719,3,,,0,70,,18720,3,,,0,15,,18721,3,,,0,15,,18722,3,,,0,15,,18723,3,,,0,55,,18724,3,,,0,15,,18725,3,,,0,15,,18726,3,,,0,15,,18727,3,,,0,55,,18728,3,,,0,15,,18729,3,,,0,15,,18730,3,,,0,15,,18731,3,,,0,55,,18732,3,,,0,20,,18733,3,,,0,20,,18734,3,,,0,60,,18735,3,,,0,20,,18736,3,,,0,20,,18737,3,,,0,60,,18738,3,,,0,20,,18739,3,,,0,20,,18740,3,,,0,60,,18741,3,,,0,20,,18742,3,,,0,20,,18743,3,,,0,60,,18744,3,,,0,20,,18745,3,,,0,20,,18746,3,,,0,60,,18747,3,,,0,20,,18748,3,,,0,20,,18749,3,,,0,60,,18750,3,,,0,15,,18751,3,,,0,15,,18752,3,,,0,15,,18753,3,,,0,55,,18754,3,,,0,15,,18755,3,,,0,15,,18756,3,,,0,15,,18757,3,,,0,55,,18758,3,,,0,15,,18759,3,,,0,15,,18760,3,,,0,15,,18761,3,,,0,55,,18762,3,,,0,15,,18763,3,,,0,15,,18764,3,,,0,20,,18765,3,,,0,60,,18766,3,,,0,20,,18767,3,,,0,20,,18768,3,,,0,60,,18769,3,,,0,20,,18770,3,,,0,20,,18771,3,,,0,50,,18772,3,,,0,30,,18773,3,,,0,70,,18774,3,,,0,30,,18775,3,,,0,70,,18776,3,,,0,33,,18777,3,,,0,70,,18778,3,,,0,30,,18779,3,,,0
401,'259.0.1',606,,18926,3,,,0,100,,18927,3,,,0,100,,18928,3,,,0,30,,18929,3,,,0,70,,18930,3,,,0,30,,18931,3,,,0,70,,18932,3,,,0,30,,18933,3,,,0,71,,18934,3,,,0,30,,18935,3,,,0,70,,18936,3,,,0,30,,18937,3,,,0,70,,18938,3,,,0,30,,18939,3,,,0,70,,18940,3,,,0,30,,18941,3,,,0,70,,18942,3,,,0,30,,18943,3,,,0,70,,18944,3,,,0,30,,18945,3,,,0,70,,18946,3,,,0,30,,18947,3,,,0,69,,18948,3,,,0,30,,18949,3,,,0,70,,18950,3,,,0,30,,18951,3,,,0,70,,18952,3,,,0,30,,18953,3,,,0,70,,18954,3,,,0,30,,18955,3,,,0,70,,18956,3,,,0,100,,18957,3,,,0,100,,18958,3,,,0
401,'259.0.2',706,,18959,3,,,0,30,,18960,3,,,0,70,,18961,3,,,0,30,,18962,3,,,0,70,,18963,3,,,0,30,,18964,3,,,0,70,,18965,3,,,0,30,,18966,3,,,0,68,,18967,3,,,0,30,,18968,3,,,0,70,,18969,3,,,0,30,,18970,3,,,0,70,,18971,3,,,0,30,,18972,3,,,0,70,,18973,3,,,0,30,,18974,3,,,0,70,,18975,3,,,0,30,,18976,3,,,0,70,,18977,3,,,0,30,,18978,3,,,0,70,,18979,3,,,0,30,,18980,3,,,0,70,,18981,3,,,0,30,,18982,3,,,0,70,,18983,3,,,0,32,,18984,3,,,0,70,,18985,3,,,0,100,,18986,3,,,0,100,,18987,3,,,0,100,,18988,3,,,0,100,,18989,3,,,0
401,'259.0.3',547,,18990,3,,,0,55,,18991,3,,,0,15,,18992,3,,,0,15,,18993,3,,,0,15,,18994,3,,,0,55,,18995,3,,,0,8,,18996,3,,,0,8,,18997,3,,,0,8,,18998,3,,,0,8,,18999,3,,,0,8,,19000,3,,,0,8,,19001,3,,,0,8,,19002,3,,,0,48,,19003,3,,,0,8,,19004,3,,,0,8,,19005,3,,,0,8,,19006,3,,,0,8,,19007,3,,,0,8,,19008,3,,,0,8,,19009,3,,,0,48,,19010,3,,,0,8,,19011,3,,,0,8,,19012,3,,,0,8,,19013,3,,,0,8,,19014,3,,,0,8,,19015,3,,,0,8,,19016,3,,,0,8,,19017,3,,,0,48,,19018,3,,,0,11,,19019,3,,,0,15,,19020,3,,,0,15,,19021,3,,,0,55,,19022,3,,,0,15,,19023,3,,,0,15,,19024,3,,,0,15,,19025,3,,,0,55,,19026,3,,,0,15,,19027,3,,,0,15,,19028,3,,,0,15,,19029,3,,,0,55,,19030,3,,,0,15,,19031,3,,,0,15,,19032,3,,,0,15,,19033,3,,,0,55,,19034,3,,,0,15,,19035,3,,,0,15,,19036,3,,,0,15,,19037,3,,,0,55,,19038,3,,,0,15,,19039,3,,,0,15,,19040,3,,,0,15,,19041,3,,,0,55,,19042,3,,,0,15,,19043,3,,,0,15,,19044,3,,,0,15,,19045,3,,,0,55,,19046,3,,,0,15,,19047,3,,,0,15,,19048,3,,,0,15,,19049,3,,,0,55,,19050,3,,,0,15,,19051,3,,,0,15,,19052,3,,,0,20,,19053,3,,,0,60,,19054,3,,,0,20,,19055,3,,,0,20,,19056,3,,,0,60,,19057,3,,,0,20,,19058,3,,,0,20,,19059,3,,,0,60,,19060,3,,,0,20,,19061,3,,,0,20,,19062,3,,,0,69,,19063,3,,,0,30,,19064,3,,,0,70,,19065,3,,,0,30,,19066,3,,,0,70,,19067,3,,,0,30,,19068,3,,,0
13500,'259.0.3',634,,23740,15,,,0,70,,23741,15,,,0,26,,23742,15,,,0,15,,23743,15,,,0,55,,23744,15,,,0,15,,23745,15,,,0
13500,'259.1141.3',717,,23746,15,,,0
13500,'259.1143.3',717,,23747,15,,,0
43301,'259.0.3',600,,24146,3,,,0,45,,24147,3,,,0,1008,,24148,3,,,0,100,,24149,3,,,0
2003000,'259.0.1',606,,25911,3,,,0,30,,25912,3,,,0,70,,25913,3,,,0,30,,25914,3,,,0,70,,25915,3,,,0,30,,25916,3,,,0,70,,25917,3,,,0,30,,25918,3,,,0,70,,25919,3,,,0,30,,25920,3,,,0,70,,25921,3,,,0,30,,25922,3,,,0,70,,25923,3,,,0,30,,25924,3,,,0,70,,25925,3,,,0,30,,25926,3,,,0,70,,25927,3,,,0,30,,25928,3,,,0,70,,25929,3,,,0,30,,25930,3,,,0,70,,25931,3,,,0,30,,25932,3,,,0,70,,25933,3,,,0,30,,25934,3,,,0,70,,25935,3,,,0,30,,25936,3,,,0,70,,25937,3,,,0,30,,25938,3,,,0,70,,25939,3,,,0,30,,25940,3,,,0,70,,25941,3,,,0,30,,25942,3,,,0,70,,25943,3,,,0,30,,25944,3,,,0,70,,25945,3,,,0
2003000,'259.0.2',634,,25946,3,,,0,100,,25947,3,,,0,100,,25948,3,,,0,100,,25949,3,,,0,99,,25950,3,,,0,100,,25951,3,,,0,100,,25952,3,,,0,100,,25953,3,,,0,100,,25954,3,,,0,100,,25955,3,,,0,100,,25956,3,,,0,100,,25957,3,,,0,100,,25958,3,,,0,101,,25959,3,,,0,100,,25960,3,,,0,100,,25961,3,,,0,100,,25962,3,,,0,100,,25963,3,,,0
2003000,'259.0.3',546,,25964,3,,,0,70,,25965,3,,,0,30,,25966,3,,,0,70,,25967,3,,,0,30,,25968,3,,,0,70,,25969,3,,,0,30,,25970,3,,,0,70,,25971,3,,,0,30,,25972,3,,,0,70,,25973,3,,,0,30,,25974,3,,,0,70,,25975,3,,,0,30,,25976,3,,,0,70,,25977,3,,,0,30,,25978,3,,,0,70,,25979,3,,,0,30,,25980,3,,,0,70,,25981,3,,,0,30,,25982,3,,,0,70,,25983,3,,,0,30,,25984,3,,,0,70,,25985,3,,,0,30,,25986,3,,,0,70,,25987,3,,,0,30,,25988,3,,,0,70,,25989,3,,,0,30,,25990,3,,,0,70,,25991,3,,,0,30,,25992,3,,,0,70,,25993,3,,,0,30,,25994,3,,,0,70,,25995,3,,,0,30,,25996,3,,,0,70,,25997,3,,,0,30,,25998,3,,,0,70,,25999,3,,,0
