5300,'244.0.1',605,,12090,1,,,0,30,,12091,1,,,0,70,,12092,1,,,0,30,,12093,1,,,0,70,,12094,1,,,0,30,,12095,1,,,0,70,,12096,1,,,0,30,,12097,1,,,0,70,,12098,1,,,0,30,,12099,1,,,0,70,,12100,1,,,0,30,,12101,1,,,0,70,,12102,1,,,0,30,,12103,1,,,0,70,,12104,1,,,0,30,,12105,1,,,0,70,,12106,1,,,0,30,,12107,1,,,0,70,,12108,1,,,0,30,,12109,1,,,0,70,,12110,1,,,0,30,,12111,1,,,0,70,,12112,1,,,0,30,,12113,1,,,0,70,,12114,1,,,0,30,,12115,1,,,0,70,,12116,1,,,0,30,,12117,1,,,0,70,,12118,1,,,0,30,,12119,1,,,0,70,,12120,1,,,0,30,,12121,1,,,0,70,,12122,1,,,0,100,,12123,1,,,0
5300,'244.0.2',705,,12124,1,,,0,100,,12125,1,,,0,100,,12126,1,,,0,100,,12127,1,,,0,100,,12128,1,,,0,100,,12129,1,,,0,100,,12130,1,,,0,100,,12131,1,,,0,100,,12132,1,,,0,100,,12133,1,,,0,100,,12134,1,,,0,100,,12135,1,,,0,100,,12136,1,,,0,100,,12137,1,,,0,100,,12138,1,,,0,100,,12139,1,,,0
5300,'244.0.3',605,,12140,1,,,0,30,,12141,1,,,0,70,,12142,1,,,0,30,,12143,1,,,0,70,,12144,1,,,0,30,,12145,1,,,0,70,,12146,1,,,0,30,,12147,1,,,0,70,,12148,1,,,0,30,,12149,1,,,0,70,,12150,1,,,0,30,,12151,1,,,0,70,,12152,1,,,0,30,,12153,1,,,0,70,,12154,1,,,0,30,,12155,1,,,0,70,,12156,1,,,0,30,,12157,1,,,0,70,,12158,1,,,0,30,,12159,1,,,0,70,,12160,1,,,0,30,,12161,1,,,0,70,,12162,1,,,0,30,,12163,1,,,0,70,,12164,1,,,0,30,,12165,1,,,0,70,,12166,1,,,0,30,,12167,1,,,0,70,,12168,1,,,0,30,,12169,1,,,0,70,,12170,1,,,0,100,,12171,1,,,0,100,,12172,1,,,0,100,,12173,1,,,0
5301,'244.0.1',623,,12174,19,4,,0,30,,12175,19,4,,0,70,,12176,19,4,,0,30,,12177,19,4,,0,70,,12178,19,4,,0,30,,12179,19,4,,0,70,,12180,19,4,,0,30,,12181,19,4,,0,72,,12182,19,4,,0,30,,12183,19,4,,0,70,,12184,19,4,,0,30,,12185,19,4,,0,70,,12186,19,4,,0,30,,12187,19,4,,0,70,,12188,19,4,,0,30,,12189,19,4,,0,70,,12190,19,4,,0,30,,12191,19,4,,0,70,,12192,19,4,,0,30,,12193,19,4,,0,70,,12194,19,4,,0,30,,12195,19,4,,0,70,,12196,19,4,,0,30,,12197,19,4,,0,68,,12198,19,4,,0,30,,12199,19,4,,0,70,,12200,19,4,,0,30,,12201,19,4,,0,70,,12202,19,4,,0,30,,12203,19,4,,0,70,,12204,19,4,,0,30,,12205,19,4,,0,70,,12206,19,4,,0,100,,12207,19,4,,0
5301,'244.0.2',723,,12208,19,4,,0,100,,12209,19,4,,0,100,,12210,19,4,,0,102,,12211,19,4,,0,100,,12212,19,4,,0,100,,12213,19,4,,0,100,,12214,19,4,,0,100,,12215,19,4,,0,100,,12216,19,4,,0,100,,12217,19,4,,0,100,,12218,19,4,,0,98,,12219,19,4,,0,100,,12220,19,4,,0,100,,12221,19,4,,0,100,,12222,19,4,,0,100,,12223,19,4,,0
5301,'244.0.3',555,,12224,19,4,,0,70,,12225,19,4,,0,30,,12226,19,4,,0,70,,12227,19,4,,0,30,,12228,19,4,,0,70,,12229,19,4,,0,30,,12230,19,4,,0,70,,12231,19,4,,0,30,,12232,19,4,,0,70,,12233,19,4,,0,30,,12234,19,4,,0,70,,12235,19,4,,0,30,,12236,19,4,,0,70,,12237,19,4,,0,30,,12238,19,4,,0,70,,12239,19,4,,0,30,,12240,19,4,,0,70,,12241,19,4,,0,30,,12242,19,4,,0,70,,12243,19,4,,0,30,,12244,19,4,,0,70,,12245,19,4,,0,30,,12246,19,4,,0,70,,12247,19,4,,0,30,,12248,19,4,,0,70,,12249,19,4,,0,30,,12250,19,4,,0,70,,12251,19,4,,0,30,,12252,19,4,,0,70,,12253,19,4,,0,30,,12254,19,4,,0,70,,12255,19,4,,0,100,,12256,19,4,,0,100,,12257,19,4,,0
5400,'244.0.1',600,,12258,3,,,0,100,,12259,3,,,0,100,,12260,3,,,0,100,,12261,3,,,0,100,,12262,3,,,0,100,,12263,3,,,0,100,,12264,3,,,0,100,,12265,3,,,0,100,,12266,3,,,0,100,,12267,3,,,0,100,,12268,3,,,0,100,,12269,3,,,0,100,,12270,3,,,0,100,,12271,3,,,0,100,,12272,3,,,0,100,,12273,3,,,0,100,,12274,3,,,0
5400,'244.0.2',800,,12275,3,,,0,100,,12276,3,,,0,100,,12277,3,,,0,100,,12278,3,,,0,100,,12279,3,,,0,100,,12280,3,,,0,100,,12281,3,,,0,100,,12282,3,,,0,100,,12283,3,,,0,100,,12284,3,,,0,100,,12285,3,,,0,100,,12286,3,,,0,100,,12287,3,,,0,100,,12288,3,,,0
5400,'244.0.3',602,,12289,3,,,0,28,,12290,3,,,0,70,,12291,3,,,0,28,,12292,3,,,0,30,,12293,3,,,0,71,,12294,3,,,0,75,,12295,3,,,0,100,,12296,3,,,0,100,,12297,3,,,0,100,,12298,3,,,0,100,,12299,3,,,0,100,,12300,3,,,0,100,,12301,3,,,0,30,,12302,3,,,0,70,,12303,3,,,0,29,,12304,3,,,0,70,,12305,3,,,0,30,,12306,3,,,0,71,,12307,3,,,0,30,,12308,3,,,0,70,,12309,3,,,0,30,,12310,3,,,0,70,,12311,3,,,0,100,,12312,3,,,0
5500,'244.0.1',730,,12368,3,,,0,100,,12369,3,,,0,100,,12370,3,,,0,100,,12371,3,,,0,100,,12372,3,,,0,100,,12373,3,,,0,100,,12374,3,,,0,100,,12375,3,,,0,100,,12376,3,,,0,100,,12377,3,,,0,100,,12378,3,,,0,100,,12379,3,,,0,100,,12380,3,,,0,100,,12381,3,,,0,100,,12382,3,,,0
5500,'244.0.2',730,,12383,3,,,0,100,,12384,3,,,0,100,,12385,3,,,0,100,,12386,3,,,0,100,,12387,3,,,0,100,,12388,3,,,0,100,,12389,3,,,0,100,,12390,3,,,0,100,,12391,3,,,0,100,,12392,3,,,0,100,,12393,3,,,0,100,,12394,3,,,0,100,,12395,3,,,0,100,,12396,3,,,0,100,,12397,3,,,0
5500,'244.0.3',619,,12398,3,,,0,30,,12416,3,,,0,70,,12399,3,,,0,30,,12400,3,,,0,100,,12401,3,,,0,85,,12402,3,,,0,100,,12403,3,,,0,100,,12404,3,,,0,100,,12405,3,,,0,100,,12406,3,,,0,100,,12407,3,,,0,85,,12408,3,,,0,100,,12409,3,,,0,35,,12417,3,,,0,70,,12410,3,,,0,25,,12411,3,,,0,75,,12412,3,,,0,100,,12413,3,,,0,110,,12414,3,,,0,100,,12415,3,,,0
