201,'244.0.1',625,,9504,40,,,0,100,,9505,40,,,0,100,,9506,40,,,0,15,,9507,40,,,0,15,,9508,40,,,0,55,,9509,40,,,0,15,,9510,40,,,0,15,,9511,40,,,0,15,,9512,40,,,0,56,,9513,40,,,0,18,,9514,40,,,0,16,,9515,40,,,0,55,,9516,40,,,0,15,,9517,40,,,0,15,,9518,40,,,0,15,,9519,40,,,0,55,,9520,40,,,0,15,,9521,40,,,0,15,,9522,40,,,0,15,,9523,40,,,0,55,,9524,40,,,0,15,,9525,40,,,0,15,,9526,40,,,0,15,,9527,40,,,0,55,,9528,40,,,0,15,,9529,40,,,0,15,,9530,40,,,0,15,,9531,40,,,0,55,,9532,40,,,0,15,,9533,40,,,0,15,,9534,40,,,0,15,,9535,40,,,0,55,,9536,40,,,0,15,,9537,40,,,0,15,,9538,40,,,0,14,,9539,40,,,0,14,,9540,40,,,0,55,,9541,40,,,0,15,,9542,40,,,0,15,,9543,40,,,0,15,,9544,40,,,0,55,,9545,40,,,0,15,,9546,40,,,0,14,,9547,40,,,0,13,,9548,40,,,0,54,,9549,40,,,0,15,,9550,40,,,0,30,,9551,40,,,0,70,,9552,40,,,0,30,,9553,40,,,0,70,,9554,40,,,0,30,,9555,40,,,0,70,,9556,40,,,0,30,,9557,40,,,0,70,,9558,40,,,0,30,,9559,40,,,0,70,,9560,40,,,0,30,,9561,40,,,0
201,'244.0.2',633,,9562,40,,,0,100,,9563,40,,,0,95,,9564,40,,,0,20,,9565,40,,,0,60,,9566,40,,,0,20,,9567,40,,,0,21,,9568,40,,,0,62,,9569,40,,,0,20,,9570,40,,,0,20,,9571,40,,,0,60,,9572,40,,,0,20,,9573,40,,,0,20,,9574,40,,,0,60,,9575,40,,,0,20,,9576,40,,,0,20,,9577,40,,,0,60,,9578,40,,,0,20,,9579,40,,,0,20,,9580,40,,,0,60,,9581,40,,,0,20,,9582,40,,,0,20,,9583,40,,,0,60,,9584,40,,,0,20,,9585,40,,,0,20,,9586,40,,,0,60,,9587,40,,,0,20,,9588,40,,,0,20,,9589,40,,,0,60,,9590,40,,,0,20,,9591,40,,,0,20,,9592,40,,,0,60,,9593,40,,,0,15,,9594,40,,,0,27,,9595,40,,,0,69,,9596,40,,,0,30,,9597,40,,,0,70,,9598,40,,,0,30,,9599,40,,,0,70,,9600,40,,,0,30,,9601,40,,,0,70,,9602,40,,,0,30,,9603,40,,,0,70,,9604,40,,,0,30,,9605,40,,,0,70,,9606,40,,,0
201,'244.0.3',555,,9607,40,,,0,70,,9608,40,,,0,30,,9609,40,,,0,55,,9610,40,,,0,15,,9611,40,,,0,22,,9612,40,,,0,58,,9613,40,,,0,15,,9614,40,,,0,15,,9615,40,,,0,15,,9616,40,,,0,55,,9617,40,,,0,13,,9618,40,,,0,14,,9619,40,,,0,15,,9620,40,,,0,55,,9621,40,,,0,15,,9622,40,,,0,15,,9623,40,,,0,15,,9624,40,,,0,55,,9625,40,,,0,15,,9626,40,,,0,15,,9627,40,,,0,15,,9628,40,,,0,55,,9629,40,,,0,15,,9630,40,,,0,15,,9631,40,,,0,15,,9632,40,,,0,55,,9633,40,,,0,15,,9634,40,,,0,15,,9635,40,,,0,15,,9636,40,,,0,55,,9637,40,,,0,15,,9638,40,,,0,15,,9639,40,,,0,15,,9640,40,,,0,55,,9641,40,,,0,15,,9642,40,,,0,16,,9643,40,,,0,17,,9644,40,,,0,56,,9645,40,,,0,15,,9646,40,,,0,15,,9647,40,,,0,15,,9648,40,,,0,55,,9649,40,,,0,15,,9650,40,,,0,15,,9651,40,,,0,13,,9652,40,,,0,52,,9653,40,,,0,14,,9654,40,,,0,15,,9655,40,,,0,15,,9656,40,,,0,55,,9657,40,,,0,27,,9658,40,,,0,30,,9659,40,,,0,70,,9660,40,,,0,30,,9661,40,,,0,70,,9662,40,,,0,30,,9663,40,,,0,70,,9664,40,,,0,30,,9665,40,,,0,70,,9666,40,,,0,30,,9667,40,,,0,70,,9668,40,,,0,30,,9669,40,,,0
501,'244.0.1',622,,10400,19,,,0,20,,10401,19,,,0,60,,10402,19,,,0,20,,10403,19,,,0,20,,10404,19,,,0,60,,10405,19,,,0,20,,10406,19,,,0,20,,10407,19,,,0,60,,10408,19,,,0,20,,10409,19,,,0,20,,10410,19,,,0,62,,10411,19,,,0,25,,10412,19,,,0,20,,10413,19,,,0,60,,10414,19,,,0,20,,10415,19,,,0,20,,10416,19,,,0,60,,10417,19,,,0,20,,10418,19,,,0,20,,10419,19,,,0,60,,10420,19,,,0,20,,10421,19,,,0,20,,10422,19,,,0,60,,10423,19,,,0,20,,10424,19,,,0,20,,10425,19,,,0,60,,10426,19,,,0,20,,10427,19,,,0,20,,10428,19,,,0,58,,10429,19,,,0,19,,10430,19,,,0,20,,10431,19,,,0,60,,10432,19,,,0,20,,10433,19,,,0,20,,10434,19,,,0,60,,10435,19,,,0,20,,10436,19,,,0,20,,10437,19,,,0,60,,10438,19,,,0,20,,10439,19,,,0,20,,10440,19,,,0,59,,10441,19,,,0,17,,10442,19,,,0,20,,10443,19,,,0,60,,10444,19,,,0,20,,10445,19,,,0,20,,10446,19,,,0,60,,10447,19,,,0,20,,10448,19,,,0,30,,10449,19,,,0,70,,10450,19,,,0,30,,10451,19,,,0,70,,10452,19,,,0,30,,10453,19,,,0
501,'244.0.2',622,,10454,19,,,0,30,,10455,19,,,0,70,,10456,19,,,0,30,,10457,19,,,0,70,,10458,19,,,0,30,,10459,19,,,0,70,,10460,19,,,0,30,,10461,19,,,0,70,,10462,19,,,0,33,,10463,19,,,0,69,,10464,19,,,0,30,,10465,19,,,0,70,,10466,19,,,0,31,,10467,19,,,0,69,,10468,19,,,0,30,,10469,19,,,0,70,,10470,19,,,0,30,,10471,19,,,0,70,,10472,19,,,0,30,,10473,19,,,0,70,,10474,19,,,0,30,,10475,19,,,0,70,,10476,19,,,0,30,,10477,19,,,0,70,,10478,19,,,0,30,,10479,19,,,0,70,,10480,19,,,0,30,,10481,19,,,0,70,,10482,19,,,0,30,,10483,19,,,0,70,,10484,19,,,0,27,,10485,19,,,0,70,,10486,19,,,0,30,,10487,19,,,0,70,,10488,19,,,0,30,,10489,19,,,0
501,'244.0.3',524,,10490,19,,,0,30,,10491,19,,,0,70,,10492,19,,,0,15,,10493,19,,,0,15,,10494,19,,,0,55,,10495,19,,,0,18,,10496,19,,,0,22,,10497,19,,,0,55,,10498,19,,,0,15,,10499,19,,,0,15,,10500,19,,,0,15,,10501,19,,,0,52,,10502,19,,,0,12,,10503,19,,,0,13,,10504,19,,,0,15,,10505,19,,,0,15,,10506,19,,,0,55,,10507,19,,,0,15,,10508,19,,,0,15,,10509,19,,,0,15,,10510,19,,,0,55,,10511,19,,,0,15,,10512,19,,,0,15,,10513,19,,,0,15,,10514,19,,,0,55,,10515,19,,,0,15,,10516,19,,,0,15,,10517,19,,,0,15,,10518,19,,,0,55,,10519,19,,,0,15,,10520,19,,,0,15,,10521,19,,,0,15,,10522,19,,,0,55,,10523,19,,,0,15,,10524,19,,,0,15,,10525,19,,,0,15,,10526,19,,,0,55,,10527,19,,,0,15,,10528,19,,,0,15,,10529,19,,,0,15,,10530,19,,,0,58,,10531,19,,,0,15,,10532,19,,,0,15,,10533,19,,,0,15,,10534,19,,,0,55,,10535,19,,,0,15,,10536,19,,,0,15,,10537,19,,,0,15,,10538,19,,,0,55,,10539,19,,,0,15,,10540,19,,,0,11,,10541,19,,,0,12,,10542,19,,,0,60,,10543,19,,,0,20,,10544,19,,,0,20,,10545,19,,,0,60,,10546,19,,,0,20,,10547,19,,,0,20,,10548,19,,,0,60,,10549,19,,,0,20,,10550,19,,,0,20,,10551,19,,,0,60,,10552,19,,,0,30,,10553,19,,,0,70,,10554,19,,,0,30,,10555,19,,,0,70,,10556,19,,,0,30,,10557,19,,,0
2900,'244.0.1',642,,11695,29,,,0,70,,11696,29,,,0,30,,11697,29,,,0,70,,11698,29,,,0,30,,11699,29,,,0,70,,11700,29,,,0,30,,11701,29,,,0,70,,11702,29,,,0,34,,11703,29,,,0,66,,11704,29,,,0,30,,11705,29,,,0,70,,11706,29,,,0,30,,11707,29,,,0,70,,11708,29,,,0,30,,11709,29,,,0,70,,11710,29,,,0,30,,11711,29,,,0,70,,11712,29,,,0,30,,11713,29,,,0,70,,11714,29,,,0,29,,11715,29,,,0,70,,11716,29,,,0,31,,11717,29,,,0,70,,11718,29,,,0,30,,11719,29,,,0,70,,11720,29,,,0,30,,11721,29,,,0,70,,11722,29,,,0,28,,11723,29,,,0,102,,11724,29,,,0,100,,11725,29,,,0,100,,11726,29,,,0,81,,11727,29,,,0
2900,'244.0.2',647,,11728,29,,,0,70,,11729,29,,,0,30,,11730,29,,,0,70,,11731,29,,,0,30,,11732,29,,,0,70,,11733,29,,,0,30,,11734,29,,,0,70,,11735,29,,,0,30,,11736,29,,,0,73,,11737,29,,,0,27,,11738,29,,,0,70,,11739,29,,,0,30,,11740,29,,,0,70,,11741,29,,,0,30,,11742,29,,,0,70,,11743,29,,,0,30,,11744,29,,,0,70,,11745,29,,,0,30,,11746,29,,,0,70,,11747,29,,,0,30,,11748,29,,,0,70,,11749,29,,,0,30,,11750,29,,,0,68,,11751,29,,,0,32,,11752,29,,,0,100,,11753,29,,,0,100,,11754,29,,,0,100,,11755,29,,,0,100,,11756,29,,,0,100,,11757,29,,,0,78,,11758,29,,,0
2900,'244.0.3',601,,11759,29,,,0,15,,11760,29,,,0,15,,11761,29,,,0,15,,11762,29,,,0,54,,11763,29,,,0,16,,11764,29,,,0,15,,11765,29,,,0,15,,11766,29,,,0,55,,11767,29,,,0,15,,11768,29,,,0,15,,11769,29,,,0,15,,11770,29,,,0,55,,11771,29,,,0,16,,11772,29,,,0,15,,11773,29,,,0,70,,11774,29,,,0,30,,11775,29,,,0,70,,11776,29,,,0,30,,11777,29,,,0,70,,11778,29,,,0,30,,11779,29,,,0,70,,11780,29,,,0,30,,11781,29,,,0,70,,11782,29,,,0,30,,11783,29,,,0,69,,11784,29,,,0,30,,11785,29,,,0,15,,11786,29,,,0,55,,11787,29,,,0,15,,11788,29,,,0,15,,11789,29,,,0,15,,11790,29,,,0,55,,11791,29,,,0,15,,11792,29,,,0,15,,11793,29,,,0,15,,11794,29,,,0,56,,11795,29,,,0,15,,11796,29,,,0,15,,11797,29,,,0,15,,11798,29,,,0,55,,11799,29,,,0,30,,11800,29,,,0,70,,11801,29,,,0,30,,11802,29,,,0,70,,11803,29,,,0,30,,11804,29,,,0,70,,11805,29,,,0,30,,11806,29,,,0,100,,11807,29,,,0,88,,11808,29,,,0
8401,'244.0.1',637,,14021,35,,,0,100,,14022,35,,,0,100,,14023,35,,,0,102,,14024,35,,,0,101,,14025,35,,,0,100,,14026,35,,,0,103,,14027,35,,,0,101,,14028,35,,,0,100,,14029,35,,,0,100,,14030,35,,,0,100,,14031,35,,,0,99,,14032,35,,,0,100,,14033,35,,,0,100,,14034,35,,,0,95,,14035,35,,,0,100,,14036,35,,,0,100,,14037,35,,,0
8401,'244.0.2',641,,14038,35,,,0,100,,14039,35,,,0,100,,14040,35,,,0,105,,14041,35,,,0,100,,14042,35,,,0,100,,14043,35,,,0,100,,14044,35,,,0,100,,14045,35,,,0,100,,14046,35,,,0,100,,14047,35,,,0,100,,14048,35,,,0,100,,14049,35,,,0,98,,14050,35,,,0,100,,14051,35,,,0,100,,14052,35,,,0,100,,14053,35,,,0,100,,14054,35,,,0
8401,'244.0.3',547,,14055,35,,,0,70,,14056,35,,,0,30,,14057,35,,,0,55,,14058,35,,,0,20,,14086,35,,,0,20,,14059,35,,,0,15,,14060,35,,,0,55,,14061,35,,,0,15,,14062,35,,,0,15,,14063,35,,,0,15,,14064,35,,,0,55,,14065,35,,,0,9,,14066,35,,,0,11,,14087,35,,,0,15,,14067,35,,,0,100,,14068,35,,,0,100,,14069,35,,,0,100,,14070,35,,,0,100,,14071,35,,,0,100,,14072,35,,,0,100,,14073,35,,,0,76,,14074,35,,,0,31,,14075,35,,,0,70,,14076,35,,,0,30,,14077,35,,,0,65,,14078,35,,,0,28,,14079,35,,,0,100,,14080,35,,,0,98,,14081,35,,,0,100,,14082,35,,,0,100,,14083,35,,,0,100,,14084,35,,,0,100,,14085,35,,,0
9301,'244.0.3',638,,14867,51,,,0,71,,14868,51,,,0,36,,14869,51,,,0,71,,14870,51,,,0,31,,14871,51,,,0,65,,14872,51,,,0
1001001,'244.0.3',640,,15933,4,,,0,62,,15934,4,,,0,20,,15935,4,,,0,20,,15936,4,,,0,60,,15937,4,,,0,20,,15938,4,,,0,20,,15939,4,,,0,58,,15940,4,,,0,20,,15941,4,,,0,506,,15942,4,,,0,15,,15943,4,,,0,64,,15944,4,,,0,21,,15945,4,,,0,20,,15946,4,,,0,60,,15947,4,,,0,20,,15948,4,,,0,25,,15949,4,,,0,64,,15950,4,,,0,22,,15951,4,,,0,20,,15952,4,,,0,49,,15953,4,,,0,20,,15954,4,,,0
2001001,'244.0.1',650,,16998,15,,,0,94,,16999,15,,,0,87,,17000,15,,,0,72,,17001,15,,,0,30,,17002,15,,,0,71,,17003,15,,,0,33,,17004,15,,,0,70,,17005,15,,,0,30,,17006,15,,,0,72,,17007,15,,,0,33,,17008,15,,,0,72,,17009,15,,,0,30,,17010,15,,,0,70,,17011,15,,,0,30,,17012,15,,,0,70,,17013,15,,,0,30,,17014,15,,,0,70,,17015,15,,,0,30,,17016,15,,,0,70,,17017,15,,,0,30,,17018,15,,,0,70,,17019,15,,,0,30,,17020,15,,,0,68,,17021,15,,,0,26,,17022,15,,,0,70,,17023,15,,,0,30,,17024,15,,,0,100,,17025,15,,,0,99,,17026,15,,,0,99,,17027,15,,,0,100,,17028,15,,,0
2001001,'244.0.2',644,,17029,15,,,0,92,,17030,15,,,0,90,,17031,15,,,0,32,,17032,15,,,0,70,,17033,15,,,0,72,,17034,15,,,0,32,,17035,15,,,0,72,,17036,15,,,0,31,,17037,15,,,0,70,,17038,15,,,0,30,,17039,15,,,0,70,,17040,15,,,0,30,,17041,15,,,0,70,,17042,15,,,0,32,,17043,15,,,0,71,,17044,15,,,0,30,,17045,15,,,0,70,,17046,15,,,0,30,,17047,15,,,0,69,,17048,15,,,0,30,,17049,15,,,0,70,,17050,15,,,0,30,,17051,15,,,0,101,,17052,15,,,0,100,,17053,15,,,0,100,,17054,15,,,0,100,,17055,15,,,0,100,,17056,15,,,0,100,,17057,15,,,0
2001001,'244.0.3',601,,17058,15,,,0,30,,17059,15,,,0,22,,17060,15,,,0,62,,17061,15,,,0,22,,17096,15,,,0,20,,17062,15,,,0,60,,17063,15,,,0,20,,17064,15,,,0,21,,17065,15,,,0,91,,17066,15,,,0,60,,17067,15,,,0,24,,17068,15,,,0,69,,17069,15,,,0,31,,17070,15,,,0,70,,17071,15,,,0,30,,17072,15,,,0,70,,17073,15,,,0,30,,17074,15,,,0,79,,17075,15,,,0,21,,17076,15,,,0,24,,17077,15,,,0,55,,17078,15,,,0,21,,17079,15,,,0,20,,17080,15,,,0,60,,17081,15,,,0,21,,17082,15,,,0,24,,17083,15,,,0,65,,17084,15,,,0,21,,17085,15,,,0,60,,17086,15,,,0,9,,17087,15,,,0,20,,17088,15,,,0,70,,17089,15,,,0,27,,17090,15,,,0,72,,17091,15,,,0,30,,17092,15,,,0,70,,17093,15,,,0,30,,17094,15,,,0,70,,17095,15,,,0
3001001,'244.0.1',620,,17558,23,,,0,94,,17559,23,,,0,100,,17560,23,,,0,34,,17561,23,,,0,70,,17562,23,,,0,30,,17563,23,,,0,70,,17564,23,,,0,34,,17565,23,,,0,70,,17566,23,,,0,31,,17567,23,,,0,72,,17568,23,,,0,34,,17569,23,,,0,70,,17570,23,,,0,30,,17571,23,,,0,70,,17572,23,,,0,30,,17573,23,,,0,70,,17574,23,,,0,30,,17575,23,,,0,70,,17576,23,,,0,30,,17577,23,,,0,70,,17578,23,,,0,30,,17579,23,,,0,70,,17580,23,,,0,30,,17581,23,,,0,65,,17582,23,,,0,28,,17583,23,,,0,70,,17584,23,,,0,100,,17585,23,,,0,96,,17586,23,,,0,94,,17587,23,,,0,100,,17588,23,,,0
3001001,'244.0.2',619,,17590,23,,,0,90,,17591,23,,,0,100,,17592,23,,,0,30,,17593,23,,,0,70,,17594,23,,,0,30,,17595,23,,,0,72,,17596,23,,,0,33,,17597,23,,,0,74,,17598,23,,,0,30,,17599,23,,,0,70,,17600,23,,,0,30,,17601,23,,,0,71,,17602,23,,,0,30,,17603,23,,,0,70,,17604,23,,,0,30,,17605,23,,,0,73,,17606,23,,,0,30,,17607,23,,,0,70,,17608,23,,,0,30,,17609,23,,,0,70,,17610,23,,,0,30,,17611,23,,,0,70,,17612,23,,,0,30,,17613,23,,,0,67,,17614,23,,,0,100,,17615,23,,,0,94,,17616,23,,,0,100,,17617,23,,,0,100,,17618,23,,,0
3001001,'244.0.3',546,,17620,23,,,0,70,,17621,23,,,0,30,,17622,23,,,0,64,,17623,23,,,0,22,,17624,23,,,0,20,,17625,23,,,0,58,,17626,23,,,0,19,,17627,23,,,0,20,,17628,23,,,0,58,,17629,23,,,0,32,,17630,23,,,0,20,,17631,23,,,0,60,,17632,23,,,0,28,,17633,23,,,0,71,,17634,23,,,0,30,,17635,23,,,0,70,,17636,23,,,0,30,,17637,23,,,0,70,,17638,23,,,0,30,,17639,23,,,0,70,,17640,23,,,0,30,,17641,23,,,0,70,,17642,23,,,0,21,,17643,23,,,0,20,,17644,23,,,0,60,,17645,23,,,0,21,,17646,23,,,0,67,,17647,23,,,0,23,,17648,23,,,0,20,,17649,23,,,0,60,,17650,23,,,0,18,,17651,23,,,0,16,,17652,23,,,0,57,,17653,23,,,0,14,,17654,23,,,0,12,,17655,23,,,0,19,,17656,23,,,0,79,,17657,23,,,0,30,,17658,23,,,0,70,,17659,23,,,0,30,,17660,23,,,0,70,,17661,23,,,0,28,,17662,23,,,0,64,,17663,23,,,0
