5900,'244.0.1',630,,12777,1,,,0,100,,12778,1,,,0,100,,12779,1,,,0,100,,12780,1,,,0,100,,12781,1,,,0,100,,12782,1,,,0,100,,12783,1,,,0,100,,12784,1,,,0,100,,12785,1,,,0,100,,12786,1,,,0,100,,12787,1,,,0,100,,12788,1,,,0,100,,12789,1,,,0,100,,12790,1,,,0,100,,12791,1,,,0,100,,12792,1,,,0,100,,12793,1,,,0,100,,12794,1,,,0
5900,'244.0.2',730,,12795,1,,,0,100,,12796,1,,,0,100,,12797,1,,,0,100,,12798,1,,,0,100,,12799,1,,,0,100,,12800,1,,,0,100,,12801,1,,,0,100,,12802,1,,,0,100,,12803,1,,,0,100,,12804,1,,,0,100,,12805,1,,,0,100,,12806,1,,,0,100,,12807,1,,,0,100,,12808,1,,,0,100,,12809,1,,,0,100,,12810,1,,,0
5900,'244.0.3',536,,12811,1,,,0,20,,12832,1,,,0,60,,12812,1,,,0,20,,12813,1,,,0,20,,12814,1,,,0,60,,12815,1,,,0,20,,12816,1,,,0,22,,12817,1,,,0,60,,12818,1,,,0,93,,12819,1,,,0,100,,12820,1,,,0,100,,12821,1,,,0,100,,12822,1,,,0,100,,12823,1,,,0,100,,12824,1,,,0,100,,12825,1,,,0,409,,12826,1,,,0,100,,12827,1,,,0,100,,12828,1,,,0,100,,12829,1,,,0,100,,12830,1,,,0,100,,12831,1,,,0
5901,'244.0.1',647,,12833,24,4,,0,100,,12834,24,4,,0,100,,12835,24,4,,0,100,,12836,24,4,,0,102,,12837,24,4,,0,100,,12838,24,4,,0,100,,12839,24,4,,0,100,,12840,24,4,,0,100,,12841,24,4,,0,100,,12842,24,4,,0,100,,12843,24,4,,0,100,,12844,24,4,,0,98,,12845,24,4,,0,100,,12846,24,4,,0,100,,12847,24,4,,0,100,,12848,24,4,,0,100,,12849,24,4,,0,100,,12850,24,4,,0
5901,'244.0.2',747,,12851,24,4,,0,100,,12852,24,4,,0,100,,12853,24,4,,0,102,,12854,24,4,,0,100,,12855,24,4,,0,100,,12856,24,4,,0,100,,12857,24,4,,0,100,,12858,24,4,,0,100,,12859,24,4,,0,100,,12860,24,4,,0,100,,12861,24,4,,0,98,,12862,24,4,,0,100,,12863,24,4,,0,100,,12864,24,4,,0,100,,12865,24,4,,0,100,,12866,24,4,,0
5901,'244.0.3',929,,12867,24,4,,0,100,,12868,24,4,,0,100,,12869,24,4,,0,100,,12870,24,4,,0,102,,12871,24,4,,0,100,,12872,24,4,,0,100,,12873,24,4,,0,70,,12874,24,4,,0,21,,12875,24,4,,0,24,,12876,24,4,,0,63,,12877,24,4,,0,22,,12878,24,4,,0,18,,12879,24,4,,0,53,,12888,24,4,,0,17,,12880,24,4,,0,18,,12881,24,4,,0,101,,12882,24,4,,0,100,,12883,24,4,,0,100,,12884,24,4,,0,100,,12885,24,4,,0,100,,12886,24,4,,0,100,,12887,24,4,,0
6500,'244.0.1',605,,13280,1,,,0,100,,13281,1,,,0,100,,13282,1,,,0,100,,13283,1,,,0,100,,13284,1,,,0,100,,13285,1,,,0,100,,13286,1,,,0,100,,13287,1,,,0,100,,13288,1,,,0,100,,13289,1,,,0,100,,13290,1,,,0,100,,13291,1,,,0,100,,13292,1,,,0,100,,13293,1,,,0,100,,13294,1,,,0,100,,13295,1,,,0,100,,13296,1,,,0
6500,'244.0.2',705,,13297,1,,,0,100,,13298,1,,,0,100,,13299,1,,,0,100,,13300,1,,,0,100,,13301,1,,,0,100,,13302,1,,,0,100,,13303,1,,,0,100,,13304,1,,,0,100,,13305,1,,,0,100,,13306,1,,,0,100,,13307,1,,,0,100,,13308,1,,,0,100,,13309,1,,,0,100,,13310,1,,,0,100,,13311,1,,,0,100,,13312,1,,,0
6500,'244.0.3',556,,13313,1,,,0,70,,13314,1,,,0,30,,13315,1,,,0,70,,13316,1,,,0,30,,13317,1,,,0,70,,13329,1,,,0,105,,13318,1,,,0,100,,13319,1,,,0,100,,13320,1,,,0,100,,13321,1,,,0,100,,13322,1,,,0,100,,13323,1,,,0,419,,13324,1,,,0,100,,13325,1,,,0,100,,13326,1,,,0,100,,13327,1,,,0,100,,13328,1,,,0
6501,'244.0.1',624,,13330,25,4,,0,100,,13331,25,4,,0,100,,13332,25,4,,0,100,,13333,25,4,,0,100,,13334,25,4,,0,100,,13335,25,4,,0,100,,13336,25,4,,0,100,,13337,25,4,,0,100,,13338,25,4,,0,100,,13339,25,4,,0,100,,13340,25,4,,0,100,,13341,25,4,,0,100,,13342,25,4,,0,100,,13343,25,4,,0,100,,13344,25,4,,0,100,,13345,25,4,,0,100,,13346,25,4,,0
6501,'244.0.2',724,,13347,25,4,,0,100,,13348,25,4,,0,100,,13349,25,4,,0,100,,13350,25,4,,0,100,,13351,25,4,,0,100,,13352,25,4,,0,100,,13353,25,4,,0,100,,13354,25,4,,0,100,,13355,25,4,,0,100,,13356,25,4,,0,100,,13357,25,4,,0,100,,13358,25,4,,0,100,,13359,25,4,,0,100,,13360,25,4,,0,100,,13361,25,4,,0,100,,13362,25,4,,0
6501,'244.0.3',950,,13363,25,4,,0,100,,13364,25,4,,0,100,,13365,25,4,,0,100,,13366,25,4,,0,101,,13367,25,4,,0,100,,13368,25,4,,0,170,,13369,25,4,,0,37,,13370,25,4,,0,72,,13371,25,4,,0,78,,13372,25,4,,0,13,,13373,25,4,,0,25,,13379,25,4,,0,63,,13374,25,4,,0,99,,13375,25,4,,0,100,,13376,25,4,,0,100,,13377,25,4,,0,100,,13378,25,4,,0
