200,'259.0.1',607,,18165,2,,,0,100,,18166,2,,,0,100,,18167,2,,,0,15,,18168,2,,,0,15,,18169,2,,,0,15,,18170,2,,,0,55,,18171,2,,,0,15,,18172,2,,,0,15,,18173,2,,,0,15,,18174,2,,,0,55,,18175,2,,,0,15,,18176,2,,,0,15,,18177,2,,,0,15,,18178,2,,,0,55,,18179,2,,,0,15,,18180,2,,,0,15,,18181,2,,,0,15,,18182,2,,,0,55,,18183,2,,,0,15,,18184,2,,,0,15,,18185,2,,,0,15,,18186,2,,,0,55,,18187,2,,,0,15,,18188,2,,,0,15,,18189,2,,,0,15,,18190,2,,,0,55,,18191,2,,,0,15,,18192,2,,,0,15,,18193,2,,,0,15,,18194,2,,,0,55,,18195,2,,,0,15,,18196,2,,,0,15,,18197,2,,,0,15,,18198,2,,,0,55,,18199,2,,,0,15,,18200,2,,,0,15,,18201,2,,,0,15,,18202,2,,,0,55,,18203,2,,,0,15,,18204,2,,,0,15,,18205,2,,,0,15,,18206,2,,,0,55,,18207,2,,,0,15,,18208,2,,,0,15,,18209,2,,,0,15,,18210,2,,,0,55,,18211,2,,,0,15,,18212,2,,,0,30,,18213,2,,,0,70,,18214,2,,,0,30,,18215,2,,,0,70,,18216,2,,,0,30,,18217,2,,,0,70,,18218,2,,,0,30,,18219,2,,,0,70,,18220,2,,,0,30,,18221,2,,,0,70,,18222,2,,,0
200,'259.0.2',557,,18223,2,,,0,100,,18224,2,,,0,100,,18225,2,,,0,70,,18226,2,,,0,20,,18227,2,,,0,60,,18228,2,,,0,20,,18229,2,,,0,20,,18230,2,,,0,60,,18231,2,,,0,20,,18232,2,,,0,20,,18233,2,,,0,60,,18234,2,,,0,20,,18235,2,,,0,20,,18236,2,,,0,60,,18237,2,,,0,20,,18238,2,,,0,20,,18239,2,,,0,60,,18240,2,,,0,20,,18241,2,,,0,20,,18242,2,,,0,60,,18243,2,,,0,20,,18244,2,,,0,20,,18245,2,,,0,60,,18246,2,,,0,20,,18247,2,,,0,20,,18248,2,,,0,60,,18249,2,,,0,20,,18250,2,,,0,20,,18251,2,,,0,60,,18252,2,,,0,20,,18253,2,,,0,20,,18254,2,,,0,60,,18255,2,,,0,30,,18256,2,,,0,70,,18257,2,,,0,30,,18258,2,,,0,70,,18259,2,,,0,30,,18260,2,,,0,70,,18261,2,,,0,30,,18262,2,,,0,70,,18263,2,,,0,30,,18264,2,,,0,70,,18265,2,,,0,30,,18266,2,,,0,70,,18267,2,,,0
200,'259.0.3',537,,18268,2,,,0,70,,18269,2,,,0,30,,18270,2,,,0,15,,18271,2,,,0,55,,18272,2,,,0,15,,18273,2,,,0,15,,18274,2,,,0,15,,18275,2,,,0,55,,18276,2,,,0,15,,18277,2,,,0,15,,18278,2,,,0,15,,18279,2,,,0,55,,18280,2,,,0,15,,18281,2,,,0,15,,18282,2,,,0,15,,18283,2,,,0,55,,18284,2,,,0,15,,18285,2,,,0,15,,18286,2,,,0,15,,18287,2,,,0,55,,18288,2,,,0,15,,18289,2,,,0,15,,18290,2,,,0,15,,18291,2,,,0,55,,18292,2,,,0,15,,18293,2,,,0,15,,18294,2,,,0,15,,18295,2,,,0,55,,18296,2,,,0,15,,18297,2,,,0,15,,18298,2,,,0,15,,18299,2,,,0,55,,18300,2,,,0,15,,18301,2,,,0,15,,18302,2,,,0,15,,18303,2,,,0,55,,18304,2,,,0,15,,18305,2,,,0,15,,18306,2,,,0,15,,18307,2,,,0,55,,18308,2,,,0,15,,18309,2,,,0,15,,18310,2,,,0,15,,18311,2,,,0,55,,18312,2,,,0,15,,18313,2,,,0,15,,18314,2,,,0,15,,18315,2,,,0,55,,18316,2,,,0,15,,18317,2,,,0,15,,18318,2,,,0,15,,18319,2,,,0,70,,18320,2,,,0,30,,18321,2,,,0,70,,18322,2,,,0,30,,18323,2,,,0,70,,18324,2,,,0,30,,18325,2,,,0,70,,18326,2,,,0,30,,18327,2,,,0,70,,18328,2,,,0,30,,18329,2,,,0,70,,18330,2,,,0
801,'259.0.1',623,,19511,83,4,,0,30,,19512,83,4,,0,70,,19513,83,4,,0,30,,19514,83,4,,0,73,,19515,83,4,,0,33,,19516,83,4,,0,70,,19517,83,4,,0,72,,19518,83,4,,0,34,,19519,83,4,,0,74,,19520,83,4,,0,30,,19521,83,4,,0,70,,19522,83,4,,0,30,,19523,83,4,,0,72,,19524,83,4,,0,31,,19525,83,4,,0,71,,19526,83,4,,0,30,,19527,83,4,,0,70,,19528,83,4,,0,30,,19529,83,4,,0,70,,19530,83,4,,0,30,,19531,83,4,,0,70,,19532,83,4,,0,30,,19533,83,4,,0,67,,19534,83,4,,0,28,,19535,83,4,,0,69,,19536,83,4,,0,30,,19537,83,4,,0,64,,19538,83,4,,0,25,,19539,83,4,,0,29,,19540,83,4,,0,70,,19541,83,4,,0,30,,19542,83,4,,0,70,,19543,83,4,,0,30,,19544,83,4,,0,70,,19545,83,4,,0,30,,19546,83,4,,0,70,,19547,83,4,,0,100,,19548,83,4,,0
801,'259.0.2',629,,19549,83,4,,0,30,,19550,83,4,,0,70,,19551,83,4,,0,30,,19552,83,4,,0,70,,19553,83,4,,0,30,,19554,83,4,,0,72,,19555,83,4,,0,75,,19556,83,4,,0,30,,19557,83,4,,0,73,,19558,83,4,,0,33,,19559,83,4,,0,70,,19560,83,4,,0,30,,19561,83,4,,0,70,,19562,83,4,,0,30,,19563,83,4,,0,70,,19564,83,4,,0,30,,19565,83,4,,0,70,,19566,83,4,,0,30,,19567,83,4,,0,70,,19568,83,4,,0,30,,19569,83,4,,0,70,,19570,83,4,,0,30,,19571,83,4,,0,70,,19572,83,4,,0,25,,19573,83,4,,0,68,,19574,83,4,,0,30,,19575,83,4,,0,70,,19576,83,4,,0,30,,19577,83,4,,0,70,,19578,83,4,,0,25,,19579,83,4,,0,27,,19580,83,4,,0,70,,19581,83,4,,0,30,,19582,83,4,,0,100,,19583,83,4,,0,100,,19584,83,4,,0
801,'259.0.3',618,,19585,83,4,,0,30,,19586,83,4,,0,74,,19587,83,4,,0,24,,19588,83,4,,0,70,,19589,83,4,,0,20,,19590,83,4,,0,20,,19591,83,4,,0,60,,19592,83,4,,0,16,,19593,83,4,,0,16,,19594,83,4,,0,57,,19595,83,4,,0,20,,19596,83,4,,0,20,,19597,83,4,,0,60,,19598,83,4,,0,20,,19599,83,4,,0,20,,19600,83,4,,0,60,,19601,83,4,,0,20,,19602,83,4,,0,20,,19603,83,4,,0,60,,19604,83,4,,0,20,,19605,83,4,,0,20,,19606,83,4,,0,60,,19607,83,4,,0,20,,19608,83,4,,0,20,,19609,83,4,,0,60,,19610,83,4,,0,25,,19611,83,4,,0,20,,19612,83,4,,0,63,,19613,83,4,,0,33,,19614,83,4,,0,70,,19615,83,4,,0,30,,19616,83,4,,0,70,,19617,83,4,,0,16,,19618,83,4,,0,25,,19619,83,4,,0,68,,19620,83,4,,0,30,,19621,83,4,,0,70,,19622,83,4,,0,30,,19623,83,4,,0,69,,19624,83,4,,0,26,,19625,83,4,,0,69,,19626,83,4,,0,30,,19627,83,4,,0,70,,19628,83,4,,0,30,,19629,83,4,,0,70,,19630,83,4,,0,30,,19631,83,4,,0,70,,19632,83,4,,0
2901,'259.0.1',637,,20636,14,,,0,70,,20637,14,,,0,30,,20638,14,,,0,70,,20639,14,,,0,30,,20640,14,,,0,70,,20641,14,,,0,30,,20642,14,,,0,70,,20643,14,,,0,32,,20644,14,,,0,68,,20645,14,,,0,30,,20646,14,,,0,70,,20647,14,,,0,30,,20648,14,,,0,70,,20649,14,,,0,30,,20650,14,,,0,70,,20651,14,,,0,30,,20652,14,,,0,70,,20653,14,,,0,30,,20654,14,,,0,70,,20655,14,,,0,30,,20656,14,,,0,70,,20657,14,,,0,30,,20658,14,,,0,70,,20659,14,,,0,30,,20660,14,,,0,70,,20661,14,,,0,30,,20662,14,,,0,100,,20663,14,,,0,100,,20664,14,,,0,100,,20665,14,,,0,100,,20666,14,,,0,81,,20667,14,,,0
2901,'259.0.2',635,,20668,14,,,0,70,,20669,14,,,0,30,,20670,14,,,0,70,,20671,14,,,0,30,,20672,14,,,0,70,,20673,14,,,0,30,,20674,14,,,0,71,,20675,14,,,0,29,,20676,14,,,0,70,,20677,14,,,0,30,,20678,14,,,0,70,,20679,14,,,0,30,,20680,14,,,0,70,,20681,14,,,0,30,,20682,14,,,0,70,,20683,14,,,0,30,,20684,14,,,0,70,,20685,14,,,0,30,,20686,14,,,0,70,,20687,14,,,0,30,,20688,14,,,0,70,,20689,14,,,0,30,,20690,14,,,0,70,,20691,14,,,0,30,,20692,14,,,0,100,,20693,14,,,0,100,,20694,14,,,0,100,,20695,14,,,0,100,,20696,14,,,0,100,,20697,14,,,0,83,,20698,14,,,0
2901,'259.0.3',621,,20699,14,,,0,15,,20700,14,,,0,15,,20701,14,,,0,55,,20702,14,,,0,15,,20703,14,,,0,15,,20704,14,,,0,15,,20705,14,,,0,55,,20706,14,,,0,15,,20707,14,,,0,14,,20708,14,,,0,16,,20709,14,,,0,70,,20710,14,,,0,30,,20711,14,,,0,70,,20712,14,,,0,30,,20713,14,,,0,70,,20714,14,,,0,30,,20715,14,,,0,70,,20716,14,,,0,30,,20717,14,,,0,70,,20718,14,,,0,30,,20719,14,,,0,70,,20720,14,,,0,30,,20721,14,,,0,70,,20722,14,,,0,15,,20723,14,,,0,15,,20724,14,,,0,55,,20725,14,,,0,15,,20726,14,,,0,15,,20727,14,,,0,15,,20728,14,,,0,55,,20729,14,,,0,15,,20730,14,,,0,15,,20731,14,,,0,15,,20732,14,,,0,55,,20733,14,,,0,15,,20734,14,,,0,15,,20735,14,,,0,15,,20736,14,,,0,70,,20737,14,,,0,30,,20738,14,,,0,70,,20739,14,,,0,30,,20740,14,,,0,70,,20741,14,,,0,30,,20742,14,,,0,70,,20743,14,,,0,100,,20744,14,,,0,94,,20745,14,,,0
9300,'259.0.3',1518,,23687,1,,,0,26,,23688,1,,,0,76,,23689,1,,,0,23,,23690,1,,,0,79,,23691,1,,,0,22,,23692,1,,,0,73,,23693,1,,,0
12300,'259.0.3',648,,23700,40,4,,0,70,,23702,40,4,,0,111,,23703,40,4,,0,29,,23704,40,4,,0,66,,23701,40,4,,0
12300,'259.1141.3',756,,23705,40,4,,0
12300,'259.1143.3',756,,23706,40,4,,0
12700,'259.0.3',650,,23720,30,4,,0,58,,23721,30,4,,0,23,,23722,30,4,,0,11,,23723,30,4,,0,9,,23724,30,4,,0,60,,23725,30,4,,0,15,,23726,30,4,,0,15,,23727,30,4,,0,5,,23728,30,4,,0
18200,'259.0.3',1500,,23847,7,,,0,15,,23848,7,,,0,15,,23849,7,,,0,15,,23850,7,,,0,55,,23851,7,,,0,15,,23852,7,,,0,15,,23853,7,,,0,15,,23854,7,,,0,55,,23855,7,,,0,15,,23856,7,,,0,15,,23857,7,,,0,15,,23858,7,,,0,55,,23860,7,,,0,14,,23859,7,,,0,16,,23861,7,,,0
18300,'259.0.3',1504,,23875,7,,,0,30,,23876,7,,,0,72,,23877,7,,,0,31,,23878,7,,,0,68,,23879,7,,,0,28,,23880,7,,,0,69,,23881,7,,,0
18500,'259.0.3',1512,,23888,7,,,0,15,,23889,7,,,0,15,,23890,7,,,0,17,,23891,7,,,0,55,,23892,7,,,0,16,,23893,7,,,0,15,,23894,7,,,0,55,,23895,7,,,0,11,,23896,7,,,0,14,,23899,7,,,0,15,,23897,7,,,0,15,,23900,7,,,0,55,,23898,7,,,0,15,,23901,7,,,0
18600,'259.0.3',1519,,23914,7,,,0,31,,23915,7,,,0,71,,23916,7,,,0,31,,23919,7,,,0,66,,23917,7,,,0,29,,23918,7,,,0
1000901,'259.0.1',724,,24620,57,4,,0,100,,24621,57,4,,0,104,,24622,57,4,,0,100,,24623,57,4,,0,100,,24624,57,4,,0,100,,24625,57,4,,0,100,,24626,57,4,,0,100,,24627,57,4,,0,100,,24628,57,4,,0,100,,24629,57,4,,0,100,,24630,57,4,,0,95,,24631,57,4,,0,100,,24632,57,4,,0,100,,24633,57,4,,0,97,,24634,57,4,,0,100,,24635,57,4,,0,100,,24636,57,4,,0,100,,24637,57,4,,0
1000901,'259.0.2',717,,24638,57,4,,0,98,,24639,57,4,,0,106,,24640,57,4,,0,100,,24641,57,4,,0,104,,24642,57,4,,0,100,,24643,57,4,,0,100,,24644,57,4,,0,100,,24645,57,4,,0,100,,24646,57,4,,0,100,,24647,57,4,,0,100,,24648,57,4,,0,100,,24649,57,4,,0,100,,24650,57,4,,0,96,,24651,57,4,,0,96,,24652,57,4,,0,100,,24653,57,4,,0,98,,24654,57,4,,0,99,,24655,57,4,,0
1000901,'259.0.3',608,,24656,57,4,,0,27,,24657,57,4,,0,65,,24658,57,4,,0,10,,24659,57,4,,0,7,,24660,57,4,,0,17,,24661,57,4,,0,23,,24662,57,4,,0,45,,24663,57,4,,0,15,,24664,57,4,,0,10,,24665,57,4,,0,20,,24666,57,4,,0,10,,24667,57,4,,0,59,,24668,57,4,,0,9,,24669,57,4,,0,8,,24670,57,4,,0,10,,24671,57,4,,0,65,,24672,57,4,,0,15,,24673,57,4,,0,15,,24674,57,4,,0,70,,24675,57,4,,0,15,,24676,57,4,,0,15,,24677,57,4,,0,70,,24678,57,4,,0,15,,24679,57,4,,0,15,,24680,57,4,,0,70,,24681,57,4,,0,15,,24682,57,4,,0,15,,24683,57,4,,0,70,,24684,57,4,,0,15,,24685,57,4,,0,15,,24686,57,4,,0,70,,24687,57,4,,0,18,,24688,57,4,,0,15,,24689,57,4,,0,69,,24690,57,4,,0,25,,24691,57,4,,0,5,,24692,57,4,,0,65,,24693,57,4,,0,10,,24694,57,4,,0,20,,24695,57,4,,0,10,,24696,57,4,,0,60,,24697,57,4,,0,10,,24698,57,4,,0,17,,24699,57,4,,0,9,,24700,57,4,,0,17,,24701,57,4,,0,50,,24702,57,4,,0,25,,24703,57,4,,0,70,,24704,57,4,,0,31,,24705,57,4,,0,69,,24706,57,4,,0,25,,24707,57,4,,0,25,,24708,57,4,,0,70,,24709,57,4,,0,35,,24710,57,4,,0,60,,24711,57,4,,0,40,,24712,57,4,,0,60,,24713,57,4,,0,40,,24714,57,4,,0,60,,24715,57,4,,0
2000901,'259.0.1',654,,25643,73,4,,0,100,,25644,73,4,,0,99,,25645,73,4,,0,105,,25646,73,4,,0,100,,25647,73,4,,0,100,,25648,73,4,,0,100,,25649,73,4,,0,100,,25650,73,4,,0,100,,25651,73,4,,0,100,,25652,73,4,,0,100,,25653,73,4,,0,100,,25654,73,4,,0,95,,25655,73,4,,0,100,,25656,73,4,,0,97,,25657,73,4,,0,100,,25658,73,4,,0,100,,25659,73,4,,0,100,,25660,73,4,,0,100,,25661,73,4,,0
2000901,'259.0.2',647,,25662,73,4,,0,100,,25663,73,4,,0,98,,25664,73,4,,0,106,,25665,73,4,,0,100,,25666,73,4,,0,104,,25667,73,4,,0,100,,25668,73,4,,0,100,,25669,73,4,,0,100,,25670,73,4,,0,100,,25671,73,4,,0,100,,25672,73,4,,0,100,,25673,73,4,,0,100,,25674,73,4,,0,100,,25675,73,4,,0,92,,25676,73,4,,0,100,,25677,73,4,,0,100,,25678,73,4,,0,96,,25679,73,4,,0,100,,25680,73,4,,0
2000901,'259.0.3',620,,25681,73,4,,0,30,,25682,73,4,,0,72,,25683,73,4,,0,85,,25684,73,4,,0,30,,25685,73,4,,0,69,,25686,73,4,,0,18,,25687,73,4,,0,29,,25688,73,4,,0,100,,25689,73,4,,0,100,,25690,73,4,,0,100,,25691,73,4,,0,100,,25692,73,4,,0,100,,25693,73,4,,0,102,,25694,73,4,,0,70,,25695,73,4,,0,30,,25696,73,4,,0,70,,25697,73,4,,0,30,,25698,73,4,,0,70,,25699,73,4,,0,24,,25700,73,4,,0,69,,25701,73,4,,0,30,,25702,73,4,,0,70,,25703,73,4,,0,30,,25704,73,4,,0,70,,25705,73,4,,0,24,,25706,73,4,,0,62,,25707,73,4,,0,30,,25708,73,4,,0,100,,25709,73,4,,0,100,,25710,73,4,,0
