800,'259.0.1',604,,19386,32,,,0,30,,19387,32,,,0,70,,19388,32,,,0,30,,19389,32,,,0,70,,19390,32,,,0,23,,19391,32,,,0,22,,19392,32,,,0,70,,19393,32,,,0,30,,19394,32,,,0,70,,19395,32,,,0,31,,19396,32,,,0,69,,19397,32,,,0,30,,19398,32,,,0,70,,19399,32,,,0,30,,19400,32,,,0,70,,19401,32,,,0,30,,19402,32,,,0,70,,19403,32,,,0,32,,19404,32,,,0,70,,19405,32,,,0,30,,19406,32,,,0,70,,19407,32,,,0,30,,19408,32,,,0,70,,19409,32,,,0,30,,19410,32,,,0,70,,19411,32,,,0,30,,19412,32,,,0,70,,19413,32,,,0,30,,19414,32,,,0,70,,19415,32,,,0,30,,19416,32,,,0,70,,19417,32,,,0,30,,19418,32,,,0,70,,19419,32,,,0,26,,19420,32,,,0,69,,19421,32,,,0,30,,19422,32,,,0,100,,19423,32,,,0
800,'259.0.2',622,,19424,32,,,0,30,,19425,32,,,0,70,,19426,32,,,0,30,,19427,32,,,0,70,,19428,32,,,0,30,,19429,32,,,0,70,,19430,32,,,0,30,,19431,32,,,0,70,,19432,32,,,0,34,,19433,32,,,0,70,,19434,32,,,0,25,,19435,32,,,0,71,,19436,32,,,0,32,,19437,32,,,0,70,,19438,32,,,0,30,,19439,32,,,0,70,,19440,32,,,0,30,,19441,32,,,0,70,,19442,32,,,0,30,,19443,32,,,0,70,,19444,32,,,0,35,,19445,32,,,0,69,,19446,32,,,0,30,,19447,32,,,0,70,,19448,32,,,0,29,,19449,32,,,0,68,,19450,32,,,0,30,,19451,32,,,0,68,,19452,32,,,0,29,,19453,32,,,0,70,,19454,32,,,0,30,,19455,32,,,0,70,,19456,32,,,0,30,,19457,32,,,0,100,,19458,32,,,0,100,,19459,32,,,0
800,'259.0.3',552,,19462,32,,,0,70,,19463,32,,,0,30,,19464,32,,,0,77,,19465,32,,,0,72,,19466,32,,,0,31,,19467,32,,,0,70,,19468,32,,,0,30,,19469,32,,,0,70,,19470,32,,,0,20,,19471,32,,,0,20,,19472,32,,,0,60,,19473,32,,,0,20,,19474,32,,,0,20,,19475,32,,,0,60,,19476,32,,,0,20,,19477,32,,,0,20,,19478,32,,,0,60,,19479,32,,,0,20,,19480,32,,,0,20,,19481,32,,,0,60,,19482,32,,,0,20,,19483,32,,,0,20,,19484,32,,,0,60,,19485,32,,,0,28,,19486,32,,,0,24,,19487,32,,,0,60,,19488,32,,,0,20,,19489,32,,,0,20,,19490,32,,,0,60,,19491,32,,,0,20,,19492,32,,,0,20,,19493,32,,,0,59,,19494,32,,,0,26,,19495,32,,,0,10,,19510,32,,,0,10,,19496,32,,,0,70,,19497,32,,,0,30,,19498,32,,,0,70,,19499,32,,,0,30,,19500,32,,,0,68,,19501,32,,,0,29,,19502,32,,,0,70,,19503,32,,,0,30,,19504,32,,,0,70,,19505,32,,,0,30,,19506,32,,,0,70,,19507,32,,,0,30,,19508,32,,,0,70,,19509,32,,,0
3901,'259.0.1',629,,20827,13,,,0,30,,20828,13,,,0,70,,20829,13,,,0,30,,20830,13,,,0,71,,20831,13,,,0,71,,20832,13,,,0,30,,20833,13,,,0,70,,20834,13,,,0,30,,20835,13,,,0,70,,20836,13,,,0,30,,20837,13,,,0,70,,20838,13,,,0,30,,20839,13,,,0,70,,20840,13,,,0,30,,20841,13,,,0,70,,20842,13,,,0,30,,20843,13,,,0,70,,20844,13,,,0,30,,20845,13,,,0,70,,20846,13,,,0,30,,20847,13,,,0,70,,20848,13,,,0,30,,20849,13,,,0,70,,20850,13,,,0,30,,20851,13,,,0,70,,20852,13,,,0,30,,20853,13,,,0,70,,20854,13,,,0,30,,20855,13,,,0,70,,20856,13,,,0,30,,20857,13,,,0,70,,20858,13,,,0,30,,20859,13,,,0,70,,20860,13,,,0,30,,20861,13,,,0
3901,'259.0.2',659,,20862,13,,,0,100,,20863,13,,,0,100,,20864,13,,,0,141,,20865,13,,,0,101,,20866,13,,,0,100,,20867,13,,,0,100,,20868,13,,,0,100,,20869,13,,,0,100,,20870,13,,,0,100,,20871,13,,,0,100,,20872,13,,,0,100,,20873,13,,,0,100,,20874,13,,,0,100,,20875,13,,,0,100,,20876,13,,,0,100,,20877,13,,,0
3901,'259.0.3',613,,20878,13,,,0,30,,20879,13,,,0,71,,20880,13,,,0,30,,20881,13,,,0,70,,20882,13,,,0,30,,20883,13,,,0,70,,20884,13,,,0,30,,20885,13,,,0,70,,20886,13,,,0,30,,20887,13,,,0,70,,20888,13,,,0,30,,20889,13,,,0,70,,20890,13,,,0,30,,20891,13,,,0,70,,20892,13,,,0,30,,20893,13,,,0,70,,20894,13,,,0,30,,20895,13,,,0,70,,20896,13,,,0,35,,20897,13,,,0,70,,20898,13,,,0,30,,20899,13,,,0,70,,20900,13,,,0,30,,20901,13,,,0,65,,20902,13,,,0,100,,20903,13,,,0,100,,20904,13,,,0,100,,20905,13,,,0,100,,20906,13,,,0,100,,20907,13,,,0
9000,'259.0.1',628,,23385,24,,,0,25,,23386,24,,,0,70,,23387,24,,,0,30,,23388,24,,,0,70,,23389,24,,,0,25,,23390,24,,,0,70,,23391,24,,,0,30,,23392,24,,,0,65,,23393,24,,,0,33,,23394,24,,,0,70,,23395,24,,,0,30,,23396,24,,,0,70,,23397,24,,,0,27,,23398,24,,,0,70,,23399,24,,,0,30,,23400,24,,,0,70,,23401,24,,,0,30,,23402,24,,,0,70,,23403,24,,,0,30,,23404,24,,,0,70,,23405,24,,,0,33,,23406,24,,,0,70,,23407,24,,,0,30,,23408,24,,,0,70,,23409,24,,,0,30,,23410,24,,,0,70,,23411,24,,,0,30,,23412,24,,,0,70,,23413,24,,,0,104,,23414,24,,,0,100,,23415,24,,,0,100,,23416,24,,,0,100,,23417,24,,,0
9000,'259.0.2',616,,23418,24,,,0,100,,23419,24,,,0,100,,23420,24,,,0,95,,23421,24,,,0,97,,23422,24,,,0,100,,23423,24,,,0,102,,23424,24,,,0,100,,23425,24,,,0,98,,23426,24,,,0,100,,23427,24,,,0,100,,23428,24,,,0,100,,23429,24,,,0,103,,23430,24,,,0,104,,23431,24,,,0,101,,23432,24,,,0,100,,23433,24,,,0,100,,23434,24,,,0,100,,23435,24,,,0
9000,'259.0.3',613,,23469,24,,,0,15,,23468,24,,,0,15,,23436,24,,,0,15,,23470,24,,,0,55,,23437,24,,,0,15,,23471,24,,,0,15,,23438,24,,,0,15,,23472,24,,,0,60,,23439,24,,,0,30,,23440,24,,,0,65,,23441,24,,,0,31,,23442,24,,,0,69,,23443,24,,,0,30,,23444,24,,,0,70,,23445,24,,,0,27,,23446,24,,,0,71,,23447,24,,,0,30,,23448,24,,,0,70,,23449,24,,,0,30,,23450,24,,,0,70,,23451,24,,,0,35,,23452,24,,,0,57,,23473,24,,,0,15,,23453,24,,,0,15,,23474,24,,,0,15,,23454,24,,,0,55,,23475,24,,,0,15,,23455,24,,,0,15,,23476,24,,,0,15,,23480,24,,,0,55,,23477,24,,,0,15,,23456,24,,,0,15,,23478,24,,,0,15,,23457,24,,,0,10,,23479,24,,,0,52,,23458,24,,,0,35,,23459,24,,,0,70,,23460,24,,,0,30,,23461,24,,,0,70,,23462,24,,,0,30,,23463,24,,,0,100,,23464,24,,,0,97,,23465,24,,,0,100,,23466,24,,,0,100,,23467,24,,,0
9100,'259.0.1',720,,23578,11,,,0,100,,23579,11,,,0,100,,23580,11,,,0,100,,23581,11,,,0,100,,23582,11,,,0,100,,23583,11,,,0,100,,23584,11,,,0,100,,23585,11,,,0,100,,23586,11,,,0,100,,23587,11,,,0,100,,23588,11,,,0,100,,23589,11,,,0,100,,23590,11,,,0,100,,23591,11,,,0,100,,23592,11,,,0,100,,23593,11,,,0
9100,'259.0.2',749,,23594,11,,,0,100,,23595,11,,,0,100,,23596,11,,,0,100,,23597,11,,,0,100,,23598,11,,,0,100,,23599,11,,,0,100,,23600,11,,,0,100,,23601,11,,,0,100,,23602,11,,,0,100,,23603,11,,,0,100,,23604,11,,,0,100,,23605,11,,,0,100,,23606,11,,,0,100,,23607,11,,,0,100,,23608,11,,,0
9100,'259.0.3',630,,23609,11,,,0,24,,23610,11,,,0,67,,23611,11,,,0,36,,23612,11,,,0,69,,23613,11,,,0,31,,23614,11,,,0,100,,23615,11,,,0,143,,23616,11,,,0,100,,23617,11,,,0,59,,23618,11,,,0,100,,23619,11,,,0,100,,23620,11,,,0,70,,23621,11,,,0,30,,23622,11,,,0,70,,23623,11,,,0,30,,23624,11,,,0,70,,23625,11,,,0,71,,23626,11,,,0,30,,23627,11,,,0,98,,23628,11,,,0,100,,23629,11,,,0,100,,23630,11,,,0,100,,23631,11,,,0
9300,'259.0.3',1536,,23687,18,,,0,66,,23688,18,,,0,41,,23689,18,,,0,63,,23690,18,,,0,35,,23691,18,,,0,60,,23692,18,,,0,31,,23693,18,,,0
