800,'244.0.1',608,,10559,38,,,0,30,,10560,38,,,0,70,,10561,38,,,0,30,,10562,38,,,0,71,,10563,38,,,0,23,,10564,38,,,0,22,,10565,38,,,0,70,,10566,38,,,0,30,,10567,38,,,0,70,,10568,38,,,0,31,,10569,38,,,0,69,,10570,38,,,0,30,,10571,38,,,0,70,,10572,38,,,0,30,,10573,38,,,0,70,,10574,38,,,0,30,,10575,38,,,0,70,,10576,38,,,0,32,,10577,38,,,0,70,,10578,38,,,0,30,,10579,38,,,0,70,,10580,38,,,0,30,,10581,38,,,0,70,,10582,38,,,0,30,,10583,38,,,0,70,,10584,38,,,0,30,,10585,38,,,0,70,,10586,38,,,0,30,,10587,38,,,0,70,,10588,38,,,0,30,,10589,38,,,0,70,,10590,38,,,0,30,,10591,38,,,0,70,,10592,38,,,0,25,,10593,38,,,0,69,,10594,38,,,0,30,,10595,38,,,0,100,,10596,38,,,0
800,'244.0.2',626,,10597,38,,,0,30,,10598,38,,,0,70,,10599,38,,,0,30,,10600,38,,,0,70,,10601,38,,,0,30,,10602,38,,,0,70,,10603,38,,,0,30,,10604,38,,,0,71,,10605,38,,,0,74,,10606,38,,,0,30,,10607,38,,,0,25,,10608,38,,,0,71,,10609,38,,,0,32,,10610,38,,,0,70,,10611,38,,,0,30,,10612,38,,,0,70,,10613,38,,,0,30,,10614,38,,,0,70,,10615,38,,,0,30,,10616,38,,,0,70,,10617,38,,,0,75,,10618,38,,,0,29,,10619,38,,,0,70,,10620,38,,,0,29,,10621,38,,,0,69,,10622,38,,,0,28,,10623,38,,,0,30,,10624,38,,,0,68,,10625,38,,,0,29,,10626,38,,,0,70,,10627,38,,,0,30,,10628,38,,,0,70,,10629,38,,,0,30,,10630,38,,,0,100,,10631,38,,,0,100,,10632,38,,,0
800,'244.0.3',557,,10635,38,,,0,70,,10636,38,,,0,30,,10637,38,,,0,78,,10638,38,,,0,72,,10639,38,,,0,31,,10640,38,,,0,70,,10641,38,,,0,30,,10642,38,,,0,70,,10643,38,,,0,20,,10644,38,,,0,20,,10645,38,,,0,60,,10646,38,,,0,20,,10647,38,,,0,20,,10648,38,,,0,60,,10649,38,,,0,20,,10650,38,,,0,20,,10651,38,,,0,60,,10652,38,,,0,20,,10653,38,,,0,20,,10654,38,,,0,60,,10655,38,,,0,20,,10656,38,,,0,20,,10657,38,,,0,60,,10658,38,,,0,29,,10659,38,,,0,64,,10660,38,,,0,20,,10661,38,,,0,20,,10662,38,,,0,60,,10663,38,,,0,20,,10664,38,,,0,20,,10665,38,,,0,60,,10666,38,,,0,17,,10667,38,,,0,26,,10668,38,,,0,10,,10683,38,,,0,50,,10669,38,,,0,30,,10670,38,,,0,70,,10671,38,,,0,30,,10672,38,,,0,70,,10673,38,,,0,28,,10674,38,,,0,69,,10675,38,,,0,30,,10676,38,,,0,70,,10677,38,,,0,30,,10678,38,,,0,70,,10679,38,,,0,30,,10680,38,,,0,70,,10681,38,,,0,30,,10682,38,,,0
9000,'244.0.1',632,,14558,31,,,0,25,,14559,31,,,0,70,,14560,31,,,0,30,,14561,31,,,0,70,,14562,31,,,0,25,,14563,31,,,0,70,,14564,31,,,0,30,,14565,31,,,0,66,,14566,31,,,0,33,,14567,31,,,0,70,,14568,31,,,0,30,,14569,31,,,0,70,,14570,31,,,0,27,,14571,31,,,0,70,,14572,31,,,0,30,,14573,31,,,0,70,,14574,31,,,0,30,,14575,31,,,0,70,,14576,31,,,0,30,,14577,31,,,0,70,,14578,31,,,0,33,,14579,31,,,0,70,,14580,31,,,0,30,,14581,31,,,0,70,,14582,31,,,0,30,,14583,31,,,0,70,,14584,31,,,0,30,,14585,31,,,0,70,,14586,31,,,0,104,,14587,31,,,0,100,,14588,31,,,0,100,,14589,31,,,0,100,,14590,31,,,0
9000,'244.0.2',621,,14591,31,,,0,100,,14592,31,,,0,100,,14593,31,,,0,95,,14594,31,,,0,97,,14595,31,,,0,100,,14596,31,,,0,102,,14597,31,,,0,100,,14598,31,,,0,98,,14599,31,,,0,100,,14600,31,,,0,100,,14601,31,,,0,100,,14602,31,,,0,103,,14603,31,,,0,104,,14604,31,,,0,101,,14605,31,,,0,100,,14606,31,,,0,100,,14607,31,,,0,100,,14608,31,,,0
9000,'244.0.3',619,,14642,31,,,0,15,,14641,31,,,0,15,,14609,31,,,0,55,,14643,31,,,0,15,,14610,31,,,0,15,,14644,31,,,0,15,,14611,31,,,0,55,,14645,31,,,0,20,,14612,31,,,0,30,,14613,31,,,0,65,,14614,31,,,0,31,,14615,31,,,0,69,,14616,31,,,0,30,,14617,31,,,0,70,,14618,31,,,0,27,,14619,31,,,0,71,,14620,31,,,0,30,,14621,31,,,0,70,,14622,31,,,0,30,,14623,31,,,0,70,,14624,31,,,0,37,,14625,31,,,0,57,,14646,31,,,0,15,,14626,31,,,0,15,,14647,31,,,0,15,,14627,31,,,0,55,,14648,31,,,0,15,,14628,31,,,0,15,,14649,31,,,0,15,,14653,31,,,0,55,,14650,31,,,0,15,,14629,31,,,0,15,,14651,31,,,0,13,,14630,31,,,0,50,,14652,31,,,0,12,,14631,31,,,0,35,,14632,31,,,0,70,,14633,31,,,0,30,,14634,31,,,0,70,,14635,31,,,0,30,,14636,31,,,0,100,,14637,31,,,0,96,,14638,31,,,0,100,,14639,31,,,0,100,,14640,31,,,0
9100,'244.0.1',725,,14751,18,,,0,100,,14752,18,,,0,100,,14753,18,,,0,100,,14754,18,,,0,100,,14755,18,,,0,100,,14756,18,,,0,100,,14757,18,,,0,100,,14758,18,,,0,100,,14759,18,,,0,100,,14760,18,,,0,100,,14761,18,,,0,100,,14762,18,,,0,100,,14763,18,,,0,100,,14764,18,,,0,100,,14765,18,,,0,100,,14766,18,,,0
9100,'244.0.2',754,,14767,18,,,0,100,,14768,18,,,0,100,,14769,18,,,0,100,,14770,18,,,0,100,,14771,18,,,0,100,,14772,18,,,0,100,,14773,18,,,0,100,,14774,18,,,0,100,,14775,18,,,0,100,,14776,18,,,0,100,,14777,18,,,0,100,,14778,18,,,0,100,,14779,18,,,0,100,,14780,18,,,0,100,,14781,18,,,0
9100,'244.0.3',634,,14782,18,,,0,24,,14783,18,,,0,68,,14784,18,,,0,76,,14785,18,,,0,29,,14786,18,,,0,71,,14787,18,,,0,100,,14788,18,,,0,103,,14789,18,,,0,100,,14790,18,,,0,99,,14791,18,,,0,100,,14792,18,,,0,101,,14793,18,,,0,30,,14794,18,,,0,70,,14795,18,,,0,30,,14796,18,,,0,70,,14797,18,,,0,30,,14798,18,,,0,71,,14799,18,,,0,30,,14800,18,,,0,97,,14801,18,,,0,100,,14802,18,,,0,100,,14803,18,,,0,100,,14804,18,,,0
9300,'244.0.3',1542,,14860,25,,,0,67,,14861,25,,,0,41,,14862,25,,,0,63,,14863,25,,,0,35,,14864,25,,,0,59,,14865,25,,,0,30,,14866,25,,,0
