5300,'244.0.1',607,,12090,3,,,0,30,,12091,3,,,0,70,,12092,3,,,0,30,,12093,3,,,0,70,,12094,3,,,0,30,,12095,3,,,0,70,,12096,3,,,0,30,,12097,3,,,0,70,,12098,3,,,0,30,,12099,3,,,0,70,,12100,3,,,0,30,,12101,3,,,0,70,,12102,3,,,0,30,,12103,3,,,0,70,,12104,3,,,0,30,,12105,3,,,0,70,,12106,3,,,0,30,,12107,3,,,0,70,,12108,3,,,0,30,,12109,3,,,0,70,,12110,3,,,0,30,,12111,3,,,0,70,,12112,3,,,0,30,,12113,3,,,0,70,,12114,3,,,0,30,,12115,3,,,0,70,,12116,3,,,0,30,,12117,3,,,0,70,,12118,3,,,0,30,,12119,3,,,0,70,,12120,3,,,0,30,,12121,3,,,0,70,,12122,3,,,0,100,,12123,3,,,0
5300,'244.0.2',707,,12124,3,,,0,100,,12125,3,,,0,100,,12126,3,,,0,100,,12127,3,,,0,100,,12128,3,,,0,100,,12129,3,,,0,100,,12130,3,,,0,100,,12131,3,,,0,100,,12132,3,,,0,100,,12133,3,,,0,100,,12134,3,,,0,100,,12135,3,,,0,100,,12136,3,,,0,100,,12137,3,,,0,100,,12138,3,,,0,100,,12139,3,,,0
5300,'244.0.3',607,,12140,3,,,0,30,,12141,3,,,0,70,,12142,3,,,0,30,,12143,3,,,0,70,,12144,3,,,0,30,,12145,3,,,0,70,,12146,3,,,0,30,,12147,3,,,0,70,,12148,3,,,0,30,,12149,3,,,0,70,,12150,3,,,0,30,,12151,3,,,0,70,,12152,3,,,0,30,,12153,3,,,0,70,,12154,3,,,0,30,,12155,3,,,0,70,,12156,3,,,0,30,,12157,3,,,0,70,,12158,3,,,0,30,,12159,3,,,0,70,,12160,3,,,0,30,,12161,3,,,0,70,,12162,3,,,0,30,,12163,3,,,0,70,,12164,3,,,0,30,,12165,3,,,0,70,,12166,3,,,0,30,,12167,3,,,0,70,,12168,3,,,0,30,,12169,3,,,0,70,,12170,3,,,0,100,,12171,3,,,0,100,,12172,3,,,0,100,,12173,3,,,0
5400,'244.0.1',601,,12258,5,,,0,100,,12259,5,,,0,100,,12260,5,,,0,100,,12261,5,,,0,100,,12262,5,,,0,100,,12263,5,,,0,100,,12264,5,,,0,100,,12265,5,,,0,100,,12266,5,,,0,100,,12267,5,,,0,100,,12268,5,,,0,100,,12269,5,,,0,100,,12270,5,,,0,100,,12271,5,,,0,100,,12272,5,,,0,100,,12273,5,,,0,100,,12274,5,,,0
5400,'244.0.2',801,,12275,5,,,0,100,,12276,5,,,0,100,,12277,5,,,0,100,,12278,5,,,0,100,,12279,5,,,0,100,,12280,5,,,0,100,,12281,5,,,0,100,,12282,5,,,0,100,,12283,5,,,0,100,,12284,5,,,0,100,,12285,5,,,0,100,,12286,5,,,0,100,,12287,5,,,0,100,,12288,5,,,0
5400,'244.0.3',603,,12289,5,,,0,28,,12290,5,,,0,70,,12291,5,,,0,28,,12292,5,,,0,30,,12293,5,,,0,71,,12294,5,,,0,75,,12295,5,,,0,100,,12296,5,,,0,100,,12297,5,,,0,100,,12298,5,,,0,100,,12299,5,,,0,100,,12300,5,,,0,100,,12301,5,,,0,30,,12302,5,,,0,70,,12303,5,,,0,29,,12304,5,,,0,70,,12305,5,,,0,30,,12306,5,,,0,71,,12307,5,,,0,30,,12308,5,,,0,70,,12309,5,,,0,30,,12310,5,,,0,70,,12311,5,,,0,100,,12312,5,,,0
5500,'244.0.1',731,,12368,5,,,0,100,,12369,5,,,0,100,,12370,5,,,0,100,,12371,5,,,0,100,,12372,5,,,0,100,,12373,5,,,0,100,,12374,5,,,0,100,,12375,5,,,0,100,,12376,5,,,0,100,,12377,5,,,0,100,,12378,5,,,0,100,,12379,5,,,0,100,,12380,5,,,0,100,,12381,5,,,0,100,,12382,5,,,0
5500,'244.0.2',731,,12383,5,,,0,100,,12384,5,,,0,100,,12385,5,,,0,100,,12386,5,,,0,100,,12387,5,,,0,100,,12388,5,,,0,100,,12389,5,,,0,100,,12390,5,,,0,100,,12391,5,,,0,100,,12392,5,,,0,100,,12393,5,,,0,100,,12394,5,,,0,100,,12395,5,,,0,100,,12396,5,,,0,100,,12397,5,,,0
5500,'244.0.3',620,,12398,5,,,0,30,,12416,5,,,0,70,,12399,5,,,0,30,,12400,5,,,0,100,,12401,5,,,0,85,,12402,5,,,0,100,,12403,5,,,0,100,,12404,5,,,0,100,,12405,5,,,0,100,,12406,5,,,0,100,,12407,5,,,0,85,,12408,5,,,0,101,,12409,5,,,0,34,,12417,5,,,0,70,,12410,5,,,0,25,,12411,5,,,0,75,,12412,5,,,0,100,,12413,5,,,0,110,,12414,5,,,0,100,,12415,5,,,0
6200,'244.0.1',704,,12991,5,,,0,100,,12992,5,,,0,100,,12993,5,,,0,100,,12994,5,,,0,100,,12995,5,,,0,100,,12996,5,,,0,100,,12997,5,,,0,100,,12998,5,,,0,100,,12999,5,,,0,100,,13000,5,,,0,100,,13001,5,,,0,100,,13002,5,,,0,100,,13003,5,,,0,100,,13004,5,,,0,100,,13005,5,,,0,100,,13006,5,,,0
6200,'244.0.2',704,,13007,5,,,0,100,,13008,5,,,0,100,,13009,5,,,0,100,,13010,5,,,0,100,,13011,5,,,0,100,,13012,5,,,0,100,,13013,5,,,0,100,,13014,5,,,0,100,,13015,5,,,0,100,,13016,5,,,0,100,,13017,5,,,0,100,,13018,5,,,0,100,,13019,5,,,0,100,,13020,5,,,0,100,,13021,5,,,0,100,,13022,5,,,0
6200,'244.0.3',613,,13023,5,,,0,30,,13024,5,,,0,70,,13025,5,,,0,30,,13026,5,,,0,70,,13027,5,,,0,30,,13028,5,,,0,70,,13029,5,,,0,100,,13030,5,,,0,100,,13031,5,,,0,100,,13032,5,,,0,100,,13033,5,,,0,100,,13034,5,,,0,100,,13035,5,,,0,30,,13036,5,,,0,70,,13037,5,,,0,30,,13038,5,,,0,70,,13039,5,,,0,30,,13040,5,,,0,70,,13041,5,,,0,30,,13042,5,,,0,100,,13043,5,,,0,100,,13044,5,,,0,100,,13045,5,,,0,100,,13046,5,,,0
