100,'259.0.1',613,,17670,27,,,0,15,,17671,27,,,0,15,,17672,27,,,0,15,,17673,27,,,0,55,,17674,27,,,0,15,,17675,27,,,0,15,,17676,27,,,0,15,,17677,27,,,0,58,,17678,27,,,0,15,,17679,27,,,0,15,,17680,27,,,0,55,,17681,27,,,0,15,,17682,27,,,0,16,,17683,27,,,0,17,,17684,27,,,0,55,,17685,27,,,0,15,,17686,27,,,0,15,,17687,27,,,0,15,,17688,27,,,0,58,,17689,27,,,0,16,,17690,27,,,0,15,,17691,27,,,0,15,,17692,27,,,0,55,,17693,27,,,0,15,,17694,27,,,0,15,,17695,27,,,0,15,,17696,27,,,0,55,,17697,27,,,0,15,,17698,27,,,0,15,,17699,27,,,0,15,,17700,27,,,0,55,,17701,27,,,0,15,,17702,27,,,0,15,,17703,27,,,0,15,,17704,27,,,0,55,,17705,27,,,0,15,,17706,27,,,0,15,,17707,27,,,0,15,,17708,27,,,0,55,,17709,27,,,0,15,,17710,27,,,0,15,,17711,27,,,0,15,,17712,27,,,0,55,,17713,27,,,0,15,,17714,27,,,0,15,,17715,27,,,0,15,,17716,27,,,0,55,,17717,27,,,0,15,,17718,27,,,0,15,,17719,27,,,0,15,,17720,27,,,0,55,,17721,27,,,0,13,,17722,27,,,0,14,,17723,27,,,0,15,,17724,27,,,0,55,,17725,27,,,0,15,,17726,27,,,0,15,,17727,27,,,0,15,,17728,27,,,0,55,,17729,27,,,0,15,,17730,27,,,0,15,,17731,27,,,0,15,,17732,27,,,0,55,,17733,27,,,0,13,,17734,27,,,0,13,,17735,27,,,0,15,,17736,27,,,0,55,,17737,27,,,0,15,,17738,27,,,0,15,,17739,27,,,0,15,,17740,27,,,0,55,,17741,27,,,0,15,,17742,27,,,0,15,,17743,27,,,0,15,,17744,27,,,0,55,,17745,27,,,0
100,'259.0.2',614,,17746,27,,,0,15,,17747,27,,,0,15,,17748,27,,,0,15,,17749,27,,,0,55,,17750,27,,,0,15,,17751,27,,,0,15,,17752,27,,,0,15,,17753,27,,,0,55,,17754,27,,,0,15,,17755,27,,,0,18,,17756,27,,,0,55,,17757,27,,,0,15,,17758,27,,,0,15,,17759,27,,,0,15,,17760,27,,,0,55,,17761,27,,,0,16,,17762,27,,,0,17,,17763,27,,,0,15,,17764,27,,,0,55,,17765,27,,,0,15,,17766,27,,,0,15,,17767,27,,,0,15,,17768,27,,,0,57,,17769,27,,,0,16,,17770,27,,,0,15,,17771,27,,,0,15,,17772,27,,,0,55,,17773,27,,,0,15,,17774,27,,,0,15,,17775,27,,,0,15,,17776,27,,,0,55,,17777,27,,,0,15,,17778,27,,,0,15,,17779,27,,,0,15,,17780,27,,,0,55,,17781,27,,,0,15,,17782,27,,,0,15,,17783,27,,,0,15,,17784,27,,,0,55,,17785,27,,,0,15,,17786,27,,,0,15,,17787,27,,,0,15,,17788,27,,,0,55,,17789,27,,,0,15,,17790,27,,,0,15,,17791,27,,,0,15,,17792,27,,,0,55,,17793,27,,,0,15,,17794,27,,,0,13,,17795,27,,,0,13,,17796,27,,,0,55,,17797,27,,,0,15,,17798,27,,,0,15,,17799,27,,,0,15,,17800,27,,,0,55,,17801,27,,,0,15,,17802,27,,,0,15,,17803,27,,,0,70,,17804,27,,,0,30,,17805,27,,,0,70,,17806,27,,,0,27,,17807,27,,,0,70,,17808,27,,,0,30,,17809,27,,,0,70,,17810,27,,,0
100,'259.0.3',624,,17812,27,,,0,10,,17813,27,,,0,10,,17814,27,,,0,10,,17815,27,,,0,50,,17816,27,,,0,10,,17817,27,,,0,10,,17818,27,,,0,11,,17819,27,,,0,13,,17820,27,,,0,53,,17821,27,,,0,10,,17822,27,,,0,10,,17823,27,,,0,10,,17824,27,,,0,10,,17825,27,,,0,10,,17826,27,,,0,50,,17827,27,,,0,10,,17828,27,,,0,10,,17829,27,,,0,9,,17830,27,,,0,9,,17831,27,,,0,9,,17832,27,,,0,10,,17833,27,,,0,50,,17834,27,,,0,10,,17835,27,,,0,10,,17836,27,,,0,10,,17837,27,,,0,10,,17838,27,,,0,10,,17839,27,,,0,50,,17840,27,,,0,10,,17841,27,,,0,10,,17842,27,,,0,10,,17843,27,,,0,10,,17844,27,,,0,10,,17845,27,,,0,50,,17846,27,,,0,10,,17847,27,,,0,10,,17848,27,,,0,10,,17849,27,,,0,10,,17850,27,,,0,10,,17851,27,,,0,50,,17852,27,,,0,10,,17853,27,,,0,10,,17854,27,,,0,10,,17855,27,,,0,10,,17856,27,,,0,10,,17857,27,,,0,50,,17858,27,,,0,10,,17859,27,,,0,10,,17860,27,,,0,10,,17861,27,,,0,10,,17862,27,,,0,10,,17863,27,,,0,50,,17864,27,,,0,11,,17865,27,,,0,11,,17866,27,,,0,12,,17867,27,,,0,10,,17868,27,,,0,50,,17869,27,,,0,10,,17870,27,,,0,10,,17871,27,,,0,10,,17872,27,,,0,10,,17873,27,,,0,10,,17874,27,,,0,50,,17875,27,,,0,10,,17876,27,,,0,10,,17877,27,,,0,10,,17878,27,,,0,10,,17879,27,,,0,10,,17880,27,,,0,49,,17881,27,,,0,8,,17882,27,,,0,7,,17883,27,,,0,8,,17884,27,,,0,10,,17885,27,,,0,10,,17886,27,,,0,10,,17887,27,,,0,50,,17888,27,,,0,10,,17889,27,,,0,10,,17890,27,,,0,10,,17891,27,,,0,10,,17892,27,,,0,10,,17893,27,,,0,50,,17894,27,,,0,10,,17895,27,,,0,10,,17896,27,,,0,10,,17897,27,,,0,10,,17898,27,,,0,10,,17899,27,,,0,50,,17900,27,,,0,10,,17901,27,,,0,10,,17902,27,,,0,10,,17903,27,,,0,10,,17904,27,,,0,10,,17905,27,,,0,50,,17906,27,,,0,10,,17907,27,,,0,8,,17908,27,,,0,15,,17909,27,,,0,15,,17910,27,,,0,55,,17911,27,,,0,15,,17912,27,,,0,15,,17913,27,,,0,15,,17914,27,,,0,55,,17915,27,,,0,15,,17916,27,,,0,15,,17917,27,,,0,15,,17918,27,,,0
13501,'259.0.3',1525,,23748,9,,,0,30,,23749,9,,,0,70,,23750,9,,,0,30,,23751,9,,,0,70,,23752,9,,,0,30,,23753,9,,,0,70,,23754,9,,,0
13601,'259.0.3',1515,,23763,9,,,0,30,,23764,9,,,0,70,,23765,9,,,0,15,,23766,9,,,0,15,,23767,9,,,0,70,,23768,9,,,0,30,,23769,9,,,0,70,,23770,9,,,0
13701,'259.0.3',1535,,23777,9,,,0,70,,23778,9,,,0,30,,23779,9,,,0,70,,23780,9,,,0,30,,23781,9,,,0,70,,23782,9,,,0
13801,'259.0.3',1540,,23790,9,,,0,70,,23791,9,,,0,30,,23792,9,,,0,70,,23793,9,,,0,30,,23794,9,,,0,70,,23795,9,,,0,20,,23796,9,,,0
15800,'259.0.3',1550,,23797,9,,,0,71,,23798,9,,,0,31,,23799,9,,,0,70,,23800,9,,,0
15900,'259.0.3',1512,,23805,9,,,0,20,,23806,9,,,0,21,,23807,9,,,0,61,,23808,9,,,0,20,,23809,9,,,0,21,,23812,9,,,0,59,,23813,9,,,0,20,,23810,9,,,0,19,,23811,9,,,0
16101,'259.0.3',1516,,23834,9,,,0,30,,23829,9,,,0,72,,23830,9,,,0,31,,23831,9,,,0,70,,23832,9,,,0,28,,23833,9,,,0
16500,'259.0.3',1529,,23835,9,,,0,72,,23836,9,,,0,30,,23837,9,,,0,71,,23838,9,,,0,30,,23839,9,,,0,70,,23840,9,,,0
19200,'259.0.3',1522,,23926,7,,,0,30,,23927,7,,,0,70,,23928,7,,,0,30,,23929,7,,,0,70,,23930,7,,,0,30,,23931,7,,,0
19401,'259.0.3',1543,,23942,7,,,0,70,,23943,7,,,0,31,,23944,7,,,0,70,,23945,7,,,0
19600,'259.0.3',1544,,23946,7,,,0,70,,23947,7,,,0,30,,23948,7,,,0,71,,23949,7,,,0
1001000,'259.0.3',634,,24716,18,,,0,19,,24717,18,,,0,59,,24718,18,,,0,28,,24719,18,,,0,18,,24720,18,,,0,60,,24721,18,,,0,20,,24722,18,,,0,20,,24723,18,,,0,60,,24724,18,,,0,500,,24725,18,,,0,19,,24726,18,,,0,20,,24727,18,,,0,60,,24728,18,,,0,20,,24729,18,,,0,63,,24730,18,,,0,20,,24731,18,,,0,20,,24732,18,,,0,60,,24733,18,,,0,10,,24734,18,,,0,29,,24735,18,,,0,20,,24736,18,,,0,60,,24737,18,,,0,16,,24738,18,,,0
1016800,'259.0.3',1508,,25091,9,,,0,30,,25092,9,,,0,72,,25093,9,,,0,31,,25094,9,,,0,70,,25095,9,,,0,29,,25096,9,,,0,70,,25097,9,,,0
2000700,'259.0.1',620,,25248,1,,,0,20,,25249,1,,,0,60,,25250,1,,,0,20,,25251,1,,,0,20,,25252,1,,,0,60,,25253,1,,,0,20,,25254,1,,,0,20,,25255,1,,,0,60,,25256,1,,,0,20,,25257,1,,,0,20,,25258,1,,,0,60,,25259,1,,,0,20,,25260,1,,,0,20,,25261,1,,,0,60,,25262,1,,,0,20,,25263,1,,,0,20,,25264,1,,,0,60,,25265,1,,,0,20,,25266,1,,,0,20,,25267,1,,,0,60,,25268,1,,,0,20,,25269,1,,,0,20,,25270,1,,,0,60,,25271,1,,,0,20,,25272,1,,,0,20,,25273,1,,,0,60,,25274,1,,,0,20,,25275,1,,,0,20,,25276,1,,,0,60,,25277,1,,,0,20,,25278,1,,,0,20,,25279,1,,,0,60,,25280,1,,,0,20,,25281,1,,,0,20,,25282,1,,,0,60,,25283,1,,,0,20,,25284,1,,,0,20,,25285,1,,,0,60,,25286,1,,,0,20,,25287,1,,,0,20,,25288,1,,,0,60,,25289,1,,,0,20,,25290,1,,,0,20,,25291,1,,,0,60,,25292,1,,,0,20,,25293,1,,,0,20,,25294,1,,,0,60,,25295,1,,,0,20,,25296,1,,,0,20,,25297,1,,,0,60,,25298,1,,,0,20,,25299,1,,,0,20,,25300,1,,,0,60,,25301,1,,,0
2000700,'259.0.2',620,,25302,1,,,0,30,,25303,1,,,0,70,,25304,1,,,0,30,,25305,1,,,0,70,,25306,1,,,0,30,,25307,1,,,0,70,,25308,1,,,0,30,,25309,1,,,0,70,,25310,1,,,0,30,,25311,1,,,0,70,,25312,1,,,0,30,,25313,1,,,0,70,,25314,1,,,0,30,,25315,1,,,0,70,,25316,1,,,0,30,,25317,1,,,0,70,,25318,1,,,0,30,,25319,1,,,0,70,,25320,1,,,0,30,,25321,1,,,0,70,,25322,1,,,0,30,,25323,1,,,0,70,,25324,1,,,0,30,,25325,1,,,0,70,,25326,1,,,0,30,,25327,1,,,0,70,,25328,1,,,0,30,,25329,1,,,0,70,,25330,1,,,0,30,,25331,1,,,0,70,,25332,1,,,0,30,,25333,1,,,0,70,,25334,1,,,0,30,,25335,1,,,0,70,,25336,1,,,0,30,,25337,1,,,0
2000700,'259.0.3',611,,25338,1,,,0,15,,25339,1,,,0,15,,25340,1,,,0,15,,25341,1,,,0,55,,25342,1,,,0,15,,25343,1,,,0,15,,25344,1,,,0,60,,25345,1,,,0,19,,25346,1,,,0,15,,25347,1,,,0,15,,25348,1,,,0,55,,25349,1,,,0,14,,25350,1,,,0,13,,25351,1,,,0,15,,25352,1,,,0,55,,25353,1,,,0,15,,25354,1,,,0,15,,25355,1,,,0,15,,25356,1,,,0,55,,25357,1,,,0,15,,25358,1,,,0,15,,25359,1,,,0,15,,25360,1,,,0,55,,25361,1,,,0,15,,25362,1,,,0,15,,25363,1,,,0,15,,25364,1,,,0,55,,25365,1,,,0,15,,25366,1,,,0,15,,25367,1,,,0,15,,25368,1,,,0,55,,25369,1,,,0,15,,25370,1,,,0,15,,25371,1,,,0,15,,25372,1,,,0,55,,25373,1,,,0,15,,25374,1,,,0,17,,25375,1,,,0,15,,25376,1,,,0,55,,25377,1,,,0,15,,25378,1,,,0,15,,25379,1,,,0,15,,25380,1,,,0,55,,25381,1,,,0,15,,25382,1,,,0,15,,25383,1,,,0,12,,25384,1,,,0,54,,25385,1,,,0,15,,25386,1,,,0,15,,25387,1,,,0,15,,25388,1,,,0,55,,25389,1,,,0,12,,25390,1,,,0,13,,25391,1,,,0,15,,25392,1,,,0,15,,25393,1,,,0,55,,25394,1,,,0,15,,25395,1,,,0,15,,25396,1,,,0,15,,25397,1,,,0,55,,25398,1,,,0,15,,25399,1,,,0,15,,25400,1,,,0,15,,25401,1,,,0,55,,25402,1,,,0,15,,25403,1,,,0,15,,25404,1,,,0,15,,25405,1,,,0,55,,25406,1,,,0,30,,25407,1,,,0,70,,25408,1,,,0,30,,25409,1,,,0,70,,25410,1,,,0
2000701,'259.0.1',620,,25411,33,4,,0,20,,25412,33,4,,0,60,,25413,33,4,,0,20,,25414,33,4,,0,20,,25415,33,4,,0,60,,25416,33,4,,0,20,,25417,33,4,,0,20,,25418,33,4,,0,60,,25419,33,4,,0,20,,25420,33,4,,0,20,,25421,33,4,,0,60,,25422,33,4,,0,20,,25423,33,4,,0,20,,25424,33,4,,0,60,,25425,33,4,,0,20,,25426,33,4,,0,20,,25427,33,4,,0,60,,25428,33,4,,0,20,,25429,33,4,,0,20,,25430,33,4,,0,60,,25431,33,4,,0,20,,25432,33,4,,0,20,,25433,33,4,,0,60,,25434,33,4,,0,20,,25435,33,4,,0,20,,25436,33,4,,0,60,,25437,33,4,,0,20,,25438,33,4,,0,20,,25439,33,4,,0,60,,25440,33,4,,0,20,,25441,33,4,,0,20,,25442,33,4,,0,60,,25443,33,4,,0,20,,25444,33,4,,0,20,,25445,33,4,,0,60,,25446,33,4,,0,20,,25447,33,4,,0,20,,25448,33,4,,0,60,,25449,33,4,,0,20,,25450,33,4,,0,20,,25451,33,4,,0,60,,25452,33,4,,0,20,,25453,33,4,,0,20,,25454,33,4,,0,60,,25455,33,4,,0,20,,25456,33,4,,0,20,,25457,33,4,,0,60,,25458,33,4,,0,20,,25459,33,4,,0,20,,25460,33,4,,0,60,,25461,33,4,,0,20,,25462,33,4,,0,20,,25463,33,4,,0,60,,25464,33,4,,0
2000701,'259.0.2',620,,25465,33,4,,0,30,,25466,33,4,,0,70,,25467,33,4,,0,30,,25468,33,4,,0,70,,25469,33,4,,0,30,,25470,33,4,,0,70,,25471,33,4,,0,30,,25472,33,4,,0,70,,25473,33,4,,0,30,,25474,33,4,,0,70,,25475,33,4,,0,30,,25476,33,4,,0,70,,25477,33,4,,0,30,,25478,33,4,,0,70,,25479,33,4,,0,30,,25480,33,4,,0,70,,25481,33,4,,0,30,,25482,33,4,,0,70,,25483,33,4,,0,30,,25484,33,4,,0,70,,25485,33,4,,0,30,,25486,33,4,,0,70,,25487,33,4,,0,30,,25488,33,4,,0,70,,25489,33,4,,0,30,,25490,33,4,,0,70,,25491,33,4,,0,30,,25492,33,4,,0,70,,25493,33,4,,0,30,,25494,33,4,,0,70,,25495,33,4,,0,30,,25496,33,4,,0,70,,25497,33,4,,0,30,,25498,33,4,,0,70,,25499,33,4,,0,30,,25500,33,4,,0
2000701,'259.0.3',611,,25501,33,4,,0,15,,25502,33,4,,0,15,,25503,33,4,,0,15,,25504,33,4,,0,55,,25505,33,4,,0,15,,25506,33,4,,0,15,,25507,33,4,,0,60,,25508,33,4,,0,19,,25509,33,4,,0,15,,25510,33,4,,0,15,,25511,33,4,,0,55,,25512,33,4,,0,14,,25513,33,4,,0,13,,25514,33,4,,0,15,,25515,33,4,,0,55,,25516,33,4,,0,15,,25517,33,4,,0,15,,25518,33,4,,0,15,,25519,33,4,,0,55,,25520,33,4,,0,15,,25521,33,4,,0,15,,25522,33,4,,0,15,,25523,33,4,,0,55,,25524,33,4,,0,15,,25525,33,4,,0,15,,25526,33,4,,0,15,,25527,33,4,,0,55,,25528,33,4,,0,15,,25529,33,4,,0,15,,25530,33,4,,0,15,,25531,33,4,,0,55,,25532,33,4,,0,15,,25533,33,4,,0,15,,25534,33,4,,0,15,,25535,33,4,,0,55,,25536,33,4,,0,15,,25537,33,4,,0,17,,25538,33,4,,0,15,,25539,33,4,,0,55,,25540,33,4,,0,15,,25541,33,4,,0,15,,25542,33,4,,0,15,,25543,33,4,,0,55,,25544,33,4,,0,15,,25545,33,4,,0,15,,25546,33,4,,0,12,,25547,33,4,,0,54,,25548,33,4,,0,15,,25549,33,4,,0,15,,25550,33,4,,0,15,,25551,33,4,,0,55,,25552,33,4,,0,12,,25553,33,4,,0,13,,25554,33,4,,0,15,,25555,33,4,,0,15,,25556,33,4,,0,55,,25557,33,4,,0,15,,25558,33,4,,0,15,,25559,33,4,,0,15,,25560,33,4,,0,55,,25561,33,4,,0,15,,25562,33,4,,0,15,,25563,33,4,,0,15,,25564,33,4,,0,55,,25565,33,4,,0,15,,25566,33,4,,0,15,,25567,33,4,,0,15,,25568,33,4,,0,55,,25569,33,4,,0,30,,25570,33,4,,0,70,,25571,33,4,,0,30,,25572,33,4,,0,70,,25573,33,4,,0
2001000,'259.0.1',643,,25713,18,,,0,85,,25714,18,,,0,30,,25715,18,,,0,70,,25716,18,,,0,30,,25717,18,,,0,70,,25718,18,,,0,73,,25719,18,,,0,30,,25720,18,,,0,70,,25721,18,,,0,32,,25722,18,,,0,70,,25723,18,,,0,30,,25724,18,,,0,70,,25725,18,,,0,30,,25726,18,,,0,70,,25727,18,,,0,30,,25728,18,,,0,70,,25729,18,,,0,30,,25730,18,,,0,70,,25731,18,,,0,30,,25732,18,,,0,70,,25733,18,,,0,30,,25734,18,,,0,70,,25735,18,,,0,30,,25736,18,,,0,68,,25737,18,,,0,30,,25738,18,,,0,70,,25739,18,,,0,45,,25740,18,,,0,98,,25741,18,,,0,100,,25742,18,,,0,100,,25743,18,,,0
2001000,'259.0.2',643,,25744,18,,,0,115,,25745,18,,,0,70,,25746,18,,,0,30,,25747,18,,,0,70,,25748,18,,,0,72,,25749,18,,,0,30,,25750,18,,,0,70,,25751,18,,,0,30,,25752,18,,,0,70,,25753,18,,,0,30,,25754,18,,,0,70,,25755,18,,,0,30,,25756,18,,,0,71,,25757,18,,,0,30,,25758,18,,,0,70,,25759,18,,,0,30,,25760,18,,,0,70,,25761,18,,,0,30,,25762,18,,,0,70,,25763,18,,,0,30,,25764,18,,,0,70,,25765,18,,,0,45,,25766,18,,,0,97,,25767,18,,,0,100,,25768,18,,,0,100,,25769,18,,,0,100,,25770,18,,,0,100,,25771,18,,,0,100,,25772,18,,,0
2001000,'259.0.3',556,,25773,18,,,0,91,,25774,18,,,0,60,,25775,18,,,0,20,,25776,18,,,0,20,,25777,18,,,0,63,,25778,18,,,0,21,,25779,18,,,0,20,,25780,18,,,0,60,,25781,18,,,0,37,,25782,18,,,0,70,,25783,18,,,0,30,,25784,18,,,0,70,,25785,18,,,0,30,,25786,18,,,0,70,,25787,18,,,0,30,,25788,18,,,0,70,,25789,18,,,0,30,,25790,18,,,0,65,,25791,18,,,0,17,,25792,18,,,0,20,,25793,18,,,0,60,,25794,18,,,0,20,,25795,18,,,0,23,,25796,18,,,0,60,,25797,18,,,0,20,,25798,18,,,0,20,,25799,18,,,0,60,,25800,18,,,0,19,,25801,18,,,0,20,,25802,18,,,0,60,,25803,18,,,0,16,,25804,18,,,0,23,,25805,18,,,0,60,,25806,18,,,0,24,,25807,18,,,0,70,,25808,18,,,0,30,,25809,18,,,0,70,,25810,18,,,0,30,,25811,18,,,0
2016800,'259.0.3',1525,,26115,9,,,0,32,,26116,9,,,0,70,,26117,9,,,0,31,,26118,9,,,0,70,,26119,9,,,0,28,,26120,9,,,0
3001000,'259.0.1',613,,26275,18,,,0,100,,26276,18,,,0,30,,26277,18,,,0,70,,26278,18,,,0,30,,26279,18,,,0,70,,26280,18,,,0,33,,26281,18,,,0,70,,26282,18,,,0,30,,26283,18,,,0,70,,26284,18,,,0,32,,26285,18,,,0,70,,26286,18,,,0,30,,26287,18,,,0,70,,26288,18,,,0,30,,26289,18,,,0,70,,26290,18,,,0,30,,26291,18,,,0,70,,26292,18,,,0,30,,26293,18,,,0,70,,26294,18,,,0,30,,26295,18,,,0,70,,26296,18,,,0,30,,26297,18,,,0,70,,26298,18,,,0,28,,26299,18,,,0,70,,26300,18,,,0,100,,26301,18,,,0,100,,26302,18,,,0,98,,26303,18,,,0,100,,26304,18,,,0,100,,26305,18,,,0
3001000,'259.0.2',613,,26307,18,,,0,100,,26308,18,,,0,30,,26309,18,,,0,70,,26310,18,,,0,30,,26311,18,,,0,70,,26312,18,,,0,30,,26313,18,,,0,72,,26314,18,,,0,30,,26315,18,,,0,70,,26316,18,,,0,30,,26317,18,,,0,70,,26318,18,,,0,30,,26319,18,,,0,70,,26320,18,,,0,30,,26321,18,,,0,71,,26322,18,,,0,30,,26323,18,,,0,70,,26324,18,,,0,30,,26325,18,,,0,70,,26326,18,,,0,30,,26327,18,,,0,70,,26328,18,,,0,30,,26329,18,,,0,70,,26330,18,,,0,100,,26331,18,,,0,97,,26332,18,,,0,100,,26333,18,,,0,100,,26334,18,,,0,100,,26335,18,,,0
3001000,'259.0.3',601,,26339,18,,,0,19,,26340,18,,,0,20,,26341,18,,,0,19,,26342,18,,,0,58,,26343,18,,,0,17,,26344,18,,,0,18,,26345,18,,,0,73,,26346,18,,,0,20,,26347,18,,,0,60,,26348,18,,,0,28,,26349,18,,,0,70,,26350,18,,,0,30,,26351,18,,,0,70,,26352,18,,,0,30,,26353,18,,,0,70,,26354,18,,,0,30,,26355,18,,,0,70,,26356,18,,,0,30,,26357,18,,,0,70,,26358,18,,,0,20,,26359,18,,,0,20,,26360,18,,,0,60,,26361,18,,,0,20,,26362,18,,,0,20,,26363,18,,,0,63,,26364,18,,,0,20,,26365,18,,,0,20,,26366,18,,,0,60,,26367,18,,,0,19,,26368,18,,,0,20,,26369,18,,,0,60,,26370,18,,,0,16,,26371,18,,,0,20,,26372,18,,,0,60,,26373,18,,,0,19,,26374,18,,,0,30,,26375,18,,,0,70,,26376,18,,,0,30,,26377,18,,,0,70,,26378,18,,,0,30,,26379,18,,,0,67,,26380,18,,,0,30,,26381,18,,,0,70,,26382,18,,,0,30,,26383,18,,,0,70,,26384,18,,,0
