401,'259.0.1',639,,18926,42,,,0,100,,18927,42,,,0,100,,18928,42,,,0,70,,18929,42,,,0,30,,18930,42,,,0,70,,18931,42,,,0,30,,18932,42,,,0,71,,18933,42,,,0,33,,18934,42,,,0,70,,18935,42,,,0,30,,18936,42,,,0,70,,18937,42,,,0,30,,18938,42,,,0,70,,18939,42,,,0,30,,18940,42,,,0,70,,18941,42,,,0,30,,18942,42,,,0,70,,18943,42,,,0,30,,18944,42,,,0,70,,18945,42,,,0,30,,18946,42,,,0,70,,18947,42,,,0,28,,18948,42,,,0,70,,18949,42,,,0,30,,18950,42,,,0,70,,18951,42,,,0,30,,18952,42,,,0,70,,18953,42,,,0,30,,18954,42,,,0,69,,18955,42,,,0,26,,18956,42,,,0,100,,18957,42,,,0,100,,18958,42,,,0
401,'259.0.2',739,,18959,42,,,0,70,,18960,42,,,0,30,,18961,42,,,0,70,,18962,42,,,0,30,,18963,42,,,0,70,,18964,42,,,0,30,,18965,42,,,0,70,,18966,42,,,0,29,,18967,42,,,0,70,,18968,42,,,0,30,,18969,42,,,0,70,,18970,42,,,0,30,,18971,42,,,0,70,,18972,42,,,0,30,,18973,42,,,0,70,,18974,42,,,0,30,,18975,42,,,0,70,,18976,42,,,0,30,,18977,42,,,0,70,,18978,42,,,0,30,,18979,42,,,0,70,,18980,42,,,0,30,,18981,42,,,0,70,,18982,42,,,0,30,,18983,42,,,0,72,,18984,42,,,0,26,,18985,42,,,0,100,,18986,42,,,0,100,,18987,42,,,0,100,,18988,42,,,0,100,,18989,42,,,0
401,'259.0.3',618,,18990,42,,,0,15,,18991,42,,,0,15,,18992,42,,,0,55,,18993,42,,,0,19,,18994,42,,,0,20,,18995,42,,,0,8,,18996,42,,,0,8,,18997,42,,,0,48,,18998,42,,,0,8,,18999,42,,,0,8,,19000,42,,,0,8,,19001,42,,,0,8,,19002,42,,,0,8,,19003,42,,,0,8,,19004,42,,,0,48,,19005,42,,,0,8,,19006,42,,,0,8,,19007,42,,,0,7,,19008,42,,,0,6,,19009,42,,,0,8,,19010,42,,,0,8,,19011,42,,,0,8,,19012,42,,,0,48,,19013,42,,,0,8,,19014,42,,,0,8,,19015,42,,,0,8,,19016,42,,,0,8,,19017,42,,,0,8,,19018,42,,,0,11,,19019,42,,,0,55,,19020,42,,,0,15,,19021,42,,,0,15,,19022,42,,,0,15,,19023,42,,,0,55,,19024,42,,,0,15,,19025,42,,,0,15,,19026,42,,,0,15,,19027,42,,,0,55,,19028,42,,,0,15,,19029,42,,,0,15,,19030,42,,,0,15,,19031,42,,,0,55,,19032,42,,,0,15,,19033,42,,,0,15,,19034,42,,,0,15,,19035,42,,,0,55,,19036,42,,,0,16,,19037,42,,,0,17,,19038,42,,,0,58,,19039,42,,,0,15,,19040,42,,,0,15,,19041,42,,,0,15,,19042,42,,,0,55,,19043,42,,,0,15,,19044,42,,,0,15,,19045,42,,,0,15,,19046,42,,,0,55,,19047,42,,,0,12,,19048,42,,,0,12,,19049,42,,,0,11,,19050,42,,,0,15,,19051,42,,,0,55,,19052,42,,,0,20,,19053,42,,,0,20,,19054,42,,,0,60,,19055,42,,,0,20,,19056,42,,,0,20,,19057,42,,,0,60,,19058,42,,,0,20,,19059,42,,,0,20,,19060,42,,,0,60,,19061,42,,,0,19,,19062,42,,,0,28,,19063,42,,,0,70,,19064,42,,,0,30,,19065,42,,,0,70,,19066,42,,,0,30,,19067,42,,,0,70,,19068,42,,,0
2401,'259.0.1',615,,20119,9,,,0,30,,20120,9,,,0,70,,20121,9,,,0,30,,20122,9,,,0,70,,20123,9,,,0,30,,20124,9,,,0,70,,20125,9,,,0,30,,20126,9,,,0,74,,20127,9,,,0,31,,20128,9,,,0,70,,20129,9,,,0,31,,20130,9,,,0,72,,20131,9,,,0,30,,20132,9,,,0,70,,20133,9,,,0,30,,20134,9,,,0,70,,20135,9,,,0,30,,20136,9,,,0,68,,20137,9,,,0,30,,20138,9,,,0,70,,20139,9,,,0,30,,20140,9,,,0,70,,20141,9,,,0,30,,20142,9,,,0,70,,20143,9,,,0,27,,20144,9,,,0,67,,20145,9,,,0,30,,20146,9,,,0,70,,20147,9,,,0,30,,20148,9,,,0,69,,20149,9,,,0,30,,20150,9,,,0,70,,20151,9,,,0,30,,20152,9,,,0,70,,20153,9,,,0,30,,20154,9,,,0
2401,'259.0.2',613,,20155,9,,,0,30,,20156,9,,,0,70,,20157,9,,,0,30,,20158,9,,,0,70,,20159,9,,,0,30,,20160,9,,,0,70,,20161,9,,,0,32,,20162,9,,,0,75,,20163,9,,,0,30,,20164,9,,,0,70,,20165,9,,,0,30,,20166,9,,,0,70,,20167,9,,,0,30,,20168,9,,,0,70,,20169,9,,,0,30,,20170,9,,,0,70,,20171,9,,,0,30,,20172,9,,,0,70,,20173,9,,,0,30,,20174,9,,,0,70,,20175,9,,,0,30,,20176,9,,,0,70,,20177,9,,,0,30,,20178,9,,,0,70,,20179,9,,,0,28,,20180,9,,,0,68,,20181,9,,,0,30,,20182,9,,,0,69,,20183,9,,,0,30,,20184,9,,,0,70,,20185,9,,,0,30,,20186,9,,,0,70,,20187,9,,,0,30,,20188,9,,,0,70,,20189,9,,,0,30,,20190,9,,,0
2401,'259.0.3',649,,20191,9,,,0,70,,20192,9,,,0,34,,20193,9,,,0,71,,20194,9,,,0,30,,20195,9,,,0,70,,20196,9,,,0,25,,20197,9,,,0,70,,20198,9,,,0,30,,20199,9,,,0,70,,20200,9,,,0,31,,20201,9,,,0,70,,20202,9,,,0,30,,20203,9,,,0,70,,20204,9,,,0,30,,20205,9,,,0,71,,20206,9,,,0,30,,20207,9,,,0,70,,20208,9,,,0,30,,20209,9,,,0,70,,20210,9,,,0,30,,20211,9,,,0,70,,20212,9,,,0,29,,20213,9,,,0,70,,20214,9,,,0,30,,20215,9,,,0,68,,20216,9,,,0,26,,20217,9,,,0,70,,20218,9,,,0,30,,20219,9,,,0,70,,20220,9,,,0,30,,20221,9,,,0,70,,20222,9,,,0,30,,20223,9,,,0,70,,20224,9,,,0,30,,20225,9,,,0,70,,20226,9,,,0
1001001,'259.0.3',655,,24739,22,,,0,68,,24740,22,,,0,20,,24741,22,,,0,60,,24742,22,,,0,20,,24743,22,,,0,20,,24744,22,,,0,60,,24745,22,,,0,15,,24746,22,,,0,20,,24747,22,,,0,510,,24748,22,,,0,55,,24749,22,,,0,24,,24750,22,,,0,21,,24751,22,,,0,60,,24752,22,,,0,20,,24753,22,,,0,20,,24754,22,,,0,65,,24755,22,,,0,24,,24756,22,,,0,22,,24757,22,,,0,60,,24758,22,,,0,9,,24759,22,,,0,20,,24760,22,,,0
2001001,'259.0.1',704,,25812,33,,,0,54,,25813,33,,,0,89,,25814,33,,,0,72,,25815,33,,,0,30,,25816,33,,,0,71,,25817,33,,,0,33,,25818,33,,,0,73,,25819,33,,,0,31,,25820,33,,,0,72,,25821,33,,,0,73,,25822,33,,,0,32,,25823,33,,,0,70,,25824,33,,,0,30,,25825,33,,,0,70,,25826,33,,,0,30,,25827,33,,,0,70,,25828,33,,,0,30,,25829,33,,,0,70,,25830,33,,,0,30,,25831,33,,,0,70,,25832,33,,,0,30,,25833,33,,,0,70,,25834,33,,,0,25,,25835,33,,,0,26,,25836,33,,,0,70,,25837,33,,,0,30,,25838,33,,,0,100,,25839,33,,,0,98,,25840,33,,,0,99,,25841,33,,,0,100,,25842,33,,,0
2001001,'259.0.2',657,,25843,33,,,0,92,,25844,33,,,0,90,,25845,33,,,0,72,,25846,33,,,0,33,,25847,33,,,0,72,,25848,33,,,0,32,,25849,33,,,0,72,,25850,33,,,0,31,,25851,33,,,0,72,,25852,33,,,0,30,,25853,33,,,0,70,,25854,33,,,0,30,,25855,33,,,0,70,,25856,33,,,0,32,,25857,33,,,0,71,,25858,33,,,0,30,,25859,33,,,0,70,,25860,33,,,0,30,,25861,33,,,0,69,,25862,33,,,0,30,,25863,33,,,0,69,,25864,33,,,0,29,,25865,33,,,0,101,,25866,33,,,0,100,,25867,33,,,0,100,,25868,33,,,0,100,,25869,33,,,0,100,,25870,33,,,0,100,,25871,33,,,0
2001001,'259.0.3',616,,25872,33,,,0,30,,25873,33,,,0,67,,25874,33,,,0,23,,25875,33,,,0,22,,25910,33,,,0,60,,25876,33,,,0,20,,25877,33,,,0,20,,25878,33,,,0,59,,25879,33,,,0,90,,25880,33,,,0,20,,25881,33,,,0,24,,25882,33,,,0,73,,25883,33,,,0,31,,25884,33,,,0,70,,25885,33,,,0,30,,25886,33,,,0,70,,25887,33,,,0,30,,25888,33,,,0,79,,25889,33,,,0,21,,25890,33,,,0,64,,25891,33,,,0,15,,25892,33,,,0,21,,25893,33,,,0,60,,25894,33,,,0,20,,25895,33,,,0,21,,25896,33,,,0,64,,25897,33,,,0,25,,25898,33,,,0,61,,25899,33,,,0,20,,25900,33,,,0,9,,25901,33,,,0,20,,25902,33,,,0,70,,25903,33,,,0,23,,25904,33,,,0,72,,25905,33,,,0,30,,25906,33,,,0,70,,25907,33,,,0,30,,25908,33,,,0,70,,25909,33,,,0
3001001,'259.0.1',634,,26385,41,,,0,94,,26386,41,,,0,100,,26387,41,,,0,76,,26388,41,,,0,30,,26389,41,,,0,70,,26390,41,,,0,30,,26391,41,,,0,74,,26392,41,,,0,34,,26393,41,,,0,71,,26394,41,,,0,32,,26395,41,,,0,74,,26396,41,,,0,30,,26397,41,,,0,70,,26398,41,,,0,30,,26399,41,,,0,70,,26400,41,,,0,30,,26401,41,,,0,70,,26402,41,,,0,30,,26403,41,,,0,70,,26404,41,,,0,30,,26405,41,,,0,70,,26406,41,,,0,30,,26407,41,,,0,68,,26408,41,,,0,24,,26409,41,,,0,68,,26410,41,,,0,30,,26411,41,,,0,100,,26412,41,,,0,96,,26413,41,,,0,93,,26414,41,,,0,100,,26415,41,,,0
3001001,'259.0.2',632,,26417,41,,,0,90,,26418,41,,,0,100,,26419,41,,,0,30,,26420,41,,,0,70,,26421,41,,,0,30,,26422,41,,,0,75,,26423,41,,,0,73,,26424,41,,,0,34,,26425,41,,,0,70,,26426,41,,,0,31,,26427,41,,,0,71,,26428,41,,,0,31,,26429,41,,,0,70,,26430,41,,,0,30,,26431,41,,,0,70,,26432,41,,,0,33,,26433,41,,,0,70,,26434,41,,,0,30,,26435,41,,,0,70,,26436,41,,,0,30,,26437,41,,,0,70,,26438,41,,,0,30,,26439,41,,,0,68,,26440,41,,,0,27,,26441,41,,,0,100,,26442,41,,,0,94,,26443,41,,,0,100,,26444,41,,,0,100,,26445,41,,,0
3001001,'259.0.3',601,,26447,41,,,0,30,,26448,41,,,0,75,,26449,41,,,0,25,,26450,41,,,0,22,,26451,41,,,0,60,,26452,41,,,0,18,,26453,41,,,0,19,,26454,41,,,0,60,,26455,41,,,0,15,,26456,41,,,0,32,,26457,41,,,0,60,,26458,41,,,0,20,,26459,41,,,0,68,,26460,41,,,0,35,,26461,41,,,0,70,,26462,41,,,0,30,,26463,41,,,0,70,,26464,41,,,0,30,,26465,41,,,0,70,,26466,41,,,0,30,,26467,41,,,0,70,,26468,41,,,0,30,,26469,41,,,0,61,,26470,41,,,0,20,,26471,41,,,0,20,,26472,41,,,0,61,,26473,41,,,0,27,,26474,41,,,0,23,,26475,41,,,0,60,,26476,41,,,0,20,,26477,41,,,0,18,,26478,41,,,0,56,,26479,41,,,0,17,,26480,41,,,0,10,,26481,41,,,0,12,,26482,41,,,0,59,,26483,41,,,0,39,,26484,41,,,0,70,,26485,41,,,0,30,,26486,41,,,0,70,,26487,41,,,0,30,,26488,41,,,0,68,,26489,41,,,0,24,,26490,41,,,0
