6701,'259.0.1',725,,22263,2,,,0,100,,22264,2,,,0,100,,22265,2,,,0,100,,22266,2,,,0,100,,22267,2,,,0,100,,22268,2,,,0,100,,22269,2,,,0,100,,22270,2,,,0,100,,22271,2,,,0,100,,22272,2,,,0,100,,22273,2,,,0,100,,22274,2,,,0,100,,22275,2,,,0,100,,22276,2,,,0,100,,22277,2,,,0,100,,22278,2,,,0
6701,'259.0.2',725,,22279,2,,,0,100,,22280,2,,,0,100,,22281,2,,,0,100,,22282,2,,,0,100,,22283,2,,,0,100,,22284,2,,,0,100,,22285,2,,,0,100,,22286,2,,,0,100,,22287,2,,,0,100,,22288,2,,,0,100,,22289,2,,,0,100,,22290,2,,,0,100,,22291,2,,,0,100,,22292,2,,,0,100,,22293,2,,,0,100,,22294,2,,,0
6701,'259.0.3',609,,22295,2,,,0,30,,22296,2,,,0,70,,22297,2,,,0,30,,22298,2,,,0,70,,22299,2,,,0,30,,22300,2,,,0,100,,22301,2,,,0,100,,22302,2,,,0,100,,22303,2,,,0,100,,22304,2,,,0,100,,22305,2,,,0,100,,22306,2,,,0,70,,22307,2,,,0,30,,22308,2,,,0,70,,22309,2,,,0,30,,22310,2,,,0,70,,22311,2,,,0,30,,22312,2,,,0,70,,22313,2,,,0,30,,22314,2,,,0,70,,22315,2,,,0,100,,22316,2,,,0,100,,22317,2,,,0,100,,22318,2,,,0
1000600,'259.0.3',523,,24150,2,,,0,30,,24151,2,,,0,70,,24152,2,,,0,30,,24153,2,,,0,70,,24154,2,,,0,30,,24155,2,,,0,70,,24156,2,,,0,30,,24157,2,,,0,70,,24158,2,,,0,17,,24159,2,,,0,70,,24160,2,,,0,30,,24161,2,,,0,70,,24162,2,,,0,30,,24163,2,,,0,70,,24164,2,,,0,30,,24165,2,,,0,70,,24166,2,,,0,30,,24167,2,,,0,70,,24168,2,,,0,30,,24169,2,,,0,70,,24170,2,,,0,15,,24171,2,,,0,30,,24172,2,,,0,70,,24173,2,,,0,30,,24174,2,,,0,70,,24175,2,,,0,30,,24176,2,,,0,70,,24177,2,,,0
2000600,'259.0.1',544,,25112,30,,,0,100,,25113,30,,,0,100,,25114,30,,,0,100,,25115,30,,,0,100,,25116,30,,,0,102,,25117,30,,,0,100,,25118,30,,,0,102,,25119,30,,,0,100,,25120,30,,,0,100,,25121,30,,,0,100,,25122,30,,,0,99,,25123,30,,,0,100,,25124,30,,,0,99,,25125,30,,,0,98,,25126,30,,,0,100,,25127,30,,,0,100,,25128,30,,,0,98,,25129,30,,,0,100,,25130,30,,,0,100,,25131,30,,,0
2000600,'259.0.2',540,,25132,30,,,0,103,,25133,30,,,0,100,,25134,30,,,0,100,,25135,30,,,0,100,,25136,30,,,0,102,,25137,30,,,0,100,,25138,30,,,0,100,,25139,30,,,0,101,,25140,30,,,0,100,,25141,30,,,0,100,,25142,30,,,0,100,,25143,30,,,0,100,,25144,30,,,0,100,,25145,30,,,0,100,,25146,30,,,0,98,,25147,30,,,0,100,,25148,30,,,0,97,,25149,30,,,0,100,,25150,30,,,0,100,,25151,30,,,0
2000600,'259.0.3',552,,25152,30,,,0,51,,25153,30,,,0,25,,25154,32,,,0,30,,25155,32,,,0,72,,25156,32,,,0,72,,25157,32,,,0,29,,25158,32,,,0,70,,25159,32,,,0,30,,25160,32,,,0,25,,25161,32,,,0,100,,25162,32,,,0,100,,25163,32,,,0,101,,25164,32,,,0,100,,25165,32,,,0,100,,25166,32,,,0,145,,25167,32,,,0,30,,25168,32,,,0,69,,25169,32,,,0,30,,25170,32,,,0,70,,25171,32,,,0,29,,25172,32,,,0,29,,25173,32,,,0,96,,25174,32,,,0,100,,25175,32,,,0,99,,25176,30,,,0,97,,25177,30,,,0,100,,25178,30,,,0,100,,25179,30,,,0
3000600,'259.0.1',615,,26140,30,,,0,103,,26141,30,,,0,100,,26142,30,,,0,101,,26143,30,,,0,101,,26144,30,,,0,101,,26145,30,,,0,100,,26146,30,,,0,102,,26147,30,,,0,100,,26148,30,,,0,100,,26149,30,,,0,99,,26150,30,,,0,100,,26151,30,,,0,99,,26152,30,,,0,100,,26153,30,,,0,98,,26154,30,,,0,99,,26155,30,,,0,99,,26156,30,,,0,100,,26157,30,,,0,100,,26158,30,,,0,100,,26159,30,,,0
3000600,'259.0.2',615,,26160,30,,,0,103,,26161,30,,,0,100,,26162,30,,,0,100,,26163,30,,,0,100,,26164,30,,,0,102,,26165,30,,,0,101,,26166,30,,,0,101,,26167,30,,,0,100,,26168,30,,,0,100,,26169,30,,,0,99,,26170,30,,,0,100,,26171,30,,,0,100,,26172,30,,,0,100,,26173,30,,,0,100,,26174,30,,,0,98,,26175,30,,,0,98,,26176,30,,,0,100,,26177,30,,,0,100,,26178,30,,,0,100,,26179,30,,,0
3000600,'259.0.3',617,,26180,32,,,0,30,,26181,32,,,0,69,,26182,32,,,0,30,,26183,32,,,0,70,,26184,32,,,0,30,,26185,32,,,0,73,,26186,32,,,0,30,,26187,32,,,0,81,,26188,32,,,0,100,,26189,32,,,0,100,,26190,32,,,0,101,,26191,32,,,0,100,,26192,32,,,0,100,,26193,32,,,0,90,,26194,32,,,0,29,,26195,32,,,0,70,,26196,32,,,0,30,,26197,32,,,0,69,,26198,32,,,0,27,,26199,32,,,0,69,,26200,32,,,0,116,,26201,32,,,0,100,,26202,32,,,0,100,,26203,32,,,0,96,,26204,30,,,0,100,,26205,30,,,0,100,,26206,30,,,0
