200,'259.0.1',609,,18165,6,,,0,100,,18166,6,,,0,100,,18167,6,,,0,15,,18168,6,,,0,15,,18169,6,,,0,15,,18170,6,,,0,55,,18171,6,,,0,15,,18172,6,,,0,15,,18173,6,,,0,15,,18174,6,,,0,55,,18175,6,,,0,15,,18176,6,,,0,15,,18177,6,,,0,15,,18178,6,,,0,55,,18179,6,,,0,15,,18180,6,,,0,15,,18181,6,,,0,15,,18182,6,,,0,55,,18183,6,,,0,15,,18184,6,,,0,15,,18185,6,,,0,15,,18186,6,,,0,55,,18187,6,,,0,15,,18188,6,,,0,15,,18189,6,,,0,15,,18190,6,,,0,55,,18191,6,,,0,15,,18192,6,,,0,15,,18193,6,,,0,15,,18194,6,,,0,55,,18195,6,,,0,15,,18196,6,,,0,15,,18197,6,,,0,15,,18198,6,,,0,55,,18199,6,,,0,15,,18200,6,,,0,15,,18201,6,,,0,15,,18202,6,,,0,55,,18203,6,,,0,15,,18204,6,,,0,15,,18205,6,,,0,15,,18206,6,,,0,55,,18207,6,,,0,15,,18208,6,,,0,15,,18209,6,,,0,15,,18210,6,,,0,55,,18211,6,,,0,15,,18212,6,,,0,30,,18213,6,,,0,70,,18214,6,,,0,30,,18215,6,,,0,70,,18216,6,,,0,30,,18217,6,,,0,70,,18218,6,,,0,30,,18219,6,,,0,70,,18220,6,,,0,30,,18221,6,,,0,70,,18222,6,,,0
200,'259.0.2',558,,18223,6,,,0,100,,18224,6,,,0,100,,18225,6,,,0,70,,18226,6,,,0,20,,18227,6,,,0,60,,18228,6,,,0,20,,18229,6,,,0,20,,18230,6,,,0,60,,18231,6,,,0,20,,18232,6,,,0,20,,18233,6,,,0,60,,18234,6,,,0,20,,18235,6,,,0,20,,18236,6,,,0,60,,18237,6,,,0,20,,18238,6,,,0,20,,18239,6,,,0,60,,18240,6,,,0,20,,18241,6,,,0,20,,18242,6,,,0,60,,18243,6,,,0,20,,18244,6,,,0,20,,18245,6,,,0,60,,18246,6,,,0,20,,18247,6,,,0,20,,18248,6,,,0,60,,18249,6,,,0,20,,18250,6,,,0,20,,18251,6,,,0,60,,18252,6,,,0,20,,18253,6,,,0,20,,18254,6,,,0,60,,18255,6,,,0,30,,18256,6,,,0,70,,18257,6,,,0,30,,18258,6,,,0,70,,18259,6,,,0,30,,18260,6,,,0,70,,18261,6,,,0,30,,18262,6,,,0,70,,18263,6,,,0,30,,18264,6,,,0,70,,18265,6,,,0,30,,18266,6,,,0,70,,18267,6,,,0
200,'259.0.3',539,,18268,6,,,0,70,,18269,6,,,0,30,,18270,6,,,0,15,,18271,6,,,0,55,,18272,6,,,0,15,,18273,6,,,0,15,,18274,6,,,0,15,,18275,6,,,0,55,,18276,6,,,0,15,,18277,6,,,0,15,,18278,6,,,0,15,,18279,6,,,0,55,,18280,6,,,0,15,,18281,6,,,0,15,,18282,6,,,0,15,,18283,6,,,0,55,,18284,6,,,0,15,,18285,6,,,0,15,,18286,6,,,0,15,,18287,6,,,0,55,,18288,6,,,0,15,,18289,6,,,0,15,,18290,6,,,0,15,,18291,6,,,0,55,,18292,6,,,0,15,,18293,6,,,0,15,,18294,6,,,0,15,,18295,6,,,0,55,,18296,6,,,0,15,,18297,6,,,0,15,,18298,6,,,0,15,,18299,6,,,0,55,,18300,6,,,0,15,,18301,6,,,0,15,,18302,6,,,0,15,,18303,6,,,0,55,,18304,6,,,0,16,,18305,6,,,0,15,,18306,6,,,0,15,,18307,6,,,0,55,,18308,6,,,0,15,,18309,6,,,0,15,,18310,6,,,0,15,,18311,6,,,0,55,,18312,6,,,0,15,,18313,6,,,0,15,,18314,6,,,0,14,,18315,6,,,0,55,,18316,6,,,0,15,,18317,6,,,0,15,,18318,6,,,0,15,,18319,6,,,0,70,,18320,6,,,0,30,,18321,6,,,0,70,,18322,6,,,0,30,,18323,6,,,0,70,,18324,6,,,0,30,,18325,6,,,0,70,,18326,6,,,0,30,,18327,6,,,0,70,,18328,6,,,0,30,,18329,6,,,0,70,,18330,6,,,0
2901,'259.0.1',640,,20636,18,,,0,70,,20637,18,,,0,30,,20638,18,,,0,70,,20639,18,,,0,30,,20640,18,,,0,70,,20641,18,,,0,30,,20642,18,,,0,70,,20643,18,,,0,33,,20644,18,,,0,68,,20645,18,,,0,30,,20646,18,,,0,70,,20647,18,,,0,30,,20648,18,,,0,70,,20649,18,,,0,30,,20650,18,,,0,70,,20651,18,,,0,30,,20652,18,,,0,70,,20653,18,,,0,30,,20654,18,,,0,70,,20655,18,,,0,30,,20656,18,,,0,70,,20657,18,,,0,30,,20658,18,,,0,70,,20659,18,,,0,30,,20660,18,,,0,70,,20661,18,,,0,29,,20662,18,,,0,100,,20663,18,,,0,100,,20664,18,,,0,100,,20665,18,,,0,100,,20666,18,,,0,81,,20667,18,,,0
2901,'259.0.2',638,,20668,18,,,0,70,,20669,18,,,0,30,,20670,18,,,0,70,,20671,18,,,0,30,,20672,18,,,0,70,,20673,18,,,0,30,,20674,18,,,0,72,,20675,18,,,0,29,,20676,18,,,0,70,,20677,18,,,0,30,,20678,18,,,0,70,,20679,18,,,0,30,,20680,18,,,0,70,,20681,18,,,0,30,,20682,18,,,0,70,,20683,18,,,0,30,,20684,18,,,0,70,,20685,18,,,0,30,,20686,18,,,0,70,,20687,18,,,0,30,,20688,18,,,0,70,,20689,18,,,0,30,,20690,18,,,0,70,,20691,18,,,0,30,,20692,18,,,0,99,,20693,18,,,0,100,,20694,18,,,0,100,,20695,18,,,0,100,,20696,18,,,0,100,,20697,18,,,0,83,,20698,18,,,0
2901,'259.0.3',624,,20699,18,,,0,15,,20700,18,,,0,15,,20701,18,,,0,55,,20702,18,,,0,15,,20703,18,,,0,15,,20704,18,,,0,15,,20705,18,,,0,55,,20706,18,,,0,15,,20707,18,,,0,14,,20708,18,,,0,16,,20709,18,,,0,70,,20710,18,,,0,30,,20711,18,,,0,70,,20712,18,,,0,30,,20713,18,,,0,70,,20714,18,,,0,30,,20715,18,,,0,70,,20716,18,,,0,30,,20717,18,,,0,70,,20718,18,,,0,30,,20719,18,,,0,70,,20720,18,,,0,31,,20721,18,,,0,70,,20722,18,,,0,15,,20723,18,,,0,15,,20724,18,,,0,55,,20725,18,,,0,15,,20726,18,,,0,15,,20727,18,,,0,15,,20728,18,,,0,55,,20729,18,,,0,15,,20730,18,,,0,14,,20731,18,,,0,15,,20732,18,,,0,55,,20733,18,,,0,15,,20734,18,,,0,15,,20735,18,,,0,15,,20736,18,,,0,70,,20737,18,,,0,30,,20738,18,,,0,70,,20739,18,,,0,30,,20740,18,,,0,70,,20741,18,,,0,30,,20742,18,,,0,70,,20743,18,,,0,100,,20744,18,,,0,94,,20745,18,,,0
5001,'259.0.3',639,,20912,6,4,,0,15,,20913,6,4,,0,71,,20914,6,4,,0,30,,20915,6,4,,0,70,,20916,6,4,,0
8400,'259.0.1',632,,22782,5,,,0,100,,22783,5,,,0,100,,22784,5,,,0,100,,22785,5,,,0,100,,22786,5,,,0,95,,22787,5,,,0,100,,22788,5,,,0,100,,22789,5,,,0,100,,22790,5,,,0,100,,22791,5,,,0,100,,22792,5,,,0,100,,22793,5,,,0,100,,22794,5,,,0,105,,22795,5,,,0,100,,22796,5,,,0,100,,22797,5,,,0,100,,22798,5,,,0
8400,'259.0.2',637,,22799,5,,,0,100,,22800,5,,,0,100,,22801,5,,,0,100,,22802,5,,,0,100,,22803,5,,,0,95,,22804,5,,,0,100,,22805,5,,,0,100,,22806,5,,,0,100,,22807,5,,,0,100,,22808,5,,,0,105,,22809,5,,,0,100,,22810,5,,,0,100,,22811,5,,,0,100,,22812,5,,,0,100,,22813,5,,,0,100,,22814,5,,,0,100,,22815,5,,,0
8400,'259.0.3',542,,22846,5,,,0,70,,22816,5,,,0,30,,22817,5,,,0,70,,22818,5,,,0,30,,22819,5,,,0,70,,22820,5,,,0,30,,22821,5,,,0,100,,22822,5,,,0,100,,22823,5,,,0,100,,22824,5,,,0,100,,22825,5,,,0,100,,22826,5,,,0,101,,22827,5,,,0,70,,22828,5,,,0,15,,22829,5,,,0,15,,22830,5,,,0,15,,22831,5,,,0,55,,22832,5,,,0,15,,22833,5,,,0,15,,22834,5,,,0,15,,22835,5,,,0,55,,22836,5,,,0,15,,22837,5,,,0,14,,22838,5,,,0,15,,22847,5,,,0,55,,22839,5,,,0,100,,22840,5,,,0,100,,22841,5,,,0,100,,22842,5,,,0,100,,22843,5,,,0,103,,22844,5,,,0,103,,22845,5,,,0
9300,'259.0.3',1520,,23687,5,,,0,26,,23688,5,,,0,77,,23689,5,,,0,23,,23690,5,,,0,78,,23691,5,,,0,22,,23692,5,,,0,73,,23693,5,,,0
13601,'259.0.3',1518,,23763,10,,,0,30,,23764,10,,,0,71,,23765,10,,,0,15,,23766,10,,,0,15,,23767,10,,,0,69,,23768,10,,,0,29,,23769,10,,,0,70,,23770,10,,,0
13701,'259.0.3',1539,,23777,10,,,0,70,,23778,10,,,0,30,,23779,10,,,0,70,,23780,10,,,0,29,,23781,10,,,0,70,,23782,10,,,0
18200,'259.0.3',1502,,23847,8,,,0,15,,23848,8,,,0,15,,23849,8,,,0,15,,23850,8,,,0,55,,23851,8,,,0,15,,23852,8,,,0,15,,23853,8,,,0,15,,23854,8,,,0,55,,23855,8,,,0,15,,23856,8,,,0,14,,23857,8,,,0,15,,23858,8,,,0,55,,23860,8,,,0,14,,23859,8,,,0,16,,23861,8,,,0
18300,'259.0.3',1506,,23875,8,,,0,30,,23876,8,,,0,72,,23877,8,,,0,31,,23878,8,,,0,68,,23879,8,,,0,27,,23880,8,,,0,69,,23881,8,,,0
18500,'259.0.3',1514,,23888,8,,,0,15,,23889,8,,,0,15,,23890,8,,,0,57,,23891,8,,,0,15,,23892,8,,,0,16,,23893,8,,,0,15,,23894,8,,,0,55,,23895,8,,,0,11,,23896,8,,,0,13,,23899,8,,,0,15,,23897,8,,,0,15,,23900,8,,,0,55,,23898,8,,,0,15,,23901,8,,,0
18600,'259.0.3',1520,,23914,8,,,0,32,,23915,8,,,0,71,,23916,8,,,0,31,,23919,8,,,0,66,,23917,8,,,0,28,,23918,8,,,0
