2201,'244.0.1',558,,11075,18,,,0,70,,11076,18,,,0,30,,11077,18,,,0,70,,11078,18,,,0,30,,11079,18,,,0,70,,11080,18,,,0,30,,11081,18,,,0,70,,11082,18,,,0,29,,11083,18,,,0,70,,11084,18,,,0,30,,11085,18,,,0,70,,11086,18,,,0,30,,11087,18,,,0,70,,11088,18,,,0,30,,11089,18,,,0,70,,11090,18,,,0,30,,11091,18,,,0,70,,11092,18,,,0,30,,11093,18,,,0,70,,11094,18,,,0,30,,11095,18,,,0,70,,11096,18,,,0,31,,11097,18,,,0,70,,11098,18,,,0,30,,11099,18,,,0,70,,11100,18,,,0,30,,11101,18,,,0,70,,11102,18,,,0,30,,11103,18,,,0,70,,11104,18,,,0,30,,11105,18,,,0,70,,11106,18,,,0,30,,11107,18,,,0,70,,11108,18,,,0,30,,11109,18,,,0,70,,11110,18,,,0
2201,'244.0.2',548,,11111,18,,,0,70,,11112,18,,,0,30,,11113,18,,,0,70,,11114,18,,,0,30,,11115,18,,,0,70,,11116,18,,,0,30,,11117,18,,,0,70,,11118,18,,,0,30,,11119,18,,,0,70,,11120,18,,,0,30,,11121,18,,,0,70,,11122,18,,,0,30,,11123,18,,,0,70,,11124,18,,,0,30,,11125,18,,,0,70,,11126,18,,,0,30,,11127,18,,,0,70,,11128,18,,,0,30,,11129,18,,,0,70,,11130,18,,,0,30,,11131,18,,,0,70,,11132,18,,,0,30,,11133,18,,,0,70,,11134,18,,,0,30,,11135,18,,,0,70,,11136,18,,,0,30,,11137,18,,,0,70,,11138,18,,,0,30,,11139,18,,,0,70,,11140,18,,,0,30,,11141,18,,,0,70,,11142,18,,,0,30,,11143,18,,,0,70,,11144,18,,,0,30,,11145,18,,,0,70,,11146,18,,,0,30,,11147,18,,,0
2201,'244.0.3',611,,11148,18,,,0,30,,11149,18,,,0,70,,11150,18,,,0,27,,11151,18,,,0,70,,11152,18,,,0,30,,11153,18,,,0,71,,11154,18,,,0,29,,11155,18,,,0,70,,11156,18,,,0,30,,11157,18,,,0,70,,11158,18,,,0,30,,11159,18,,,0,70,,11160,18,,,0,30,,11161,18,,,0,70,,11162,18,,,0,30,,11163,18,,,0,70,,11164,18,,,0,29,,11165,18,,,0,70,,11166,18,,,0,30,,11167,18,,,0,70,,11168,18,,,0,30,,11169,18,,,0,70,,11170,18,,,0,30,,11171,18,,,0,70,,11172,18,,,0,31,,11173,18,,,0,70,,11174,18,,,0,30,,11175,18,,,0,70,,11176,18,,,0,30,,11177,18,,,0,70,,11178,18,,,0,30,,11179,18,,,0,70,,11180,18,,,0,30,,11181,18,,,0,70,,11182,18,,,0,30,,11183,18,,,0
2501,'244.0.1',711,,11458,25,,,0,100,,11459,25,,,0,100,,11460,25,,,0,100,,11461,25,,,0,100,,11462,25,,,0,100,,11463,25,,,0,100,,11464,25,,,0,100,,11465,25,,,0,100,,11466,25,,,0,100,,11467,25,,,0,100,,11468,25,,,0,100,,11469,25,,,0,100,,11470,25,,,0,100,,11471,25,,,0,100,,11472,25,,,0,100,,11473,25,,,0
2501,'244.0.2',811,,11474,25,,,0,100,,11475,25,,,0,100,,11476,25,,,0,100,,11477,25,,,0,100,,11478,25,,,0,100,,11479,25,,,0,100,,11480,25,,,0,100,,11481,25,,,0,100,,11482,25,,,0,100,,11483,25,,,0,100,,11484,25,,,0,100,,11485,25,,,0,100,,11486,25,,,0,100,,11487,25,,,0
2501,'244.0.3',614,,11488,25,,,0,30,,11489,25,,,0,70,,11490,25,,,0,36,,11491,25,,,0,65,,11492,25,,,0,30,,11493,25,,,0,70,,11494,25,,,0,29,,11495,25,,,0,100,,11496,25,,,0,100,,11497,25,,,0,100,,11498,25,,,0,100,,11499,25,,,0,100,,11500,25,,,0,100,,11501,25,,,0,74,,11502,25,,,0,32,,11503,25,,,0,72,,11504,25,,,0,26,,11505,25,,,0,69,,11506,25,,,0,26,,11507,25,,,0,70,,11508,25,,,0,30,,11509,25,,,0,100,,11510,25,,,0,100,,11511,25,,,0,100,,11512,25,,,0,100,,11513,25,,,0
41501,'244.0.3',646,,15328,26,,,0,106,,15329,26,,,0,94,,15330,26,,,0,99,,15331,26,,,0,573,,15335,26,,,0,105,,15332,26,,,0,101,,15333,26,,,0,98,,15334,26,,,0
1000901,'244.0.1',700,,15814,32,,,0,100,,15815,32,,,0,101,,15816,32,,,0,100,,15817,32,,,0,100,,15818,32,,,0,100,,15819,32,,,0,100,,15820,32,,,0,100,,15821,32,,,0,100,,15822,32,,,0,100,,15823,32,,,0,100,,15824,32,,,0,57,,15825,32,,,0,100,,15826,32,,,0,100,,15827,32,,,0,98,,15828,32,,,0,100,,15829,32,,,0,100,,15830,32,,,0,100,,15831,32,,,0
1000901,'244.0.2',657,,15832,32,,,0,98,,15833,32,,,0,103,,15834,32,,,0,100,,15835,32,,,0,100,,15836,32,,,0,100,,15837,32,,,0,100,,15838,32,,,0,100,,15839,32,,,0,100,,15840,32,,,0,100,,15841,32,,,0,100,,15842,32,,,0,100,,15843,32,,,0,100,,15844,32,,,0,100,,15845,32,,,0,97,,15846,32,,,0,100,,15847,32,,,0,100,,15848,32,,,0,100,,15849,32,,,0
1000901,'244.0.3',544,,15850,32,,,0,67,,15851,32,,,0,25,,15852,32,,,0,10,,15853,32,,,0,5,,15854,32,,,0,55,,15855,32,,,0,21,,15856,32,,,0,5,,15857,32,,,0,15,,15858,32,,,0,10,,15859,32,,,0,60,,15860,32,,,0,10,,15861,32,,,0,20,,15862,32,,,0,9,,15863,32,,,0,50,,15864,32,,,0,10,,15865,32,,,0,25,,15866,32,,,0,15,,15867,32,,,0,55,,15868,32,,,0,30,,15869,32,,,0,15,,15870,32,,,0,55,,15871,32,,,0,30,,15872,32,,,0,15,,15873,32,,,0,55,,15874,32,,,0,30,,15875,32,,,0,15,,15876,32,,,0,55,,15877,32,,,0,30,,15878,32,,,0,15,,15879,32,,,0,55,,15880,32,,,0,30,,15881,32,,,0,15,,15882,32,,,0,55,,15883,32,,,0,29,,15884,32,,,0,65,,15885,32,,,0,5,,15886,32,,,0,25,,15887,32,,,0,10,,15888,32,,,0,60,,15889,32,,,0,10,,15890,32,,,0,20,,15891,32,,,0,10,,15892,32,,,0,60,,15893,32,,,0,10,,15894,32,,,0,17,,15895,32,,,0,10,,15896,32,,,0,65,,15897,32,,,0,30,,15898,32,,,0,71,,15899,32,,,0,29,,15900,32,,,0,70,,15901,32,,,0,29,,15902,32,,,0,70,,15903,32,,,0,35,,15904,32,,,0,60,,15905,32,,,0,40,,15906,32,,,0,60,,15907,32,,,0,40,,15908,32,,,0,60,,15909,32,,,0
2000901,'244.0.1',630,,16829,48,,,0,100,,16830,48,,,0,99,,16831,48,,,0,102,,16832,48,,,0,100,,16833,48,,,0,100,,16834,48,,,0,100,,16835,48,,,0,100,,16836,48,,,0,100,,16837,48,,,0,100,,16838,48,,,0,100,,16839,48,,,0,100,,16840,48,,,0,97,,16841,48,,,0,100,,16842,48,,,0,98,,16843,48,,,0,100,,16844,48,,,0,100,,16845,48,,,0,100,,16846,48,,,0,100,,16847,48,,,0
2000901,'244.0.2',627,,16848,48,,,0,100,,16849,48,,,0,98,,16850,48,,,0,103,,16851,48,,,0,100,,16852,48,,,0,100,,16853,48,,,0,100,,16854,48,,,0,100,,16855,48,,,0,100,,16856,48,,,0,100,,16857,48,,,0,100,,16858,48,,,0,100,,16859,48,,,0,100,,16860,48,,,0,100,,16861,48,,,0,97,,16862,48,,,0,100,,16863,48,,,0,100,,16864,48,,,0,99,,16865,48,,,0,100,,16866,48,,,0
2000901,'244.0.3',556,,16867,48,,,0,70,,16868,48,,,0,30,,16869,48,,,0,81,,16870,48,,,0,70,,16871,48,,,0,30,,16872,48,,,0,20,,16873,48,,,0,69,,16874,48,,,0,100,,16875,48,,,0,100,,16876,48,,,0,100,,16877,48,,,0,100,,16878,48,,,0,100,,16879,48,,,0,99,,16880,48,,,0,30,,16881,48,,,0,70,,16882,48,,,0,30,,16883,48,,,0,70,,16884,48,,,0,30,,16885,48,,,0,68,,16886,48,,,0,29,,16887,48,,,0,70,,16888,48,,,0,30,,16889,48,,,0,70,,16890,48,,,0,30,,16891,48,,,0,70,,16892,48,,,0,23,,16893,48,,,0,70,,16894,48,,,0,100,,16895,48,,,0,100,,16896,48,,,0
