5800,'259.0.1',622,,21500,5,,,0,100,,21501,5,,,0,100,,21502,5,,,0,100,,21503,5,,,0,100,,21504,5,,,0,100,,21505,5,,,0,100,,21506,5,,,0,100,,21507,5,,,0,100,,21508,5,,,0,100,,21509,5,,,0,100,,21510,5,,,0,100,,21511,5,,,0,100,,21512,5,,,0,100,,21513,5,,,0,100,,21514,5,,,0,100,,21515,5,,,0,100,,21516,5,,,0
5800,'259.0.2',722,,21517,5,,,0,100,,21518,5,,,0,100,,21519,5,,,0,100,,21520,5,,,0,100,,21521,5,,,0,100,,21522,5,,,0,100,,21523,5,,,0,100,,21524,5,,,0,100,,21525,5,,,0,100,,21526,5,,,0,100,,21527,5,,,0,100,,21528,5,,,0,100,,21529,5,,,0,100,,21530,5,,,0,100,,21531,5,,,0,100,,21532,5,,,0
5800,'259.0.3',610,,21533,5,,,0,30,,21534,5,,,0,70,,21535,5,,,0,30,,21536,5,,,0,70,,21537,5,,,0,117,,21538,5,,,0,100,,21539,5,,,0,100,,21540,5,,,0,100,,21541,5,,,0,100,,21542,5,,,0,100,,21543,5,,,0,100,,21544,5,,,0,30,,21545,5,,,0,270,,21546,5,,,0,100,,21547,5,,,0,100,,21548,5,,,0,100,,21549,5,,,0,100,,21550,5,,,0,100,,21551,5,,,0
6300,'259.0.1',758,,21930,5,,,0,100,,21931,5,,,0,100,,21932,5,,,0,100,,21933,5,,,0,100,,21934,5,,,0,100,,21935,5,,,0,100,,21936,5,,,0,100,,21937,5,,,0,100,,21938,5,,,0,100,,21939,5,,,0,100,,21940,5,,,0,100,,21941,5,,,0,97,,21942,5,,,0,100,,21943,5,,,0,100,,21944,5,,,0,100,,21945,5,,,0
6300,'259.0.2',727,,21946,5,,,0,100,,21947,5,,,0,100,,21948,5,,,0,100,,21949,5,,,0,100,,21950,5,,,0,100,,21951,5,,,0,100,,21952,5,,,0,100,,21953,5,,,0,98,,21954,5,,,0,100,,21955,5,,,0,100,,21956,5,,,0,100,,21957,5,,,0,100,,21958,5,,,0,100,,21959,5,,,0,100,,21960,5,,,0
6300,'259.0.3',649,,21961,5,,,0,70,,21962,5,,,0,30,,21963,5,,,0,70,,21964,5,,,0,30,,21965,5,,,0,70,,21966,5,,,0,30,,21967,5,,,0,56,,21968,5,,,0,100,,21969,5,,,0,100,,21970,5,,,0,100,,21971,5,,,0,100,,21972,5,,,0,100,,21973,5,,,0,115,,21974,5,,,0,30,,21975,5,,,0,68,,21976,5,,,0,30,,21977,5,,,0,70,,21978,5,,,0,30,,21979,5,,,0,70,,21980,5,,,0,100,,21981,5,,,0,100,,21982,5,,,0,100,,21983,5,,,0
6701,'259.0.1',740,,22263,19,,,0,100,,22264,19,,,0,101,,22265,19,,,0,100,,22266,19,,,0,100,,22267,19,,,0,100,,22268,19,,,0,100,,22269,19,,,0,100,,22270,19,,,0,100,,22271,19,,,0,100,,22272,19,,,0,100,,22273,19,,,0,99,,22274,19,,,0,100,,22275,19,,,0,100,,22276,19,,,0,100,,22277,19,,,0,100,,22278,19,,,0
6701,'259.0.2',739,,22279,19,,,0,100,,22280,19,,,0,100,,22281,19,,,0,102,,22282,19,,,0,100,,22283,19,,,0,100,,22284,19,,,0,100,,22285,19,,,0,100,,22286,19,,,0,100,,22287,19,,,0,100,,22288,19,,,0,99,,22289,19,,,0,100,,22290,19,,,0,100,,22291,19,,,0,100,,22292,19,,,0,98,,22293,19,,,0,100,,22294,19,,,0
6701,'259.0.3',625,,22295,19,,,0,30,,22296,19,,,0,70,,22297,19,,,0,30,,22298,19,,,0,70,,22299,19,,,0,30,,22300,19,,,0,101,,22301,19,,,0,100,,22302,19,,,0,100,,22303,19,,,0,100,,22304,19,,,0,100,,22305,19,,,0,102,,22306,19,,,0,70,,22307,19,,,0,30,,22308,19,,,0,70,,22309,19,,,0,30,,22310,19,,,0,70,,22311,19,,,0,30,,22312,19,,,0,67,,22313,19,,,0,30,,22314,19,,,0,70,,22315,19,,,0,99,,22316,19,,,0,100,,22317,19,,,0,100,,22318,19,,,0
15800,'259.0.3',1616,,23797,17,,,0,32,,23798,17,,,0,72,,23799,17,,,0,27,,23800,17,,,0
