400,'259.0.1',552,,18780,3,,,0,100,,18781,3,,,0,100,,18782,3,,,0,70,,18783,3,,,0,30,,18784,3,,,0,70,,18785,3,,,0,30,,18786,3,,,0,70,,18787,3,,,0,30,,18788,3,,,0,70,,18789,3,,,0,30,,18790,3,,,0,70,,18791,3,,,0,30,,18792,3,,,0,70,,18793,3,,,0,30,,18794,3,,,0,70,,18795,3,,,0,30,,18796,3,,,0,70,,18797,3,,,0,30,,18798,3,,,0,70,,18799,3,,,0,30,,18800,3,,,0,70,,18801,3,,,0,30,,18802,3,,,0,70,,18803,3,,,0,30,,18804,3,,,0,70,,18805,3,,,0,30,,18806,3,,,0,70,,18807,3,,,0,30,,18808,3,,,0,70,,18809,3,,,0,30,,18810,3,,,0,100,,18811,3,,,0,100,,18812,3,,,0
400,'259.0.2',647,,18813,3,,,0,70,,18814,3,,,0,30,,18815,3,,,0,70,,18816,3,,,0,30,,18817,3,,,0,70,,18818,3,,,0,30,,18819,3,,,0,70,,18820,3,,,0,30,,18821,3,,,0,70,,18822,3,,,0,30,,18823,3,,,0,70,,18824,3,,,0,30,,18825,3,,,0,70,,18826,3,,,0,30,,18827,3,,,0,70,,18828,3,,,0,30,,18829,3,,,0,70,,18830,3,,,0,30,,18831,3,,,0,70,,18832,3,,,0,30,,18833,3,,,0,70,,18834,3,,,0,30,,18835,3,,,0,70,,18836,3,,,0,30,,18837,3,,,0,70,,18838,3,,,0,30,,18839,3,,,0,100,,18840,3,,,0,100,,18841,3,,,0,100,,18842,3,,,0,100,,18843,3,,,0
400,'259.0.3',602,,18844,3,,,0,20,,18845,3,,,0,20,,18846,3,,,0,60,,18847,3,,,0,15,,18848,3,,,0,15,,18849,3,,,0,15,,18850,3,,,0,55,,18851,3,,,0,15,,18852,3,,,0,15,,18853,3,,,0,15,,18854,3,,,0,55,,18855,3,,,0,15,,18856,3,,,0,15,,18857,3,,,0,15,,18858,3,,,0,55,,18859,3,,,0,15,,18860,3,,,0,15,,18861,3,,,0,15,,18862,3,,,0,55,,18863,3,,,0,15,,18864,3,,,0,15,,18865,3,,,0,15,,18866,3,,,0,55,,18867,3,,,0,15,,18868,3,,,0,15,,18869,3,,,0,15,,18870,3,,,0,55,,18871,3,,,0,10,,18872,3,,,0,10,,18873,3,,,0,10,,18874,3,,,0,10,,18875,3,,,0,10,,18876,3,,,0,50,,18877,3,,,0,8,,18878,3,,,0,8,,18879,3,,,0,8,,18880,3,,,0,8,,18881,3,,,0,8,,18882,3,,,0,8,,18883,3,,,0,8,,18884,3,,,0,48,,18885,3,,,0,8,,18886,3,,,0,8,,18887,3,,,0,8,,18888,3,,,0,8,,18889,3,,,0,8,,18890,3,,,0,8,,18891,3,,,0,48,,18892,3,,,0,8,,18893,3,,,0,8,,18894,3,,,0,8,,18895,3,,,0,8,,18896,3,,,0,8,,18897,3,,,0,16,,18898,3,,,0,48,,18899,3,,,0,8,,18900,3,,,0,8,,18901,3,,,0,8,,18902,3,,,0,8,,18903,3,,,0,9,,18904,3,,,0,55,,18905,3,,,0,15,,18906,3,,,0,15,,18907,3,,,0,20,,18908,3,,,0,60,,18909,3,,,0,20,,18910,3,,,0,20,,18911,3,,,0,60,,18912,3,,,0,20,,18913,3,,,0,20,,18914,3,,,0,60,,18915,3,,,0,20,,18916,3,,,0,20,,18917,3,,,0,70,,18918,3,,,0,30,,18919,3,,,0,70,,18920,3,,,0,30,,18921,3,,,0,70,,18922,3,,,0,30,,18923,3,,,0
400,'259.1141.3',1650,,18924,3,,,0
400,'259.1143.3',1650,,18925,3,,,0
2400,'259.0.1',638,,20011,57,,,0,70,,20012,57,,,0,30,,20013,57,,,0,70,,20014,57,,,0,30,,20015,57,,,0,70,,20016,57,,,0,30,,20017,57,,,0,72,,20018,57,,,0,31,,20019,57,,,0,70,,20020,57,,,0,31,,20021,57,,,0,72,,20022,57,,,0,30,,20023,57,,,0,70,,20024,57,,,0,30,,20025,57,,,0,70,,20026,57,,,0,30,,20027,57,,,0,68,,20028,57,,,0,30,,20029,57,,,0,70,,20030,57,,,0,30,,20031,57,,,0,70,,20032,57,,,0,30,,20033,57,,,0,70,,20034,57,,,0,28,,20035,57,,,0,67,,20036,57,,,0,30,,20037,57,,,0,70,,20038,57,,,0,30,,20039,57,,,0,70,,20040,57,,,0,30,,20041,57,,,0,70,,20042,57,,,0,30,,20043,57,,,0,70,,20044,57,,,0,30,,20045,57,,,0,70,,20046,57,,,0
2400,'259.0.2',636,,20047,57,,,0,70,,20048,57,,,0,30,,20049,57,,,0,70,,20050,57,,,0,30,,20051,57,,,0,70,,20052,57,,,0,31,,20053,57,,,0,74,,20054,57,,,0,30,,20055,57,,,0,70,,20056,57,,,0,30,,20057,57,,,0,70,,20058,57,,,0,30,,20059,57,,,0,70,,20060,57,,,0,30,,20061,57,,,0,70,,20062,57,,,0,30,,20063,57,,,0,70,,20064,57,,,0,30,,20065,57,,,0,70,,20066,57,,,0,30,,20067,57,,,0,70,,20068,57,,,0,30,,20069,57,,,0,70,,20070,57,,,0,28,,20071,57,,,0,68,,20072,57,,,0,30,,20073,57,,,0,70,,20074,57,,,0,30,,20075,57,,,0,70,,20076,57,,,0,30,,20077,57,,,0,70,,20078,57,,,0,30,,20079,57,,,0,70,,20080,57,,,0,30,,20081,57,,,0,70,,20082,57,,,0
2400,'259.0.3',642,,20083,57,,,0,70,,20084,57,,,0,34,,20085,57,,,0,71,,20086,57,,,0,30,,20087,57,,,0,70,,20088,57,,,0,25,,20089,57,,,0,70,,20090,57,,,0,30,,20091,57,,,0,70,,20092,57,,,0,31,,20093,57,,,0,70,,20094,57,,,0,30,,20095,57,,,0,70,,20096,57,,,0,30,,20097,57,,,0,70,,20098,57,,,0,30,,20099,57,,,0,70,,20100,57,,,0,30,,20101,57,,,0,70,,20102,57,,,0,30,,20103,57,,,0,70,,20104,57,,,0,30,,20105,57,,,0,70,,20106,57,,,0,30,,20107,57,,,0,68,,20108,57,,,0,26,,20109,57,,,0,70,,20110,57,,,0,30,,20111,57,,,0,70,,20112,57,,,0,30,,20113,57,,,0,70,,20114,57,,,0,30,,20115,57,,,0,70,,20116,57,,,0,30,,20117,57,,,0,70,,20118,57,,,0
1001000,'259.0.3',622,,24716,3,,,0,19,,24717,3,,,0,59,,24718,3,,,0,28,,24719,3,,,0,18,,24720,3,,,0,56,,24721,3,,,0,20,,24722,3,,,0,20,,24723,3,,,0,60,,24724,3,,,0,500,,24725,3,,,0,19,,24726,3,,,0,20,,24727,3,,,0,60,,24728,3,,,0,20,,24729,3,,,0,20,,24730,3,,,0,60,,24731,3,,,0,20,,24732,3,,,0,20,,24733,3,,,0,10,,24734,3,,,0,70,,24735,3,,,0,20,,24736,3,,,0,60,,24737,3,,,0,20,,24738,3,,,0
2001000,'259.0.1',632,,25713,3,,,0,85,,25714,3,,,0,30,,25715,3,,,0,70,,25716,3,,,0,30,,25717,3,,,0,70,,25718,3,,,0,30,,25719,3,,,0,70,,25720,3,,,0,30,,25721,3,,,0,70,,25722,3,,,0,30,,25723,3,,,0,70,,25724,3,,,0,30,,25725,3,,,0,70,,25726,3,,,0,30,,25727,3,,,0,70,,25728,3,,,0,30,,25729,3,,,0,70,,25730,3,,,0,30,,25731,3,,,0,70,,25732,3,,,0,30,,25733,3,,,0,70,,25734,3,,,0,30,,25735,3,,,0,70,,25736,3,,,0,30,,25737,3,,,0,70,,25738,3,,,0,30,,25739,3,,,0,85,,25740,3,,,0,100,,25741,3,,,0,100,,25742,3,,,0,100,,25743,3,,,0
2001000,'259.0.2',632,,25744,3,,,0,115,,25745,3,,,0,70,,25746,3,,,0,30,,25747,3,,,0,70,,25748,3,,,0,30,,25749,3,,,0,70,,25750,3,,,0,30,,25751,3,,,0,70,,25752,3,,,0,30,,25753,3,,,0,70,,25754,3,,,0,30,,25755,3,,,0,70,,25756,3,,,0,30,,25757,3,,,0,70,,25758,3,,,0,30,,25759,3,,,0,70,,25760,3,,,0,30,,25761,3,,,0,70,,25762,3,,,0,30,,25763,3,,,0,70,,25764,3,,,0,30,,25765,3,,,0,85,,25766,3,,,0,100,,25767,3,,,0,100,,25768,3,,,0,100,,25769,3,,,0,100,,25770,3,,,0,100,,25771,3,,,0,100,,25772,3,,,0
2001000,'259.0.3',544,,25773,3,,,0,91,,25774,3,,,0,20,,25775,3,,,0,60,,25776,3,,,0,20,,25777,3,,,0,20,,25778,3,,,0,60,,25779,3,,,0,20,,25780,3,,,0,20,,25781,3,,,0,77,,25782,3,,,0,70,,25783,3,,,0,30,,25784,3,,,0,70,,25785,3,,,0,30,,25786,3,,,0,70,,25787,3,,,0,30,,25788,3,,,0,70,,25789,3,,,0,30,,25790,3,,,0,25,,25791,3,,,0,57,,25792,3,,,0,20,,25793,3,,,0,20,,25794,3,,,0,60,,25795,3,,,0,20,,25796,3,,,0,20,,25797,3,,,0,60,,25798,3,,,0,20,,25799,3,,,0,20,,25800,3,,,0,60,,25801,3,,,0,20,,25802,3,,,0,20,,25803,3,,,0,60,,25804,3,,,0,23,,25805,3,,,0,20,,25806,3,,,0,64,,25807,3,,,0,30,,25808,3,,,0,70,,25809,3,,,0,30,,25810,3,,,0,70,,25811,3,,,0
3001000,'259.0.1',602,,26275,3,,,0,100,,26276,3,,,0,30,,26277,3,,,0,70,,26278,3,,,0,30,,26279,3,,,0,70,,26280,3,,,0,30,,26281,3,,,0,70,,26282,3,,,0,30,,26283,3,,,0,70,,26284,3,,,0,30,,26285,3,,,0,70,,26286,3,,,0,30,,26287,3,,,0,70,,26288,3,,,0,30,,26289,3,,,0,70,,26290,3,,,0,30,,26291,3,,,0,70,,26292,3,,,0,30,,26293,3,,,0,70,,26294,3,,,0,30,,26295,3,,,0,70,,26296,3,,,0,30,,26297,3,,,0,70,,26298,3,,,0,30,,26299,3,,,0,70,,26300,3,,,0,100,,26301,3,,,0,100,,26302,3,,,0,100,,26303,3,,,0,100,,26304,3,,,0,100,,26305,3,,,0
3001000,'259.0.2',602,,26307,3,,,0,100,,26308,3,,,0,30,,26309,3,,,0,70,,26310,3,,,0,30,,26311,3,,,0,70,,26312,3,,,0,30,,26313,3,,,0,70,,26314,3,,,0,30,,26315,3,,,0,70,,26316,3,,,0,30,,26317,3,,,0,70,,26318,3,,,0,30,,26319,3,,,0,70,,26320,3,,,0,30,,26321,3,,,0,70,,26322,3,,,0,30,,26323,3,,,0,70,,26324,3,,,0,30,,26325,3,,,0,70,,26326,3,,,0,30,,26327,3,,,0,70,,26328,3,,,0,30,,26329,3,,,0,70,,26330,3,,,0,100,,26331,3,,,0,100,,26332,3,,,0,100,,26333,3,,,0,100,,26334,3,,,0,100,,26335,3,,,0
3001000,'259.0.3',549,,26339,3,,,0,59,,26340,3,,,0,20,,26341,3,,,0,19,,26342,3,,,0,58,,26343,3,,,0,17,,26344,3,,,0,18,,26345,3,,,0,69,,26346,3,,,0,20,,26347,3,,,0,20,,26348,3,,,0,68,,26349,3,,,0,30,,26350,3,,,0,70,,26351,3,,,0,30,,26352,3,,,0,70,,26353,3,,,0,30,,26354,3,,,0,70,,26355,3,,,0,30,,26356,3,,,0,70,,26357,3,,,0,30,,26358,3,,,0,60,,26359,3,,,0,20,,26360,3,,,0,20,,26361,3,,,0,60,,26362,3,,,0,20,,26363,3,,,0,20,,26364,3,,,0,60,,26365,3,,,0,20,,26366,3,,,0,20,,26367,3,,,0,60,,26368,3,,,0,20,,26369,3,,,0,20,,26370,3,,,0,60,,26371,3,,,0,20,,26372,3,,,0,20,,26373,3,,,0,59,,26374,3,,,0,30,,26375,3,,,0,70,,26376,3,,,0,30,,26377,3,,,0,70,,26378,3,,,0,30,,26379,3,,,0,70,,26380,3,,,0,30,,26381,3,,,0,70,,26382,3,,,0,30,,26383,3,,,0,70,,26384,3,,,0
