400,'244.0.1',607,,9953,21,,,0,100,,9954,21,,,0,100,,9955,21,,,0,30,,9956,21,,,0,70,,9957,21,,,0,32,,9958,21,,,0,72,,9959,21,,,0,30,,9960,21,,,0,70,,9961,21,,,0,30,,9962,21,,,0,70,,9963,21,,,0,30,,9964,21,,,0,70,,9965,21,,,0,30,,9966,21,,,0,70,,9967,21,,,0,30,,9968,21,,,0,70,,9969,21,,,0,30,,9970,21,,,0,70,,9971,21,,,0,30,,9972,21,,,0,70,,9973,21,,,0,30,,9974,21,,,0,70,,9975,21,,,0,30,,9976,21,,,0,70,,9977,21,,,0,30,,9978,21,,,0,70,,9979,21,,,0,30,,9980,21,,,0,68,,9981,21,,,0,28,,9982,21,,,0,70,,9983,21,,,0,100,,9984,21,,,0,100,,9985,21,,,0
400,'244.0.2',702,,9986,21,,,0,30,,9987,21,,,0,70,,9988,21,,,0,30,,9989,21,,,0,70,,9990,21,,,0,30,,9991,21,,,0,70,,9992,21,,,0,30,,9993,21,,,0,70,,9994,21,,,0,31,,9995,21,,,0,72,,9996,21,,,0,30,,9997,21,,,0,70,,9998,21,,,0,30,,9999,21,,,0,70,,10000,21,,,0,30,,10001,21,,,0,70,,10002,21,,,0,30,,10003,21,,,0,70,,10004,21,,,0,30,,10005,21,,,0,70,,10006,21,,,0,30,,10007,21,,,0,69,,10008,21,,,0,28,,10009,21,,,0,70,,10010,21,,,0,30,,10011,21,,,0,70,,10012,21,,,0,100,,10013,21,,,0,100,,10014,21,,,0,100,,10015,21,,,0,100,,10016,21,,,0
400,'244.0.3',617,,10017,21,,,0,20,,10018,21,,,0,20,,10019,21,,,0,60,,10020,21,,,0,16,,10021,21,,,0,18,,10022,21,,,0,55,,10023,21,,,0,15,,10024,21,,,0,15,,10025,21,,,0,15,,10026,21,,,0,55,,10027,21,,,0,15,,10028,21,,,0,15,,10029,21,,,0,15,,10030,21,,,0,55,,10031,21,,,0,15,,10032,21,,,0,15,,10033,21,,,0,15,,10034,21,,,0,55,,10035,21,,,0,15,,10036,21,,,0,15,,10037,21,,,0,17,,10038,21,,,0,55,,10039,21,,,0,15,,10040,21,,,0,15,,10041,21,,,0,15,,10042,21,,,0,55,,10043,21,,,0,15,,10044,21,,,0,10,,10045,21,,,0,10,,10046,21,,,0,10,,10047,21,,,0,50,,10048,21,,,0,10,,10049,21,,,0,10,,10050,21,,,0,8,,10051,21,,,0,8,,10052,21,,,0,8,,10053,21,,,0,8,,10054,21,,,0,48,,10055,21,,,0,8,,10056,21,,,0,9,,10057,21,,,0,8,,10058,21,,,0,8,,10059,21,,,0,8,,10060,21,,,0,8,,10061,21,,,0,48,,10062,21,,,0,8,,10063,21,,,0,8,,10064,21,,,0,8,,10065,21,,,0,8,,10066,21,,,0,8,,10067,21,,,0,8,,10068,21,,,0,8,,10069,21,,,0,48,,10070,21,,,0,16,,10071,21,,,0,8,,10072,21,,,0,8,,10073,21,,,0,8,,10074,21,,,0,8,,10075,21,,,0,48,,10076,21,,,0,8,,10077,21,,,0,13,,10078,21,,,0,15,,10079,21,,,0,15,,10080,21,,,0,60,,10081,21,,,0,20,,10082,21,,,0,20,,10083,21,,,0,60,,10084,21,,,0,20,,10085,21,,,0,20,,10086,21,,,0,58,,10087,21,,,0,18,,10088,21,,,0,20,,10089,21,,,0,60,,10090,21,,,0,30,,10091,21,,,0,70,,10092,21,,,0,30,,10093,21,,,0,70,,10094,21,,,0,30,,10095,21,,,0,70,,10096,21,,,0
400,'244.1141.3',1712,,10097,21,,,0
400,'244.1143.3',1712,,10098,21,,,0
801,'244.0.1',605,,10684,61,,,0,30,,10685,61,,,0,70,,10686,61,,,0,30,,10687,61,,,0,73,,10688,61,,,0,33,,10689,61,,,0,70,,10690,61,,,0,30,,10691,61,,,0,72,,10692,61,,,0,34,,10693,61,,,0,70,,10694,61,,,0,30,,10695,61,,,0,70,,10696,61,,,0,30,,10697,61,,,0,72,,10698,61,,,0,31,,10699,61,,,0,70,,10700,61,,,0,30,,10701,61,,,0,70,,10702,61,,,0,30,,10703,61,,,0,70,,10704,61,,,0,30,,10705,61,,,0,70,,10706,61,,,0,28,,10707,61,,,0,68,,10708,61,,,0,29,,10709,61,,,0,70,,10710,61,,,0,28,,10711,61,,,0,65,,10712,61,,,0,29,,10713,61,,,0,70,,10714,61,,,0,30,,10715,61,,,0,70,,10716,61,,,0,30,,10717,61,,,0,70,,10718,61,,,0,30,,10719,61,,,0,70,,10720,61,,,0,100,,10721,61,,,0
801,'244.0.2',611,,10722,61,,,0,30,,10723,61,,,0,70,,10724,61,,,0,30,,10725,61,,,0,70,,10726,61,,,0,30,,10727,61,,,0,71,,10728,61,,,0,35,,10729,61,,,0,70,,10730,61,,,0,30,,10731,61,,,0,72,,10732,61,,,0,30,,10733,61,,,0,70,,10734,61,,,0,30,,10735,61,,,0,70,,10736,61,,,0,30,,10737,61,,,0,70,,10738,61,,,0,30,,10739,61,,,0,70,,10740,61,,,0,30,,10741,61,,,0,70,,10742,61,,,0,30,,10743,61,,,0,70,,10744,61,,,0,30,,10745,61,,,0,68,,10746,61,,,0,28,,10747,61,,,0,70,,10748,61,,,0,30,,10749,61,,,0,70,,10750,61,,,0,30,,10751,61,,,0,67,,10752,61,,,0,27,,10753,61,,,0,70,,10754,61,,,0,30,,10755,61,,,0,100,,10756,61,,,0,100,,10757,61,,,0
801,'244.0.3',558,,10758,61,,,0,70,,10759,61,,,0,30,,10760,61,,,0,62,,10761,61,,,0,30,,10762,61,,,0,60,,10763,61,,,0,20,,10764,61,,,0,20,,10765,61,,,0,58,,10766,61,,,0,16,,10767,61,,,0,17,,10768,61,,,0,60,,10769,61,,,0,20,,10770,61,,,0,20,,10771,61,,,0,60,,10772,61,,,0,20,,10773,61,,,0,20,,10774,61,,,0,60,,10775,61,,,0,20,,10776,61,,,0,20,,10777,61,,,0,60,,10778,61,,,0,20,,10779,61,,,0,20,,10780,61,,,0,60,,10781,61,,,0,20,,10782,61,,,0,20,,10783,61,,,0,60,,10784,61,,,0,20,,10785,61,,,0,23,,10786,61,,,0,73,,10787,61,,,0,30,,10788,61,,,0,70,,10789,61,,,0,30,,10790,61,,,0,66,,10791,61,,,0,25,,10792,61,,,0,68,,10793,61,,,0,30,,10794,61,,,0,70,,10795,61,,,0,30,,10796,61,,,0,70,,10797,61,,,0,26,,10798,61,,,0,69,,10799,61,,,0,30,,10800,61,,,0,70,,10801,61,,,0,30,,10802,61,,,0,70,,10803,61,,,0,30,,10804,61,,,0,70,,10805,61,,,0
9000,'244.0.1',622,,14558,16,,,0,25,,14559,16,,,0,70,,14560,16,,,0,30,,14561,16,,,0,70,,14562,16,,,0,25,,14563,16,,,0,70,,14564,16,,,0,30,,14565,16,,,0,65,,14566,16,,,0,33,,14567,16,,,0,70,,14568,16,,,0,30,,14569,16,,,0,70,,14570,16,,,0,27,,14571,16,,,0,70,,14572,16,,,0,30,,14573,16,,,0,70,,14574,16,,,0,30,,14575,16,,,0,70,,14576,16,,,0,30,,14577,16,,,0,70,,14578,16,,,0,33,,14579,16,,,0,70,,14580,16,,,0,30,,14581,16,,,0,70,,14582,16,,,0,30,,14583,16,,,0,70,,14584,16,,,0,30,,14585,16,,,0,70,,14586,16,,,0,104,,14587,16,,,0,100,,14588,16,,,0,100,,14589,16,,,0,100,,14590,16,,,0
9000,'244.0.2',610,,14591,16,,,0,100,,14592,16,,,0,100,,14593,16,,,0,95,,14594,16,,,0,97,,14595,16,,,0,99,,14596,16,,,0,102,,14597,16,,,0,100,,14598,16,,,0,98,,14599,16,,,0,100,,14600,16,,,0,100,,14601,16,,,0,100,,14602,16,,,0,103,,14603,16,,,0,104,,14604,16,,,0,101,,14605,16,,,0,100,,14606,16,,,0,100,,14607,16,,,0,100,,14608,16,,,0
9000,'244.0.3',606,,14642,16,,,0,15,,14641,16,,,0,15,,14609,16,,,0,15,,14643,16,,,0,55,,14610,16,,,0,15,,14644,16,,,0,15,,14611,16,,,0,15,,14645,16,,,0,60,,14612,16,,,0,30,,14613,16,,,0,65,,14614,16,,,0,31,,14615,16,,,0,69,,14616,16,,,0,30,,14617,16,,,0,70,,14618,16,,,0,27,,14619,16,,,0,71,,14620,16,,,0,30,,14621,16,,,0,70,,14622,16,,,0,30,,14623,16,,,0,70,,14624,16,,,0,33,,14625,16,,,0,17,,14646,16,,,0,55,,14626,16,,,0,15,,14647,16,,,0,15,,14627,16,,,0,15,,14648,16,,,0,55,,14628,16,,,0,15,,14649,16,,,0,15,,14653,16,,,0,15,,14650,16,,,0,55,,14629,16,,,0,15,,14651,16,,,0,15,,14630,16,,,0,12,,14652,16,,,0,52,,14631,16,,,0,35,,14632,16,,,0,70,,14633,16,,,0,30,,14634,16,,,0,70,,14635,16,,,0,30,,14636,16,,,0,100,,14637,16,,,0,98,,14638,16,,,0,100,,14639,16,,,0,100,,14640,16,,,0
