5901,'259.0.1',643,,21660,21,,,0,100,,21661,21,,,0,100,,21662,21,,,0,100,,21663,21,,,0,102,,21664,21,,,0,100,,21665,21,,,0,100,,21666,21,,,0,100,,21667,21,,,0,100,,21668,21,,,0,100,,21669,21,,,0,100,,21670,21,,,0,100,,21671,21,,,0,98,,21672,21,,,0,100,,21673,21,,,0,100,,21674,21,,,0,100,,21675,21,,,0,100,,21676,21,,,0,100,,21677,21,,,0
5901,'259.0.2',743,,21678,21,,,0,100,,21679,21,,,0,100,,21680,21,,,0,102,,21681,21,,,0,100,,21682,21,,,0,100,,21683,21,,,0,100,,21684,21,,,0,100,,21685,21,,,0,100,,21686,21,,,0,100,,21687,21,,,0,100,,21688,21,,,0,98,,21689,21,,,0,100,,21690,21,,,0,100,,21691,21,,,0,100,,21692,21,,,0,100,,21693,21,,,0
5901,'259.0.3',925,,21694,21,,,0,100,,21695,21,,,0,100,,21696,21,,,0,100,,21697,21,,,0,101,,21698,21,,,0,100,,21699,21,,,0,100,,21700,21,,,0,30,,21701,21,,,0,61,,21702,21,,,0,24,,21703,21,,,0,63,,21704,21,,,0,22,,21705,21,,,0,19,,21706,21,,,0,13,,21715,21,,,0,57,,21707,21,,,0,18,,21708,21,,,0,101,,21709,21,,,0,100,,21710,21,,,0,100,,21711,21,,,0,100,,21712,21,,,0,100,,21713,21,,,0,100,,21714,21,,,0
6300,'259.0.1',813,,21930,29,,,0,100,,21931,29,,,0,100,,21932,29,,,0,100,,21933,29,,,0,100,,21934,29,,,0,100,,21935,29,,,0,100,,21936,29,,,0,101,,21937,29,,,0,100,,21938,29,,,0,100,,21939,29,,,0,100,,21940,29,,,0,100,,21941,29,,,0,97,,21942,29,,,0,99,,21943,29,,,0,100,,21944,29,,,0,100,,21945,29,,,0
6300,'259.0.2',742,,21946,29,,,0,100,,21947,29,,,0,100,,21948,29,,,0,100,,21949,29,,,0,100,,21950,29,,,0,100,,21951,29,,,0,100,,21952,29,,,0,100,,21953,29,,,0,98,,21954,29,,,0,100,,21955,29,,,0,100,,21956,29,,,0,100,,21957,29,,,0,100,,21958,29,,,0,100,,21959,29,,,0,100,,21960,29,,,0
6300,'259.0.3',706,,21961,29,,,0,30,,21962,29,,,0,70,,21963,29,,,0,30,,21964,29,,,0,70,,21965,29,,,0,30,,21966,29,,,0,70,,21967,29,,,0,16,,21968,29,,,0,100,,21969,29,,,0,100,,21970,29,,,0,100,,21971,29,,,0,100,,21972,29,,,0,101,,21973,29,,,0,115,,21974,29,,,0,70,,21975,29,,,0,28,,21976,29,,,0,70,,21977,29,,,0,30,,21978,29,,,0,69,,21979,29,,,0,30,,21980,29,,,0,100,,21981,29,,,0,100,,21982,29,,,0,100,,21983,29,,,0
6801,'259.0.1',630,,22372,27,,,0,100,,22373,27,,,0,100,,22374,27,,,0,100,,22375,27,,,0,101,,22376,27,,,0,101,,22377,27,,,0,100,,22378,27,,,0,100,,22379,27,,,0,100,,22380,27,,,0,100,,22381,27,,,0,100,,22382,27,,,0,100,,22383,27,,,0,100,,22384,27,,,0,100,,22385,27,,,0,99,,22386,27,,,0,100,,22387,27,,,0,100,,22388,27,,,0,100,,22389,27,,,0,100,,22390,27,,,0
6801,'259.0.2',730,,22391,27,,,0,100,,22392,27,,,0,100,,22393,27,,,0,100,,22394,27,,,0,100,,22395,27,,,0,101,,22396,27,,,0,101,,22397,27,,,0,100,,22398,27,,,0,100,,22399,27,,,0,100,,22400,27,,,0,100,,22401,27,,,0,100,,22402,27,,,0,99,,22403,27,,,0,99,,22404,27,,,0,100,,22405,27,,,0,100,,22406,27,,,0
6801,'259.0.3',954,,22407,27,,,0,100,,22408,27,,,0,100,,22409,27,,,0,100,,22410,27,,,0,102,,22411,27,,,0,100,,22412,27,,,0,100,,22413,27,,,0,81,,22414,27,,,0,76,,22415,27,,,0,32,,22416,27,,,0,69,,22417,27,,,0,23,,22418,27,,,0,66,,22419,27,,,0,119,,22420,27,,,0,100,,22421,27,,,0,100,,22422,27,,,0,100,,22423,27,,,0,100,,22424,27,,,0
15901,'259.0.3',554,,23814,20,,,0,60,,23822,20,,,0,20,,23815,20,,,0,20,,23816,20,,,0,60,,23817,20,,,0,20,,23818,20,,,0,20,,23819,20,,,0,61,,23820,20,,,0,19,,23821,20,,,0
40100,'259.0.1',755,,24101,44,,,0,501,,24102,44,,,0,600,,24103,44,,,0
40100,'259.0.2',755,,24104,44,,,0,501,,24105,44,,,0,600,,24106,44,,,0
40100,'259.0.3',620,,24108,44,,,0,136,,24112,44,,,0,175,,24113,44,,,0,175,,24110,44,,,0,615,,24107,44,,,0,179,,24111,44,,,0,139,,24109,44,,,0
1016801,'259.0.3',621,,25098,23,,,0,30,,25099,23,,,0,70,,25100,23,,,0,30,,25101,23,,,0,70,,25102,23,,,0,30,,25103,23,,,0
2016801,'259.0.3',608,,26121,28,,,0,30,,26122,28,,,0,70,,26123,28,,,0,30,,26124,28,,,0,70,,26125,28,,,0,30,,26126,28,,,0
