2400,'259.0.1',607,,20011,15,,,0,30,,20012,15,,,0,70,,20013,15,,,0,30,,20014,15,,,0,70,,20015,15,,,0,30,,20016,15,,,0,70,,20017,15,,,0,30,,20018,15,,,0,71,,20019,15,,,0,30,,20020,15,,,0,70,,20021,15,,,0,30,,20022,15,,,0,70,,20023,15,,,0,30,,20024,15,,,0,70,,20025,15,,,0,30,,20026,15,,,0,70,,20027,15,,,0,30,,20028,15,,,0,70,,20029,15,,,0,30,,20030,15,,,0,70,,20031,15,,,0,30,,20032,15,,,0,70,,20033,15,,,0,30,,20034,15,,,0,70,,20035,15,,,0,29,,20036,15,,,0,70,,20037,15,,,0,30,,20038,15,,,0,70,,20039,15,,,0,30,,20040,15,,,0,70,,20041,15,,,0,30,,20042,15,,,0,70,,20043,15,,,0,30,,20044,15,,,0,70,,20045,15,,,0,30,,20046,15,,,0
2400,'259.0.2',607,,20047,15,,,0,30,,20048,15,,,0,70,,20049,15,,,0,30,,20050,15,,,0,70,,20051,15,,,0,30,,20052,15,,,0,70,,20053,15,,,0,31,,20054,15,,,0,70,,20055,15,,,0,30,,20056,15,,,0,70,,20057,15,,,0,30,,20058,15,,,0,70,,20059,15,,,0,30,,20060,15,,,0,70,,20061,15,,,0,30,,20062,15,,,0,70,,20063,15,,,0,30,,20064,15,,,0,70,,20065,15,,,0,30,,20066,15,,,0,70,,20067,15,,,0,30,,20068,15,,,0,70,,20069,15,,,0,30,,20070,15,,,0,70,,20071,15,,,0,29,,20072,15,,,0,70,,20073,15,,,0,30,,20074,15,,,0,70,,20075,15,,,0,30,,20076,15,,,0,70,,20077,15,,,0,30,,20078,15,,,0,70,,20079,15,,,0,30,,20080,15,,,0,70,,20081,15,,,0,30,,20082,15,,,0
2400,'259.0.3',609,,20083,15,,,0,30,,20084,15,,,0,66,,20085,15,,,0,29,,20086,15,,,0,70,,20087,15,,,0,34,,20088,15,,,0,70,,20089,15,,,0,30,,20090,15,,,0,70,,20091,15,,,0,30,,20092,15,,,0,70,,20093,15,,,0,30,,20094,15,,,0,70,,20095,15,,,0,30,,20096,15,,,0,70,,20097,15,,,0,30,,20098,15,,,0,70,,20099,15,,,0,30,,20100,15,,,0,70,,20101,15,,,0,30,,20102,15,,,0,70,,20103,15,,,0,30,,20104,15,,,0,70,,20105,15,,,0,30,,20106,15,,,0,70,,20107,15,,,0,30,,20108,15,,,0,69,,20109,15,,,0,30,,20110,15,,,0,70,,20111,15,,,0,30,,20112,15,,,0,70,,20113,15,,,0,30,,20114,15,,,0,70,,20115,15,,,0,30,,20116,15,,,0,70,,20117,15,,,0,30,,20118,15,,,0
12700,'259.0.3',621,,23720,9,,,0,18,,23721,9,,,0,19,,23722,9,,,0,48,,23723,9,,,0,8,,23724,9,,,0,17,,23725,9,,,0,13,,23726,9,,,0,15,,23727,9,,,0,45,,23728,9,,,0
1000901,'259.0.1',651,,24620,20,,,0,100,,24621,20,,,0,100,,24622,20,,,0,100,,24623,20,,,0,100,,24624,20,,,0,100,,24625,20,,,0,100,,24626,20,,,0,100,,24627,20,,,0,100,,24628,20,,,0,100,,24629,20,,,0,100,,24630,20,,,0,99,,24631,20,,,0,100,,24632,20,,,0,100,,24633,20,,,0,99,,24634,20,,,0,100,,24635,20,,,0,100,,24636,20,,,0,100,,24637,20,,,0
1000901,'259.0.2',650,,24638,20,,,0,98,,24639,20,,,0,102,,24640,20,,,0,100,,24641,20,,,0,100,,24642,20,,,0,100,,24643,20,,,0,100,,24644,20,,,0,100,,24645,20,,,0,100,,24646,20,,,0,100,,24647,20,,,0,100,,24648,20,,,0,100,,24649,20,,,0,100,,24650,20,,,0,100,,24651,20,,,0,98,,24652,20,,,0,100,,24653,20,,,0,100,,24654,20,,,0,101,,24655,20,,,0
1000901,'259.0.3',536,,24656,20,,,0,67,,24657,20,,,0,25,,24658,20,,,0,10,,24659,20,,,0,5,,24660,20,,,0,15,,24661,20,,,0,52,,24662,20,,,0,5,,24663,20,,,0,15,,24664,20,,,0,10,,24665,20,,,0,60,,24666,20,,,0,10,,24667,20,,,0,20,,24668,20,,,0,9,,24669,20,,,0,18,,24670,20,,,0,50,,24671,20,,,0,25,,24672,20,,,0,15,,24673,20,,,0,55,,24674,20,,,0,30,,24675,20,,,0,15,,24676,20,,,0,55,,24677,20,,,0,30,,24678,20,,,0,15,,24679,20,,,0,55,,24680,20,,,0,30,,24681,20,,,0,15,,24682,20,,,0,55,,24683,20,,,0,30,,24684,20,,,0,15,,24685,20,,,0,55,,24686,20,,,0,30,,24687,20,,,0,15,,24688,20,,,0,55,,24689,20,,,0,30,,24690,20,,,0,25,,24691,20,,,0,45,,24692,20,,,0,25,,24693,20,,,0,10,,24694,20,,,0,20,,24695,20,,,0,50,,24696,20,,,0,20,,24697,20,,,0,10,,24698,20,,,0,20,,24699,20,,,0,50,,24700,20,,,0,18,,24701,20,,,0,10,,24702,20,,,0,65,,24703,20,,,0,30,,24704,20,,,0,71,,24705,20,,,0,29,,24706,20,,,0,70,,24707,20,,,0,30,,24708,20,,,0,70,,24709,20,,,0,35,,24710,20,,,0,20,,24711,20,,,0,80,,24712,20,,,0,20,,24713,20,,,0,80,,24714,20,,,0,20,,24715,20,,,0
2000901,'259.0.1',621,,25643,36,,,0,100,,25644,36,,,0,99,,25645,36,,,0,101,,25646,36,,,0,100,,25647,36,,,0,100,,25648,36,,,0,100,,25649,36,,,0,100,,25650,36,,,0,100,,25651,36,,,0,100,,25652,36,,,0,100,,25653,36,,,0,100,,25654,36,,,0,99,,25655,36,,,0,100,,25656,36,,,0,99,,25657,36,,,0,100,,25658,36,,,0,100,,25659,36,,,0,100,,25660,36,,,0,100,,25661,36,,,0
2000901,'259.0.2',620,,25662,36,,,0,100,,25663,36,,,0,98,,25664,36,,,0,102,,25665,36,,,0,100,,25666,36,,,0,100,,25667,36,,,0,100,,25668,36,,,0,100,,25669,36,,,0,100,,25670,36,,,0,100,,25671,36,,,0,100,,25672,36,,,0,100,,25673,36,,,0,100,,25674,36,,,0,100,,25675,36,,,0,98,,25676,36,,,0,100,,25677,36,,,0,100,,25678,36,,,0,100,,25679,36,,,0,100,,25680,36,,,0
2000901,'259.0.3',548,,25681,36,,,0,70,,25682,36,,,0,30,,25683,36,,,0,72,,25684,36,,,0,30,,25685,36,,,0,70,,25686,36,,,0,28,,25687,36,,,0,69,,25688,36,,,0,100,,25689,36,,,0,100,,25690,36,,,0,100,,25691,36,,,0,100,,25692,36,,,0,100,,25693,36,,,0,100,,25694,36,,,0,30,,25695,36,,,0,70,,25696,36,,,0,30,,25697,36,,,0,70,,25698,36,,,0,30,,25699,36,,,0,69,,25700,36,,,0,29,,25701,36,,,0,70,,25702,36,,,0,30,,25703,36,,,0,70,,25704,36,,,0,30,,25705,36,,,0,70,,25706,36,,,0,24,,25707,36,,,0,70,,25708,36,,,0,100,,25709,36,,,0,100,,25710,36,,,0
