401,'244.0.1',631,,10099,37,,,0,100,,10100,37,,,0,100,,10101,37,,,0,70,,10102,37,,,0,30,,10103,37,,,0,70,,10104,37,,,0,30,,10105,37,,,0,71,,10106,37,,,0,33,,10107,37,,,0,70,,10108,37,,,0,30,,10109,37,,,0,70,,10110,37,,,0,30,,10111,37,,,0,70,,10112,37,,,0,30,,10113,37,,,0,70,,10114,37,,,0,30,,10115,37,,,0,70,,10116,37,,,0,30,,10117,37,,,0,70,,10118,37,,,0,30,,10119,37,,,0,70,,10120,37,,,0,28,,10121,37,,,0,70,,10122,37,,,0,30,,10123,37,,,0,70,,10124,37,,,0,30,,10125,37,,,0,70,,10126,37,,,0,30,,10127,37,,,0,69,,10128,37,,,0,27,,10129,37,,,0,100,,10130,37,,,0,100,,10131,37,,,0
401,'244.0.2',731,,10132,37,,,0,70,,10133,37,,,0,30,,10134,37,,,0,70,,10135,37,,,0,30,,10136,37,,,0,70,,10137,37,,,0,30,,10138,37,,,0,71,,10139,37,,,0,29,,10140,37,,,0,70,,10141,37,,,0,30,,10142,37,,,0,70,,10143,37,,,0,30,,10144,37,,,0,70,,10145,37,,,0,30,,10146,37,,,0,70,,10147,37,,,0,30,,10148,37,,,0,70,,10149,37,,,0,30,,10150,37,,,0,70,,10151,37,,,0,30,,10152,37,,,0,70,,10153,37,,,0,30,,10154,37,,,0,70,,10155,37,,,0,30,,10156,37,,,0,71,,10157,37,,,0,27,,10158,37,,,0,100,,10159,37,,,0,100,,10160,37,,,0,100,,10161,37,,,0,100,,10162,37,,,0
401,'244.0.3',610,,10163,37,,,0,15,,10164,37,,,0,15,,10165,37,,,0,15,,10166,37,,,0,59,,10167,37,,,0,20,,10168,37,,,0,8,,10169,37,,,0,8,,10170,37,,,0,8,,10171,37,,,0,48,,10172,37,,,0,8,,10173,37,,,0,8,,10174,37,,,0,8,,10175,37,,,0,8,,10176,37,,,0,8,,10177,37,,,0,8,,10178,37,,,0,48,,10179,37,,,0,8,,10180,37,,,0,7,,10181,37,,,0,6,,10182,37,,,0,8,,10183,37,,,0,8,,10184,37,,,0,8,,10185,37,,,0,8,,10186,37,,,0,48,,10187,37,,,0,8,,10188,37,,,0,8,,10189,37,,,0,8,,10190,37,,,0,8,,10191,37,,,0,11,,10192,37,,,0,55,,10193,37,,,0,15,,10194,37,,,0,15,,10195,37,,,0,15,,10196,37,,,0,55,,10197,37,,,0,15,,10198,37,,,0,15,,10199,37,,,0,15,,10200,37,,,0,55,,10201,37,,,0,15,,10202,37,,,0,15,,10203,37,,,0,15,,10204,37,,,0,55,,10205,37,,,0,15,,10206,37,,,0,15,,10207,37,,,0,15,,10208,37,,,0,55,,10209,37,,,0,15,,10210,37,,,0,17,,10211,37,,,0,18,,10212,37,,,0,55,,10213,37,,,0,15,,10214,37,,,0,15,,10215,37,,,0,15,,10216,37,,,0,55,,10217,37,,,0,15,,10218,37,,,0,15,,10219,37,,,0,15,,10220,37,,,0,53,,10221,37,,,0,12,,10222,37,,,0,11,,10223,37,,,0,15,,10224,37,,,0,15,,10225,37,,,0,60,,10226,37,,,0,20,,10227,37,,,0,20,,10228,37,,,0,60,,10229,37,,,0,20,,10230,37,,,0,20,,10231,37,,,0,60,,10232,37,,,0,20,,10233,37,,,0,20,,10234,37,,,0,59,,10235,37,,,0,28,,10236,37,,,0,70,,10237,37,,,0,30,,10238,37,,,0,70,,10239,37,,,0,30,,10240,37,,,0,70,,10241,37,,,0
1001001,'244.0.3',649,,15933,15,,,0,65,,15934,15,,,0,20,,15935,15,,,0,20,,15936,15,,,0,60,,15937,15,,,0,20,,15938,15,,,0,20,,15939,15,,,0,56,,15940,15,,,0,20,,15941,15,,,0,509,,15942,15,,,0,15,,15943,15,,,0,64,,15944,15,,,0,21,,15945,15,,,0,20,,15946,15,,,0,60,,15947,15,,,0,20,,15948,15,,,0,65,,15949,15,,,0,24,,15950,15,,,0,22,,15951,15,,,0,60,,15952,15,,,0,9,,15953,15,,,0,20,,15954,15,,,0
2001001,'244.0.1',658,,16998,26,,,0,94,,16999,26,,,0,88,,17000,26,,,0,72,,17001,26,,,0,30,,17002,26,,,0,71,,17003,26,,,0,33,,17004,26,,,0,71,,17005,26,,,0,31,,17006,26,,,0,72,,17007,26,,,0,33,,17008,26,,,0,72,,17009,26,,,0,30,,17010,26,,,0,70,,17011,26,,,0,30,,17012,26,,,0,70,,17013,26,,,0,30,,17014,26,,,0,70,,17015,26,,,0,30,,17016,26,,,0,70,,17017,26,,,0,30,,17018,26,,,0,70,,17019,26,,,0,30,,17020,26,,,0,66,,17021,26,,,0,26,,17022,26,,,0,70,,17023,26,,,0,30,,17024,26,,,0,100,,17025,26,,,0,99,,17026,26,,,0,99,,17027,26,,,0,100,,17028,26,,,0
2001001,'244.0.2',651,,17029,26,,,0,92,,17030,26,,,0,90,,17031,26,,,0,72,,17032,26,,,0,32,,17033,26,,,0,72,,17034,26,,,0,32,,17035,26,,,0,72,,17036,26,,,0,31,,17037,26,,,0,71,,17038,26,,,0,30,,17039,26,,,0,70,,17040,26,,,0,30,,17041,26,,,0,70,,17042,26,,,0,32,,17043,26,,,0,71,,17044,26,,,0,30,,17045,26,,,0,70,,17046,26,,,0,30,,17047,26,,,0,69,,17048,26,,,0,30,,17049,26,,,0,69,,17050,26,,,0,30,,17051,26,,,0,101,,17052,26,,,0,100,,17053,26,,,0,100,,17054,26,,,0,100,,17055,26,,,0,100,,17056,26,,,0,100,,17057,26,,,0
2001001,'244.0.3',610,,17058,26,,,0,30,,17059,26,,,0,64,,17060,26,,,0,23,,17061,26,,,0,22,,17096,26,,,0,60,,17062,26,,,0,20,,17063,26,,,0,20,,17064,26,,,0,60,,17065,26,,,0,50,,17066,26,,,0,60,,17067,26,,,0,24,,17068,26,,,0,72,,17069,26,,,0,31,,17070,26,,,0,70,,17071,26,,,0,30,,17072,26,,,0,70,,17073,26,,,0,30,,17074,26,,,0,79,,17075,26,,,0,21,,17076,26,,,0,64,,17077,26,,,0,15,,17078,26,,,0,21,,17079,26,,,0,60,,17080,26,,,0,20,,17081,26,,,0,21,,17082,26,,,0,64,,17083,26,,,0,25,,17084,26,,,0,21,,17085,26,,,0,60,,17086,26,,,0,9,,17087,26,,,0,20,,17088,26,,,0,70,,17089,26,,,0,24,,17090,26,,,0,72,,17091,26,,,0,30,,17092,26,,,0,70,,17093,26,,,0,30,,17094,26,,,0,70,,17095,26,,,0
3001001,'244.0.1',628,,17558,34,,,0,94,,17559,34,,,0,100,,17560,34,,,0,35,,17561,34,,,0,70,,17562,34,,,0,30,,17563,34,,,0,70,,17564,34,,,0,74,,17565,34,,,0,32,,17566,34,,,0,71,,17567,34,,,0,32,,17568,34,,,0,74,,17569,34,,,0,30,,17570,34,,,0,70,,17571,34,,,0,30,,17572,34,,,0,70,,17573,34,,,0,30,,17574,34,,,0,70,,17575,34,,,0,30,,17576,34,,,0,70,,17577,34,,,0,30,,17578,34,,,0,70,,17579,34,,,0,30,,17580,34,,,0,69,,17581,34,,,0,24,,17582,34,,,0,68,,17583,34,,,0,30,,17584,34,,,0,100,,17585,34,,,0,96,,17586,34,,,0,94,,17587,34,,,0,100,,17588,34,,,0
3001001,'244.0.2',626,,17590,34,,,0,90,,17591,34,,,0,100,,17592,34,,,0,30,,17593,34,,,0,70,,17594,34,,,0,30,,17595,34,,,0,74,,17596,34,,,0,33,,17597,34,,,0,74,,17598,34,,,0,30,,17599,34,,,0,70,,17600,34,,,0,31,,17601,34,,,0,71,,17602,34,,,0,30,,17603,34,,,0,70,,17604,34,,,0,30,,17605,34,,,0,73,,17606,34,,,0,70,,17607,34,,,0,30,,17608,34,,,0,70,,17609,34,,,0,30,,17610,34,,,0,70,,17611,34,,,0,30,,17612,34,,,0,69,,17613,34,,,0,27,,17614,34,,,0,100,,17615,34,,,0,94,,17616,34,,,0,100,,17617,34,,,0,100,,17618,34,,,0
3001001,'244.0.3',555,,17620,34,,,0,70,,17621,34,,,0,32,,17622,34,,,0,65,,17623,34,,,0,22,,17624,34,,,0,60,,17625,34,,,0,18,,17626,34,,,0,19,,17627,34,,,0,60,,17628,34,,,0,16,,17629,34,,,0,32,,17630,34,,,0,60,,17631,34,,,0,20,,17632,34,,,0,28,,17633,34,,,0,74,,17634,34,,,0,70,,17635,34,,,0,30,,17636,34,,,0,70,,17637,34,,,0,30,,17638,34,,,0,70,,17639,34,,,0,30,,17640,34,,,0,70,,17641,34,,,0,30,,17642,34,,,0,21,,17643,34,,,0,60,,17644,34,,,0,20,,17645,34,,,0,21,,17646,34,,,0,67,,17647,34,,,0,23,,17648,34,,,0,60,,17649,34,,,0,20,,17650,34,,,0,18,,17651,34,,,0,16,,17652,34,,,0,57,,17653,34,,,0,11,,17654,34,,,0,12,,17655,34,,,0,19,,17656,34,,,0,79,,17657,34,,,0,70,,17658,34,,,0,30,,17659,34,,,0,70,,17660,34,,,0,30,,17661,34,,,0,68,,17662,34,,,0,24,,17663,34,,,0
