200,'259.0.1',625,,18165,26,,,0,100,,18166,26,,,0,100,,18167,26,,,0,15,,18168,26,,,0,15,,18169,26,,,0,55,,18170,26,,,0,15,,18171,26,,,0,15,,18172,26,,,0,15,,18173,26,,,0,55,,18174,26,,,0,15,,18175,26,,,0,15,,18176,26,,,0,16,,18177,26,,,0,56,,18178,26,,,0,15,,18179,26,,,0,15,,18180,26,,,0,15,,18181,26,,,0,55,,18182,26,,,0,15,,18183,26,,,0,15,,18184,26,,,0,15,,18185,26,,,0,55,,18186,26,,,0,15,,18187,26,,,0,15,,18188,26,,,0,15,,18189,26,,,0,55,,18190,26,,,0,15,,18191,26,,,0,15,,18192,26,,,0,15,,18193,26,,,0,55,,18194,26,,,0,15,,18195,26,,,0,15,,18196,26,,,0,15,,18197,26,,,0,55,,18198,26,,,0,15,,18199,26,,,0,15,,18200,26,,,0,15,,18201,26,,,0,55,,18202,26,,,0,15,,18203,26,,,0,15,,18204,26,,,0,15,,18205,26,,,0,55,,18206,26,,,0,15,,18207,26,,,0,15,,18208,26,,,0,15,,18209,26,,,0,55,,18210,26,,,0,15,,18211,26,,,0,15,,18212,26,,,0,70,,18213,26,,,0,30,,18214,26,,,0,69,,18215,26,,,0,29,,18216,26,,,0,70,,18217,26,,,0,30,,18218,26,,,0,70,,18219,26,,,0,30,,18220,26,,,0,70,,18221,26,,,0,30,,18222,26,,,0
200,'259.0.2',613,,18223,26,,,0,100,,18224,26,,,0,100,,18225,26,,,0,30,,18226,26,,,0,60,,18227,26,,,0,20,,18228,26,,,0,20,,18229,26,,,0,60,,18230,26,,,0,20,,18231,26,,,0,20,,18232,26,,,0,63,,18233,26,,,0,20,,18234,26,,,0,20,,18235,26,,,0,60,,18236,26,,,0,20,,18237,26,,,0,20,,18238,26,,,0,60,,18239,26,,,0,20,,18240,26,,,0,20,,18241,26,,,0,60,,18242,26,,,0,20,,18243,26,,,0,20,,18244,26,,,0,60,,18245,26,,,0,20,,18246,26,,,0,20,,18247,26,,,0,60,,18248,26,,,0,20,,18249,26,,,0,20,,18250,26,,,0,60,,18251,26,,,0,20,,18252,26,,,0,20,,18253,26,,,0,60,,18254,26,,,0,20,,18255,26,,,0,26,,18256,26,,,0,70,,18257,26,,,0,30,,18258,26,,,0,70,,18259,26,,,0,30,,18260,26,,,0,70,,18261,26,,,0,30,,18262,26,,,0,70,,18263,26,,,0,30,,18264,26,,,0,70,,18265,26,,,0,30,,18266,26,,,0,70,,18267,26,,,0
200,'259.0.3',555,,18268,26,,,0,70,,18269,26,,,0,30,,18270,26,,,0,55,,18271,26,,,0,15,,18272,26,,,0,16,,18273,26,,,0,17,,18274,26,,,0,55,,18275,26,,,0,15,,18276,26,,,0,15,,18277,26,,,0,15,,18278,26,,,0,55,,18279,26,,,0,14,,18280,26,,,0,15,,18281,26,,,0,15,,18282,26,,,0,55,,18283,26,,,0,15,,18284,26,,,0,15,,18285,26,,,0,15,,18286,26,,,0,55,,18287,26,,,0,15,,18288,26,,,0,15,,18289,26,,,0,15,,18290,26,,,0,55,,18291,26,,,0,17,,18292,26,,,0,15,,18293,26,,,0,15,,18294,26,,,0,55,,18295,26,,,0,15,,18296,26,,,0,15,,18297,26,,,0,15,,18298,26,,,0,55,,18299,26,,,0,15,,18300,26,,,0,15,,18301,26,,,0,15,,18302,26,,,0,55,,18303,26,,,0,19,,18304,26,,,0,17,,18305,26,,,0,55,,18306,26,,,0,15,,18307,26,,,0,15,,18308,26,,,0,15,,18309,26,,,0,55,,18310,26,,,0,15,,18311,26,,,0,15,,18312,26,,,0,15,,18313,26,,,0,50,,18314,26,,,0,11,,18315,26,,,0,15,,18316,26,,,0,15,,18317,26,,,0,15,,18318,26,,,0,55,,18319,26,,,0,30,,18320,26,,,0,70,,18321,26,,,0,30,,18322,26,,,0,70,,18323,26,,,0,30,,18324,26,,,0,70,,18325,26,,,0,30,,18326,26,,,0,70,,18327,26,,,0,30,,18328,26,,,0,70,,18329,26,,,0,30,,18330,26,,,0
800,'259.0.1',559,,19386,28,,,0,70,,19387,28,,,0,30,,19388,28,,,0,70,,19389,28,,,0,30,,19390,28,,,0,63,,19391,28,,,0,22,,19392,28,,,0,70,,19393,28,,,0,30,,19394,28,,,0,70,,19395,28,,,0,30,,19396,28,,,0,69,,19397,28,,,0,30,,19398,28,,,0,70,,19399,28,,,0,30,,19400,28,,,0,70,,19401,28,,,0,30,,19402,28,,,0,70,,19403,28,,,0,32,,19404,28,,,0,70,,19405,28,,,0,30,,19406,28,,,0,70,,19407,28,,,0,30,,19408,28,,,0,70,,19409,28,,,0,30,,19410,28,,,0,70,,19411,28,,,0,30,,19412,28,,,0,70,,19413,28,,,0,30,,19414,28,,,0,70,,19415,28,,,0,30,,19416,28,,,0,70,,19417,28,,,0,30,,19418,28,,,0,70,,19419,28,,,0,27,,19420,28,,,0,69,,19421,28,,,0,30,,19422,28,,,0,100,,19423,28,,,0
800,'259.0.2',618,,19424,28,,,0,30,,19425,28,,,0,70,,19426,28,,,0,30,,19427,28,,,0,70,,19428,28,,,0,30,,19429,28,,,0,70,,19430,28,,,0,30,,19431,28,,,0,70,,19432,28,,,0,33,,19433,28,,,0,70,,19434,28,,,0,25,,19435,28,,,0,71,,19436,28,,,0,32,,19437,28,,,0,70,,19438,28,,,0,30,,19439,28,,,0,70,,19440,28,,,0,30,,19441,28,,,0,70,,19442,28,,,0,30,,19443,28,,,0,70,,19444,28,,,0,35,,19445,28,,,0,69,,19446,28,,,0,30,,19447,28,,,0,70,,19448,28,,,0,29,,19449,28,,,0,68,,19450,28,,,0,30,,19451,28,,,0,69,,19452,28,,,0,29,,19453,28,,,0,70,,19454,28,,,0,30,,19455,28,,,0,70,,19456,28,,,0,30,,19457,28,,,0,100,,19458,28,,,0,100,,19459,28,,,0
800,'259.0.3',549,,19462,28,,,0,70,,19463,28,,,0,30,,19464,28,,,0,75,,19465,28,,,0,32,,19466,28,,,0,71,,19467,28,,,0,30,,19468,28,,,0,70,,19469,28,,,0,30,,19470,28,,,0,60,,19471,28,,,0,20,,19472,28,,,0,20,,19473,28,,,0,60,,19474,28,,,0,20,,19475,28,,,0,20,,19476,28,,,0,60,,19477,28,,,0,20,,19478,28,,,0,20,,19479,28,,,0,60,,19480,28,,,0,20,,19481,28,,,0,20,,19482,28,,,0,60,,19483,28,,,0,20,,19484,28,,,0,20,,19485,28,,,0,67,,19486,28,,,0,24,,19487,28,,,0,60,,19488,28,,,0,20,,19489,28,,,0,20,,19490,28,,,0,60,,19491,28,,,0,20,,19492,28,,,0,20,,19493,28,,,0,60,,19494,28,,,0,26,,19495,28,,,0,10,,19510,28,,,0,10,,19496,28,,,0,70,,19497,28,,,0,30,,19498,28,,,0,70,,19499,28,,,0,30,,19500,28,,,0,68,,19501,28,,,0,29,,19502,28,,,0,70,,19503,28,,,0,30,,19504,28,,,0,70,,19505,28,,,0,30,,19506,28,,,0,70,,19507,28,,,0,30,,19508,28,,,0,70,,19509,28,,,0
2800,'259.0.1',712,,20355,7,,,0,30,,20356,7,,,0,70,,20357,7,,,0,30,,20358,7,,,0,70,,20359,7,,,0,30,,20360,7,,,0,70,,20361,7,,,0,31,,20362,7,,,0,70,,20363,7,,,0,30,,20364,7,,,0,70,,20365,7,,,0,30,,20366,7,,,0,70,,20367,7,,,0,30,,20368,7,,,0,70,,20369,7,,,0,30,,20370,7,,,0,70,,20371,7,,,0,30,,20372,7,,,0,70,,20373,7,,,0,30,,20374,7,,,0,70,,20375,7,,,0,30,,20376,7,,,0,70,,20377,7,,,0,29,,20378,7,,,0,70,,20379,7,,,0,30,,20380,7,,,0,70,,20381,7,,,0,30,,20382,7,,,0,70,,20383,7,,,0,30,,20384,7,,,0,70,,20385,7,,,0,30,,20386,7,,,0,70,,20387,7,,,0,30,,20388,7,,,0
2800,'259.0.2',731,,20389,7,,,0,100,,20390,7,,,0,100,,20391,7,,,0,100,,20392,7,,,0,100,,20393,7,,,0,100,,20394,7,,,0,100,,20395,7,,,0,100,,20396,7,,,0,100,,20397,7,,,0,100,,20398,7,,,0,100,,20399,7,,,0,100,,20400,7,,,0,100,,20401,7,,,0,100,,20402,7,,,0,100,,20403,7,,,0,100,,20404,7,,,0,100,,20405,7,,,0
2800,'259.0.3',624,,20406,7,,,0,30,,20407,7,,,0,70,,20408,7,,,0,30,,20409,7,,,0,70,,20410,7,,,0,30,,20411,7,,,0,70,,20412,7,,,0,30,,20413,7,,,0,70,,20414,7,,,0,30,,20415,7,,,0,68,,20416,7,,,0,30,,20417,7,,,0,70,,20418,7,,,0,30,,20419,7,,,0,70,,20420,7,,,0,30,,20421,7,,,0,70,,20422,7,,,0,30,,20423,7,,,0,72,,20424,7,,,0,30,,20425,7,,,0,70,,20426,7,,,0,30,,20427,7,,,0,70,,20428,7,,,0,33,,20429,7,,,0,67,,20430,7,,,0,30,,20431,7,,,0,70,,20432,7,,,0,30,,20433,7,,,0,70,,20434,7,,,0,100,,20435,7,,,0,100,,20436,7,,,0,100,,20437,7,,,0
9100,'259.0.1',715,,23578,7,,,0,100,,23579,7,,,0,100,,23580,7,,,0,100,,23581,7,,,0,100,,23582,7,,,0,100,,23583,7,,,0,100,,23584,7,,,0,100,,23585,7,,,0,100,,23586,7,,,0,100,,23587,7,,,0,100,,23588,7,,,0,100,,23589,7,,,0,100,,23590,7,,,0,100,,23591,7,,,0,100,,23592,7,,,0,100,,23593,7,,,0
9100,'259.0.2',744,,23594,7,,,0,100,,23595,7,,,0,100,,23596,7,,,0,100,,23597,7,,,0,100,,23598,7,,,0,100,,23599,7,,,0,100,,23600,7,,,0,100,,23601,7,,,0,100,,23602,7,,,0,100,,23603,7,,,0,100,,23604,7,,,0,100,,23605,7,,,0,100,,23606,7,,,0,100,,23607,7,,,0,100,,23608,7,,,0
9100,'259.0.3',625,,23609,7,,,0,24,,23610,7,,,0,66,,23611,7,,,0,36,,23612,7,,,0,69,,23613,7,,,0,31,,23614,7,,,0,100,,23615,7,,,0,103,,23616,7,,,0,100,,23617,7,,,0,99,,23618,7,,,0,100,,23619,7,,,0,100,,23620,7,,,0,70,,23621,7,,,0,30,,23622,7,,,0,70,,23623,7,,,0,30,,23624,7,,,0,70,,23625,7,,,0,31,,23626,7,,,0,70,,23627,7,,,0,99,,23628,7,,,0,100,,23629,7,,,0,100,,23630,7,,,0,100,,23631,7,,,0
