400,'259.0.1',600,,18780,15,,,0,100,,18781,15,,,0,100,,18782,15,,,0,30,,18783,15,,,0,70,,18784,15,,,0,30,,18785,15,,,0,72,,18786,15,,,0,30,,18787,15,,,0,70,,18788,15,,,0,30,,18789,15,,,0,70,,18790,15,,,0,30,,18791,15,,,0,70,,18792,15,,,0,30,,18793,15,,,0,70,,18794,15,,,0,30,,18795,15,,,0,70,,18796,15,,,0,30,,18797,15,,,0,70,,18798,15,,,0,30,,18799,15,,,0,70,,18800,15,,,0,30,,18801,15,,,0,70,,18802,15,,,0,30,,18803,15,,,0,70,,18804,15,,,0,30,,18805,15,,,0,70,,18806,15,,,0,30,,18807,15,,,0,69,,18808,15,,,0,29,,18809,15,,,0,70,,18810,15,,,0,100,,18811,15,,,0,100,,18812,15,,,0
400,'259.0.2',655,,18813,15,,,0,70,,18814,15,,,0,30,,18815,15,,,0,70,,18816,15,,,0,30,,18817,15,,,0,70,,18818,15,,,0,30,,18819,15,,,0,70,,18820,15,,,0,30,,18821,15,,,0,70,,18822,15,,,0,31,,18823,15,,,0,70,,18824,15,,,0,30,,18825,15,,,0,70,,18826,15,,,0,30,,18827,15,,,0,70,,18828,15,,,0,30,,18829,15,,,0,70,,18830,15,,,0,30,,18831,15,,,0,70,,18832,15,,,0,30,,18833,15,,,0,70,,18834,15,,,0,30,,18835,15,,,0,69,,18836,15,,,0,30,,18837,15,,,0,70,,18838,15,,,0,30,,18839,15,,,0,100,,18840,15,,,0,100,,18841,15,,,0,100,,18842,15,,,0,100,,18843,15,,,0
400,'259.0.3',610,,18844,15,,,0,20,,18845,15,,,0,20,,18846,15,,,0,60,,18847,15,,,0,15,,18848,15,,,0,17,,18849,15,,,0,15,,18850,15,,,0,55,,18851,15,,,0,15,,18852,15,,,0,15,,18853,15,,,0,15,,18854,15,,,0,55,,18855,15,,,0,15,,18856,15,,,0,15,,18857,15,,,0,15,,18858,15,,,0,55,,18859,15,,,0,15,,18860,15,,,0,15,,18861,15,,,0,15,,18862,15,,,0,55,,18863,15,,,0,15,,18864,15,,,0,17,,18865,15,,,0,15,,18866,15,,,0,55,,18867,15,,,0,15,,18868,15,,,0,15,,18869,15,,,0,15,,18870,15,,,0,55,,18871,15,,,0,10,,18872,15,,,0,10,,18873,15,,,0,10,,18874,15,,,0,10,,18875,15,,,0,50,,18876,15,,,0,10,,18877,15,,,0,8,,18878,15,,,0,8,,18879,15,,,0,8,,18880,15,,,0,8,,18881,15,,,0,8,,18882,15,,,0,48,,18883,15,,,0,8,,18884,15,,,0,8,,18885,15,,,0,8,,18886,15,,,0,8,,18887,15,,,0,8,,18888,15,,,0,8,,18889,15,,,0,8,,18890,15,,,0,48,,18891,15,,,0,8,,18892,15,,,0,8,,18893,15,,,0,8,,18894,15,,,0,8,,18895,15,,,0,8,,18896,15,,,0,8,,18897,15,,,0,56,,18898,15,,,0,8,,18899,15,,,0,8,,18900,15,,,0,8,,18901,15,,,0,8,,18902,15,,,0,8,,18903,15,,,0,9,,18904,15,,,0,53,,18905,15,,,0,15,,18906,15,,,0,15,,18907,15,,,0,60,,18908,15,,,0,20,,18909,15,,,0,20,,18910,15,,,0,60,,18911,15,,,0,20,,18912,15,,,0,20,,18913,15,,,0,60,,18914,15,,,0,18,,18915,15,,,0,20,,18916,15,,,0,60,,18917,15,,,0,30,,18918,15,,,0,70,,18919,15,,,0,30,,18920,15,,,0,70,,18921,15,,,0,30,,18922,15,,,0,70,,18923,15,,,0
400,'259.1141.3',1702,,18924,15,,,0
400,'259.1143.3',1702,,18925,15,,,0
800,'259.0.1',545,,19386,11,,,0,70,,19387,11,,,0,30,,19388,11,,,0,70,,19389,11,,,0,30,,19390,11,,,0,60,,19391,11,,,0,22,,19392,11,,,0,30,,19393,11,,,0,70,,19394,11,,,0,30,,19395,11,,,0,70,,19396,11,,,0,27,,19397,11,,,0,70,,19398,11,,,0,30,,19399,11,,,0,70,,19400,11,,,0,30,,19401,11,,,0,70,,19402,11,,,0,30,,19403,11,,,0,71,,19404,11,,,0,30,,19405,11,,,0,70,,19406,11,,,0,30,,19407,11,,,0,70,,19408,11,,,0,30,,19409,11,,,0,70,,19410,11,,,0,30,,19411,11,,,0,73,,19412,11,,,0,30,,19413,11,,,0,70,,19414,11,,,0,30,,19415,11,,,0,70,,19416,11,,,0,30,,19417,11,,,0,70,,19418,11,,,0,30,,19419,11,,,0,70,,19420,11,,,0,29,,19421,11,,,0,70,,19422,11,,,0,100,,19423,11,,,0
800,'259.0.2',602,,19424,11,,,0,30,,19425,11,,,0,70,,19426,11,,,0,30,,19427,11,,,0,70,,19428,11,,,0,30,,19429,11,,,0,70,,19430,11,,,0,30,,19431,11,,,0,70,,19432,11,,,0,31,,19433,11,,,0,70,,19434,11,,,0,25,,19435,11,,,0,30,,19436,11,,,0,71,,19437,11,,,0,30,,19438,11,,,0,70,,19439,11,,,0,30,,19440,11,,,0,70,,19441,11,,,0,30,,19442,11,,,0,70,,19443,11,,,0,30,,19444,11,,,0,75,,19445,11,,,0,70,,19446,11,,,0,30,,19447,11,,,0,70,,19448,11,,,0,30,,19449,11,,,0,69,,19450,11,,,0,30,,19451,11,,,0,70,,19452,11,,,0,29,,19453,11,,,0,70,,19454,11,,,0,30,,19455,11,,,0,70,,19456,11,,,0,30,,19457,11,,,0,100,,19458,11,,,0,100,,19459,11,,,0
800,'259.0.3',534,,19462,11,,,0,70,,19463,11,,,0,30,,19464,11,,,0,70,,19465,11,,,0,31,,19466,11,,,0,71,,19467,11,,,0,30,,19468,11,,,0,70,,19469,11,,,0,30,,19470,11,,,0,20,,19471,11,,,0,60,,19472,11,,,0,20,,19473,11,,,0,20,,19474,11,,,0,60,,19475,11,,,0,20,,19476,11,,,0,20,,19477,11,,,0,60,,19478,11,,,0,20,,19479,11,,,0,20,,19480,11,,,0,60,,19481,11,,,0,20,,19482,11,,,0,20,,19483,11,,,0,60,,19484,11,,,0,20,,19485,11,,,0,20,,19486,11,,,0,63,,19487,11,,,0,20,,19488,11,,,0,20,,19489,11,,,0,60,,19490,11,,,0,20,,19491,11,,,0,20,,19492,11,,,0,60,,19493,11,,,0,20,,19494,11,,,0,76,,19495,11,,,0,10,,19510,11,,,0,10,,19496,11,,,0,70,,19497,11,,,0,30,,19498,11,,,0,70,,19499,11,,,0,30,,19500,11,,,0,70,,19501,11,,,0,30,,19502,11,,,0,70,,19503,11,,,0,30,,19504,11,,,0,70,,19505,11,,,0,30,,19506,11,,,0,70,,19507,11,,,0,30,,19508,11,,,0,70,,19509,11,,,0
9000,'259.0.1',612,,23385,10,,,0,25,,23386,10,,,0,70,,23387,10,,,0,30,,23388,10,,,0,70,,23389,10,,,0,25,,23390,10,,,0,70,,23391,10,,,0,30,,23392,10,,,0,25,,23393,10,,,0,72,,23394,10,,,0,30,,23395,10,,,0,70,,23396,10,,,0,30,,23397,10,,,0,67,,23398,10,,,0,30,,23399,10,,,0,70,,23400,10,,,0,30,,23401,10,,,0,70,,23402,10,,,0,30,,23403,10,,,0,70,,23404,10,,,0,30,,23405,10,,,0,73,,23406,10,,,0,30,,23407,10,,,0,70,,23408,10,,,0,30,,23409,10,,,0,70,,23410,10,,,0,30,,23411,10,,,0,70,,23412,10,,,0,30,,23413,10,,,0,144,,23414,10,,,0,100,,23415,10,,,0,100,,23416,10,,,0,100,,23417,10,,,0
9000,'259.0.2',601,,23418,10,,,0,100,,23419,10,,,0,100,,23420,10,,,0,55,,23421,10,,,0,97,,23422,10,,,0,99,,23423,10,,,0,102,,23424,10,,,0,100,,23425,10,,,0,98,,23426,10,,,0,100,,23427,10,,,0,100,,23428,10,,,0,100,,23429,10,,,0,103,,23430,10,,,0,145,,23431,10,,,0,101,,23432,10,,,0,100,,23433,10,,,0,100,,23434,10,,,0,100,,23435,10,,,0
9000,'259.0.3',557,,23469,10,,,0,55,,23468,10,,,0,15,,23436,10,,,0,15,,23470,10,,,0,15,,23437,10,,,0,55,,23471,10,,,0,15,,23438,10,,,0,15,,23472,10,,,0,60,,23439,10,,,0,30,,23440,10,,,0,25,,23441,10,,,0,71,,23442,10,,,0,29,,23443,10,,,0,70,,23444,10,,,0,30,,23445,10,,,0,67,,23446,10,,,0,31,,23447,10,,,0,70,,23448,10,,,0,30,,23449,10,,,0,70,,23450,10,,,0,30,,23451,10,,,0,70,,23452,10,,,0,16,,23473,10,,,0,15,,23453,10,,,0,55,,23474,10,,,0,15,,23454,10,,,0,15,,23475,10,,,0,15,,23455,10,,,0,55,,23476,10,,,0,15,,23480,10,,,0,15,,23477,10,,,0,15,,23456,10,,,0,55,,23478,10,,,0,15,,23457,10,,,0,15,,23479,10,,,0,13,,23458,10,,,0,75,,23459,10,,,0,30,,23460,10,,,0,70,,23461,10,,,0,30,,23462,10,,,0,70,,23463,10,,,0,100,,23464,10,,,0,98,,23465,10,,,0,100,,23466,10,,,0,100,,23467,10,,,0
1000701,'259.0.1',629,,24368,16,,,0,20,,24369,16,,,0,60,,24370,16,,,0,20,,24371,16,,,0,20,,24372,16,,,0,60,,24373,16,,,0,20,,24374,16,,,0,21,,24375,16,,,0,60,,24376,16,,,0,20,,24377,16,,,0,20,,24378,16,,,0,60,,24379,16,,,0,20,,24380,16,,,0,20,,24381,16,,,0,62,,24382,16,,,0,20,,24383,16,,,0,20,,24384,16,,,0,60,,24385,16,,,0,20,,24386,16,,,0,20,,24387,16,,,0,60,,24388,16,,,0,20,,24389,16,,,0,20,,24390,16,,,0,60,,24391,16,,,0,20,,24392,16,,,0,20,,24393,16,,,0,60,,24394,16,,,0,20,,24395,16,,,0,20,,24396,16,,,0,60,,24397,16,,,0,20,,24398,16,,,0,20,,24399,16,,,0,60,,24400,16,,,0,19,,24401,16,,,0,20,,24402,16,,,0,60,,24403,16,,,0,20,,24404,16,,,0,20,,24405,16,,,0,60,,24406,16,,,0,19,,24407,16,,,0,20,,24408,16,,,0,60,,24409,16,,,0,20,,24410,16,,,0,20,,24411,16,,,0,60,,24412,16,,,0,20,,24413,16,,,0,20,,24414,16,,,0,60,,24415,16,,,0,20,,24416,16,,,0,20,,24417,16,,,0,60,,24418,16,,,0,20,,24419,16,,,0,20,,24420,16,,,0,60,,24421,16,,,0
1000701,'259.0.2',629,,24422,16,,,0,30,,24423,16,,,0,70,,24424,16,,,0,30,,24425,16,,,0,70,,24426,16,,,0,30,,24427,16,,,0,72,,24428,16,,,0,70,,24429,16,,,0,30,,24430,16,,,0,70,,24431,16,,,0,30,,24432,16,,,0,71,,24433,16,,,0,30,,24434,16,,,0,70,,24435,16,,,0,30,,24436,16,,,0,70,,24437,16,,,0,30,,24438,16,,,0,70,,24439,16,,,0,30,,24440,16,,,0,70,,24441,16,,,0,30,,24442,16,,,0,70,,24443,16,,,0,30,,24444,16,,,0,70,,24445,16,,,0,29,,24446,16,,,0,69,,24447,16,,,0,30,,24448,16,,,0,70,,24449,16,,,0,30,,24450,16,,,0,29,,24451,16,,,0,70,,24452,16,,,0,30,,24453,16,,,0,70,,24454,16,,,0,30,,24455,16,,,0,70,,24456,16,,,0,30,,24457,16,,,0
1000701,'259.0.3',614,,24458,16,,,0,15,,24459,16,,,0,15,,24460,16,,,0,15,,24461,16,,,0,55,,24462,16,,,0,17,,24463,16,,,0,21,,24464,16,,,0,55,,24465,16,,,0,15,,24466,16,,,0,15,,24467,16,,,0,15,,24468,16,,,0,55,,24469,16,,,0,15,,24470,16,,,0,15,,24471,16,,,0,15,,24472,16,,,0,52,,24473,16,,,0,14,,24474,16,,,0,15,,24475,16,,,0,15,,24476,16,,,0,55,,24477,16,,,0,15,,24478,16,,,0,15,,24479,16,,,0,15,,24480,16,,,0,55,,24481,16,,,0,15,,24482,16,,,0,15,,24483,16,,,0,15,,24484,16,,,0,55,,24485,16,,,0,15,,24486,16,,,0,15,,24487,16,,,0,15,,24488,16,,,0,55,,24489,16,,,0,15,,24490,16,,,0,15,,24491,16,,,0,15,,24492,16,,,0,57,,24493,16,,,0,17,,24494,16,,,0,15,,24495,16,,,0,15,,24496,16,,,0,55,,24497,16,,,0,15,,24498,16,,,0,15,,24499,16,,,0,15,,24500,16,,,0,55,,24501,16,,,0,15,,24502,16,,,0,13,,24503,16,,,0,13,,24504,16,,,0,55,,24505,16,,,0,13,,24506,16,,,0,15,,24507,16,,,0,15,,24508,16,,,0,55,,24509,16,,,0,15,,24510,16,,,0,15,,24511,16,,,0,15,,24512,16,,,0,13,,24513,16,,,0,55,,24514,16,,,0,15,,24515,16,,,0,15,,24516,16,,,0,15,,24517,16,,,0,55,,24518,16,,,0,15,,24519,16,,,0,15,,24520,16,,,0,15,,24521,16,,,0,53,,24522,16,,,0,15,,24523,16,,,0,15,,24524,16,,,0,15,,24525,16,,,0,55,,24526,16,,,0,30,,24527,16,,,0,70,,24528,16,,,0,30,,24529,16,,,0
