400,'244.0.1',554,,9953,6,,,0,100,,9954,6,,,0,100,,9955,6,,,0,70,,9956,6,,,0,30,,9957,6,,,0,70,,9958,6,,,0,31,,9959,6,,,0,70,,9960,6,,,0,30,,9961,6,,,0,70,,9962,6,,,0,30,,9963,6,,,0,70,,9964,6,,,0,30,,9965,6,,,0,70,,9966,6,,,0,30,,9967,6,,,0,70,,9968,6,,,0,30,,9969,6,,,0,70,,9970,6,,,0,30,,9971,6,,,0,70,,9972,6,,,0,30,,9973,6,,,0,70,,9974,6,,,0,30,,9975,6,,,0,70,,9976,6,,,0,30,,9977,6,,,0,70,,9978,6,,,0,30,,9979,6,,,0,70,,9980,6,,,0,30,,9981,6,,,0,69,,9982,6,,,0,30,,9983,6,,,0,100,,9984,6,,,0,100,,9985,6,,,0
400,'244.0.2',649,,9986,6,,,0,70,,9987,6,,,0,30,,9988,6,,,0,70,,9989,6,,,0,30,,9990,6,,,0,70,,9991,6,,,0,30,,9992,6,,,0,70,,9993,6,,,0,30,,9994,6,,,0,70,,9995,6,,,0,30,,9996,6,,,0,70,,9997,6,,,0,30,,9998,6,,,0,70,,9999,6,,,0,30,,10000,6,,,0,70,,10001,6,,,0,30,,10002,6,,,0,70,,10003,6,,,0,30,,10004,6,,,0,70,,10005,6,,,0,30,,10006,6,,,0,70,,10007,6,,,0,30,,10008,6,,,0,70,,10009,6,,,0,30,,10010,6,,,0,70,,10011,6,,,0,30,,10012,6,,,0,100,,10013,6,,,0,100,,10014,6,,,0,100,,10015,6,,,0,100,,10016,6,,,0
400,'244.0.3',604,,10017,6,,,0,20,,10018,6,,,0,20,,10019,6,,,0,60,,10020,6,,,0,15,,10021,6,,,0,15,,10022,6,,,0,15,,10023,6,,,0,55,,10024,6,,,0,15,,10025,6,,,0,15,,10026,6,,,0,15,,10027,6,,,0,55,,10028,6,,,0,15,,10029,6,,,0,15,,10030,6,,,0,15,,10031,6,,,0,55,,10032,6,,,0,15,,10033,6,,,0,15,,10034,6,,,0,15,,10035,6,,,0,55,,10036,6,,,0,15,,10037,6,,,0,16,,10038,6,,,0,15,,10039,6,,,0,55,,10040,6,,,0,15,,10041,6,,,0,15,,10042,6,,,0,15,,10043,6,,,0,55,,10044,6,,,0,10,,10045,6,,,0,10,,10046,6,,,0,10,,10047,6,,,0,10,,10048,6,,,0,10,,10049,6,,,0,50,,10050,6,,,0,8,,10051,6,,,0,8,,10052,6,,,0,8,,10053,6,,,0,8,,10054,6,,,0,8,,10055,6,,,0,8,,10056,6,,,0,48,,10057,6,,,0,8,,10058,6,,,0,8,,10059,6,,,0,8,,10060,6,,,0,8,,10061,6,,,0,8,,10062,6,,,0,8,,10063,6,,,0,8,,10064,6,,,0,48,,10065,6,,,0,8,,10066,6,,,0,8,,10067,6,,,0,8,,10068,6,,,0,8,,10069,6,,,0,8,,10070,6,,,0,56,,10071,6,,,0,8,,10072,6,,,0,8,,10073,6,,,0,8,,10074,6,,,0,8,,10075,6,,,0,8,,10076,6,,,0,9,,10077,6,,,0,55,,10078,6,,,0,15,,10079,6,,,0,15,,10080,6,,,0,20,,10081,6,,,0,60,,10082,6,,,0,20,,10083,6,,,0,20,,10084,6,,,0,60,,10085,6,,,0,20,,10086,6,,,0,20,,10087,6,,,0,59,,10088,6,,,0,20,,10089,6,,,0,20,,10090,6,,,0,70,,10091,6,,,0,30,,10092,6,,,0,70,,10093,6,,,0,30,,10094,6,,,0,70,,10095,6,,,0,30,,10096,6,,,0
400,'244.1141.3',1653,,10097,6,,,0
400,'244.1143.3',1653,,10098,6,,,0
2401,'244.0.1',612,,11292,2,,,0,30,,11293,2,,,0,70,,11294,2,,,0,30,,11295,2,,,0,70,,11296,2,,,0,30,,11297,2,,,0,70,,11298,2,,,0,30,,11299,2,,,0,73,,11300,2,,,0,31,,11301,2,,,0,70,,11302,2,,,0,31,,11303,2,,,0,72,,11304,2,,,0,30,,11305,2,,,0,70,,11306,2,,,0,30,,11307,2,,,0,70,,11308,2,,,0,30,,11309,2,,,0,68,,11310,2,,,0,30,,11311,2,,,0,70,,11312,2,,,0,30,,11313,2,,,0,70,,11314,2,,,0,30,,11315,2,,,0,70,,11316,2,,,0,27,,11317,2,,,0,67,,11318,2,,,0,30,,11319,2,,,0,70,,11320,2,,,0,30,,11321,2,,,0,70,,11322,2,,,0,30,,11323,2,,,0,70,,11324,2,,,0,30,,11325,2,,,0,70,,11326,2,,,0,30,,11327,2,,,0
2401,'244.0.2',610,,11328,2,,,0,30,,11329,2,,,0,70,,11330,2,,,0,30,,11331,2,,,0,70,,11332,2,,,0,30,,11333,2,,,0,70,,11334,2,,,0,32,,11335,2,,,0,74,,11336,2,,,0,30,,11337,2,,,0,70,,11338,2,,,0,30,,11339,2,,,0,70,,11340,2,,,0,30,,11341,2,,,0,70,,11342,2,,,0,30,,11343,2,,,0,70,,11344,2,,,0,30,,11345,2,,,0,70,,11346,2,,,0,30,,11347,2,,,0,70,,11348,2,,,0,30,,11349,2,,,0,70,,11350,2,,,0,30,,11351,2,,,0,70,,11352,2,,,0,28,,11353,2,,,0,68,,11354,2,,,0,30,,11355,2,,,0,70,,11356,2,,,0,30,,11357,2,,,0,70,,11358,2,,,0,30,,11359,2,,,0,70,,11360,2,,,0,30,,11361,2,,,0,70,,11362,2,,,0,30,,11363,2,,,0
2401,'244.0.3',645,,11364,2,,,0,70,,11365,2,,,0,34,,11366,2,,,0,71,,11367,2,,,0,30,,11368,2,,,0,70,,11369,2,,,0,25,,11370,2,,,0,70,,11371,2,,,0,30,,11372,2,,,0,70,,11373,2,,,0,31,,11374,2,,,0,70,,11375,2,,,0,30,,11376,2,,,0,70,,11377,2,,,0,30,,11378,2,,,0,70,,11379,2,,,0,30,,11380,2,,,0,70,,11381,2,,,0,30,,11382,2,,,0,70,,11383,2,,,0,30,,11384,2,,,0,70,,11385,2,,,0,30,,11386,2,,,0,70,,11387,2,,,0,30,,11388,2,,,0,68,,11389,2,,,0,26,,11390,2,,,0,70,,11391,2,,,0,30,,11392,2,,,0,70,,11393,2,,,0,30,,11394,2,,,0,70,,11395,2,,,0,30,,11396,2,,,0,70,,11397,2,,,0,30,,11398,2,,,0,70,,11399,2,,,0
1001000,'244.0.3',624,,15910,6,,,0,19,,15911,6,,,0,59,,15912,6,,,0,28,,15913,6,,,0,18,,15914,6,,,0,57,,15915,6,,,0,20,,15916,6,,,0,20,,15917,6,,,0,60,,15918,6,,,0,500,,15919,6,,,0,19,,15920,6,,,0,20,,15921,6,,,0,60,,15922,6,,,0,20,,15923,6,,,0,21,,15924,6,,,0,60,,15925,6,,,0,20,,15926,6,,,0,20,,15927,6,,,0,10,,15928,6,,,0,69,,15929,6,,,0,20,,15930,6,,,0,60,,15931,6,,,0,20,,15932,6,,,0
2001000,'244.0.1',634,,16899,6,,,0,85,,16900,6,,,0,30,,16901,6,,,0,70,,16902,6,,,0,30,,16903,6,,,0,70,,16904,6,,,0,30,,16905,6,,,0,70,,16906,6,,,0,30,,16907,6,,,0,70,,16908,6,,,0,30,,16909,6,,,0,70,,16910,6,,,0,30,,16911,6,,,0,70,,16912,6,,,0,30,,16913,6,,,0,70,,16914,6,,,0,30,,16915,6,,,0,70,,16916,6,,,0,30,,16917,6,,,0,70,,16918,6,,,0,30,,16919,6,,,0,70,,16920,6,,,0,30,,16921,6,,,0,70,,16922,6,,,0,30,,16923,6,,,0,70,,16924,6,,,0,30,,16925,6,,,0,85,,16926,6,,,0,100,,16927,6,,,0,100,,16928,6,,,0,100,,16929,6,,,0
2001000,'244.0.2',634,,16930,6,,,0,115,,16931,6,,,0,70,,16932,6,,,0,30,,16933,6,,,0,70,,16934,6,,,0,30,,16935,6,,,0,70,,16936,6,,,0,30,,16937,6,,,0,70,,16938,6,,,0,30,,16939,6,,,0,70,,16940,6,,,0,30,,16941,6,,,0,70,,16942,6,,,0,30,,16943,6,,,0,70,,16944,6,,,0,30,,16945,6,,,0,70,,16946,6,,,0,30,,16947,6,,,0,70,,16948,6,,,0,30,,16949,6,,,0,70,,16950,6,,,0,30,,16951,6,,,0,85,,16952,6,,,0,100,,16953,6,,,0,100,,16954,6,,,0,100,,16955,6,,,0,100,,16956,6,,,0,100,,16957,6,,,0,100,,16958,6,,,0
2001000,'244.0.3',546,,16959,6,,,0,91,,16960,6,,,0,20,,16961,6,,,0,60,,16962,6,,,0,20,,16963,6,,,0,20,,16964,6,,,0,61,,16965,6,,,0,20,,16966,6,,,0,20,,16967,6,,,0,77,,16968,6,,,0,70,,16969,6,,,0,30,,16970,6,,,0,70,,16971,6,,,0,30,,16972,6,,,0,70,,16973,6,,,0,30,,16974,6,,,0,70,,16975,6,,,0,30,,16976,6,,,0,65,,16977,6,,,0,17,,16978,6,,,0,20,,16979,6,,,0,20,,16980,6,,,0,60,,16981,6,,,0,21,,16982,6,,,0,20,,16983,6,,,0,60,,16984,6,,,0,20,,16985,6,,,0,20,,16986,6,,,0,59,,16987,6,,,0,20,,16988,6,,,0,20,,16989,6,,,0,60,,16990,6,,,0,23,,16991,6,,,0,60,,16992,6,,,0,24,,16993,6,,,0,30,,16994,6,,,0,70,,16995,6,,,0,30,,16996,6,,,0,70,,16997,6,,,0
3001000,'244.0.1',604,,17448,6,,,0,100,,17449,6,,,0,30,,17450,6,,,0,70,,17451,6,,,0,30,,17452,6,,,0,70,,17453,6,,,0,30,,17454,6,,,0,70,,17455,6,,,0,30,,17456,6,,,0,70,,17457,6,,,0,30,,17458,6,,,0,70,,17459,6,,,0,30,,17460,6,,,0,70,,17461,6,,,0,30,,17462,6,,,0,70,,17463,6,,,0,30,,17464,6,,,0,70,,17465,6,,,0,30,,17466,6,,,0,70,,17467,6,,,0,30,,17468,6,,,0,70,,17469,6,,,0,30,,17470,6,,,0,70,,17471,6,,,0,30,,17472,6,,,0,70,,17473,6,,,0,100,,17474,6,,,0,100,,17475,6,,,0,100,,17476,6,,,0,100,,17477,6,,,0,100,,17478,6,,,0
3001000,'244.0.2',604,,17480,6,,,0,100,,17481,6,,,0,30,,17482,6,,,0,70,,17483,6,,,0,30,,17484,6,,,0,70,,17485,6,,,0,30,,17486,6,,,0,70,,17487,6,,,0,30,,17488,6,,,0,70,,17489,6,,,0,30,,17490,6,,,0,70,,17491,6,,,0,30,,17492,6,,,0,70,,17493,6,,,0,30,,17494,6,,,0,70,,17495,6,,,0,30,,17496,6,,,0,70,,17497,6,,,0,30,,17498,6,,,0,70,,17499,6,,,0,30,,17500,6,,,0,70,,17501,6,,,0,30,,17502,6,,,0,70,,17503,6,,,0,100,,17504,6,,,0,100,,17505,6,,,0,100,,17506,6,,,0,100,,17507,6,,,0,100,,17508,6,,,0
3001000,'244.0.3',551,,17512,6,,,0,59,,17513,6,,,0,20,,17514,6,,,0,19,,17515,6,,,0,58,,17516,6,,,0,17,,17517,6,,,0,18,,17518,6,,,0,70,,17519,6,,,0,20,,17520,6,,,0,20,,17521,6,,,0,68,,17522,6,,,0,30,,17523,6,,,0,70,,17524,6,,,0,30,,17525,6,,,0,70,,17526,6,,,0,30,,17527,6,,,0,70,,17528,6,,,0,30,,17529,6,,,0,70,,17530,6,,,0,30,,17531,6,,,0,60,,17532,6,,,0,20,,17533,6,,,0,20,,17534,6,,,0,60,,17535,6,,,0,20,,17536,6,,,0,21,,17537,6,,,0,60,,17538,6,,,0,20,,17539,6,,,0,20,,17540,6,,,0,59,,17541,6,,,0,20,,17542,6,,,0,20,,17543,6,,,0,60,,17544,6,,,0,20,,17545,6,,,0,20,,17546,6,,,0,59,,17547,6,,,0,30,,17548,6,,,0,70,,17549,6,,,0,30,,17550,6,,,0,70,,17551,6,,,0,30,,17552,6,,,0,69,,17553,6,,,0,30,,17554,6,,,0,70,,17555,6,,,0,30,,17556,6,,,0,70,,17557,6,,,0
