100,'244.0.1',611,,8843,26,,,0,15,,8844,26,,,0,15,,8845,26,,,0,15,,8846,26,,,0,55,,8847,26,,,0,15,,8848,26,,,0,15,,8849,26,,,0,15,,8850,26,,,0,58,,8851,26,,,0,15,,8852,26,,,0,15,,8853,26,,,0,15,,8854,26,,,0,55,,8855,26,,,0,15,,8856,26,,,0,17,,8857,26,,,0,55,,8858,26,,,0,15,,8859,26,,,0,15,,8860,26,,,0,15,,8861,26,,,0,58,,8862,26,,,0,16,,8863,26,,,0,15,,8864,26,,,0,15,,8865,26,,,0,55,,8866,26,,,0,15,,8867,26,,,0,15,,8868,26,,,0,15,,8869,26,,,0,55,,8870,26,,,0,15,,8871,26,,,0,15,,8872,26,,,0,15,,8873,26,,,0,55,,8874,26,,,0,15,,8875,26,,,0,15,,8876,26,,,0,15,,8877,26,,,0,55,,8878,26,,,0,15,,8879,26,,,0,15,,8880,26,,,0,15,,8881,26,,,0,55,,8882,26,,,0,15,,8883,26,,,0,15,,8884,26,,,0,15,,8885,26,,,0,55,,8886,26,,,0,15,,8887,26,,,0,15,,8888,26,,,0,15,,8889,26,,,0,55,,8890,26,,,0,15,,8891,26,,,0,15,,8892,26,,,0,15,,8893,26,,,0,55,,8894,26,,,0,13,,8895,26,,,0,14,,8896,26,,,0,15,,8897,26,,,0,55,,8898,26,,,0,15,,8899,26,,,0,15,,8900,26,,,0,15,,8901,26,,,0,55,,8902,26,,,0,15,,8903,26,,,0,15,,8904,26,,,0,15,,8905,26,,,0,55,,8906,26,,,0,13,,8907,26,,,0,13,,8908,26,,,0,15,,8909,26,,,0,15,,8910,26,,,0,55,,8911,26,,,0,15,,8912,26,,,0,15,,8913,26,,,0,15,,8914,26,,,0,55,,8915,26,,,0,15,,8916,26,,,0,15,,8917,26,,,0,15,,8918,26,,,0
100,'244.0.2',612,,8919,26,,,0,15,,8920,26,,,0,15,,8921,26,,,0,15,,8922,26,,,0,55,,8923,26,,,0,15,,8924,26,,,0,15,,8925,26,,,0,15,,8926,26,,,0,55,,8927,26,,,0,15,,8928,26,,,0,18,,8929,26,,,0,55,,8930,26,,,0,15,,8931,26,,,0,15,,8932,26,,,0,15,,8933,26,,,0,55,,8934,26,,,0,15,,8935,26,,,0,17,,8936,26,,,0,15,,8937,26,,,0,55,,8938,26,,,0,15,,8939,26,,,0,15,,8940,26,,,0,15,,8941,26,,,0,57,,8942,26,,,0,16,,8943,26,,,0,15,,8944,26,,,0,15,,8945,26,,,0,55,,8946,26,,,0,15,,8947,26,,,0,15,,8948,26,,,0,15,,8949,26,,,0,55,,8950,26,,,0,15,,8951,26,,,0,15,,8952,26,,,0,15,,8953,26,,,0,55,,8954,26,,,0,15,,8955,26,,,0,15,,8956,26,,,0,15,,8957,26,,,0,55,,8958,26,,,0,15,,8959,26,,,0,15,,8960,26,,,0,15,,8961,26,,,0,55,,8962,26,,,0,15,,8963,26,,,0,15,,8964,26,,,0,15,,8965,26,,,0,55,,8966,26,,,0,15,,8967,26,,,0,13,,8968,26,,,0,13,,8969,26,,,0,55,,8970,26,,,0,15,,8971,26,,,0,15,,8972,26,,,0,15,,8973,26,,,0,55,,8974,26,,,0,15,,8975,26,,,0,15,,8976,26,,,0,70,,8977,26,,,0,30,,8978,26,,,0,70,,8979,26,,,0,28,,8980,26,,,0,30,,8981,26,,,0,70,,8982,26,,,0,30,,8983,26,,,0
100,'244.0.3',622,,8985,26,,,0,10,,8986,26,,,0,10,,8987,26,,,0,10,,8988,26,,,0,50,,8989,26,,,0,10,,8990,26,,,0,10,,8991,26,,,0,10,,8992,26,,,0,13,,8993,26,,,0,13,,8994,26,,,0,50,,8995,26,,,0,10,,8996,26,,,0,10,,8997,26,,,0,10,,8998,26,,,0,10,,8999,26,,,0,10,,9000,26,,,0,50,,9001,26,,,0,10,,9002,26,,,0,9,,9003,26,,,0,9,,9004,26,,,0,9,,9005,26,,,0,10,,9006,26,,,0,50,,9007,26,,,0,10,,9008,26,,,0,10,,9009,26,,,0,10,,9010,26,,,0,10,,9011,26,,,0,10,,9012,26,,,0,50,,9013,26,,,0,10,,9014,26,,,0,10,,9015,26,,,0,10,,9016,26,,,0,10,,9017,26,,,0,10,,9018,26,,,0,50,,9019,26,,,0,10,,9020,26,,,0,10,,9021,26,,,0,10,,9022,26,,,0,10,,9023,26,,,0,10,,9024,26,,,0,50,,9025,26,,,0,10,,9026,26,,,0,10,,9027,26,,,0,10,,9028,26,,,0,10,,9029,26,,,0,10,,9030,26,,,0,50,,9031,26,,,0,10,,9032,26,,,0,10,,9033,26,,,0,10,,9034,26,,,0,10,,9035,26,,,0,10,,9036,26,,,0,50,,9037,26,,,0,11,,9038,26,,,0,10,,9039,26,,,0,12,,9040,26,,,0,10,,9041,26,,,0,10,,9042,26,,,0,50,,9043,26,,,0,10,,9044,26,,,0,10,,9045,26,,,0,10,,9046,26,,,0,10,,9047,26,,,0,10,,9048,26,,,0,50,,9049,26,,,0,10,,9050,26,,,0,10,,9051,26,,,0,10,,9052,26,,,0,10,,9053,26,,,0,10,,9054,26,,,0,48,,9055,26,,,0,7,,9056,26,,,0,8,,9057,26,,,0,10,,9058,26,,,0,10,,9059,26,,,0,10,,9060,26,,,0,50,,9061,26,,,0,10,,9062,26,,,0,10,,9063,26,,,0,10,,9064,26,,,0,10,,9065,26,,,0,10,,9066,26,,,0,50,,9067,26,,,0,10,,9068,26,,,0,10,,9069,26,,,0,10,,9070,26,,,0,10,,9071,26,,,0,10,,9072,26,,,0,50,,9073,26,,,0,10,,9074,26,,,0,10,,9075,26,,,0,10,,9076,26,,,0,10,,9077,26,,,0,10,,9078,26,,,0,50,,9079,26,,,0,10,,9080,26,,,0,8,,9081,26,,,0,15,,9082,26,,,0,15,,9083,26,,,0,55,,9084,26,,,0,15,,9085,26,,,0,15,,9086,26,,,0,15,,9087,26,,,0,55,,9088,26,,,0,15,,9089,26,,,0,15,,9090,26,,,0,15,,9091,26,,,0
801,'244.0.1',620,,10684,81,,,0,30,,10685,81,,,0,70,,10686,81,,,0,30,,10687,81,,,0,73,,10688,81,,,0,33,,10689,81,,,0,70,,10690,81,,,0,32,,10691,81,,,0,74,,10692,81,,,0,74,,10693,81,,,0,30,,10694,81,,,0,70,,10695,81,,,0,30,,10696,81,,,0,72,,10697,81,,,0,31,,10698,81,,,0,71,,10699,81,,,0,30,,10700,81,,,0,70,,10701,81,,,0,30,,10702,81,,,0,70,,10703,81,,,0,30,,10704,81,,,0,70,,10705,81,,,0,30,,10706,81,,,0,67,,10707,81,,,0,28,,10708,81,,,0,69,,10709,81,,,0,30,,10710,81,,,0,24,,10711,81,,,0,65,,10712,81,,,0,29,,10713,81,,,0,70,,10714,81,,,0,30,,10715,81,,,0,70,,10716,81,,,0,30,,10717,81,,,0,70,,10718,81,,,0,30,,10719,81,,,0,70,,10720,81,,,0,100,,10721,81,,,0
801,'244.0.2',626,,10722,81,,,0,30,,10723,81,,,0,70,,10724,81,,,0,30,,10725,81,,,0,70,,10726,81,,,0,30,,10727,81,,,0,72,,10728,81,,,0,75,,10729,81,,,0,30,,10730,81,,,0,73,,10731,81,,,0,33,,10732,81,,,0,70,,10733,81,,,0,30,,10734,81,,,0,70,,10735,81,,,0,30,,10736,81,,,0,70,,10737,81,,,0,30,,10738,81,,,0,70,,10739,81,,,0,30,,10740,81,,,0,70,,10741,81,,,0,30,,10742,81,,,0,70,,10743,81,,,0,30,,10744,81,,,0,70,,10745,81,,,0,25,,10746,81,,,0,68,,10747,81,,,0,30,,10748,81,,,0,70,,10749,81,,,0,30,,10750,81,,,0,70,,10751,81,,,0,25,,10752,81,,,0,27,,10753,81,,,0,70,,10754,81,,,0,30,,10755,81,,,0,100,,10756,81,,,0,100,,10757,81,,,0
801,'244.0.3',615,,10758,81,,,0,30,,10759,81,,,0,74,,10760,81,,,0,24,,10761,81,,,0,70,,10762,81,,,0,20,,10763,81,,,0,20,,10764,81,,,0,60,,10765,81,,,0,16,,10766,81,,,0,16,,10767,81,,,0,57,,10768,81,,,0,20,,10769,81,,,0,20,,10770,81,,,0,60,,10771,81,,,0,20,,10772,81,,,0,20,,10773,81,,,0,60,,10774,81,,,0,20,,10775,81,,,0,20,,10776,81,,,0,60,,10777,81,,,0,20,,10778,81,,,0,20,,10779,81,,,0,60,,10780,81,,,0,20,,10781,81,,,0,20,,10782,81,,,0,60,,10783,81,,,0,24,,10784,81,,,0,20,,10785,81,,,0,63,,10786,81,,,0,33,,10787,81,,,0,70,,10788,81,,,0,30,,10789,81,,,0,70,,10790,81,,,0,17,,10791,81,,,0,25,,10792,81,,,0,68,,10793,81,,,0,30,,10794,81,,,0,70,,10795,81,,,0,30,,10796,81,,,0,69,,10797,81,,,0,26,,10798,81,,,0,69,,10799,81,,,0,30,,10800,81,,,0,70,,10801,81,,,0,30,,10802,81,,,0,70,,10803,81,,,0,30,,10804,81,,,0,70,,10805,81,,,0
1000901,'244.0.1',721,,15814,55,,,0,100,,15815,55,,,0,104,,15816,55,,,0,100,,15817,55,,,0,100,,15818,55,,,0,100,,15819,55,,,0,100,,15820,55,,,0,100,,15821,55,,,0,100,,15822,55,,,0,100,,15823,55,,,0,100,,15824,55,,,0,95,,15825,55,,,0,100,,15826,55,,,0,100,,15827,55,,,0,97,,15828,55,,,0,100,,15829,55,,,0,100,,15830,55,,,0,100,,15831,55,,,0
1000901,'244.0.2',715,,15832,55,,,0,98,,15833,55,,,0,105,,15834,55,,,0,100,,15835,55,,,0,104,,15836,55,,,0,100,,15837,55,,,0,100,,15838,55,,,0,100,,15839,55,,,0,100,,15840,55,,,0,100,,15841,55,,,0,100,,15842,55,,,0,100,,15843,55,,,0,100,,15844,55,,,0,96,,15845,55,,,0,96,,15846,55,,,0,100,,15847,55,,,0,99,,15848,55,,,0,99,,15849,55,,,0
1000901,'244.0.3',605,,15850,55,,,0,27,,15851,55,,,0,25,,15852,55,,,0,50,,15853,55,,,0,7,,15854,55,,,0,17,,15855,55,,,0,23,,15856,55,,,0,5,,15857,55,,,0,55,,15858,55,,,0,10,,15859,55,,,0,20,,15860,55,,,0,10,,15861,55,,,0,59,,15862,55,,,0,9,,15863,55,,,0,8,,15864,55,,,0,10,,15865,55,,,0,65,,15866,55,,,0,15,,15867,55,,,0,15,,15868,55,,,0,70,,15869,55,,,0,15,,15870,55,,,0,15,,15871,55,,,0,70,,15872,55,,,0,15,,15873,55,,,0,15,,15874,55,,,0,70,,15875,55,,,0,15,,15876,55,,,0,15,,15877,55,,,0,70,,15878,55,,,0,15,,15879,55,,,0,15,,15880,55,,,0,70,,15881,55,,,0,17,,15882,55,,,0,15,,15883,55,,,0,69,,15884,55,,,0,25,,15885,55,,,0,5,,15886,55,,,0,65,,15887,55,,,0,10,,15888,55,,,0,20,,15889,55,,,0,10,,15890,55,,,0,60,,15891,55,,,0,10,,15892,55,,,0,18,,15893,55,,,0,9,,15894,55,,,0,17,,15895,55,,,0,50,,15896,55,,,0,25,,15897,55,,,0,70,,15898,55,,,0,31,,15899,55,,,0,69,,15900,55,,,0,26,,15901,55,,,0,25,,15902,55,,,0,70,,15903,55,,,0,35,,15904,55,,,0,60,,15905,55,,,0,40,,15906,55,,,0,60,,15907,55,,,0,40,,15908,55,,,0,60,,15909,55,,,0
1001000,'244.0.3',632,,15910,16,,,0,19,,15911,16,,,0,59,,15912,16,,,0,28,,15913,16,,,0,18,,15914,16,,,0,59,,15915,16,,,0,20,,15916,16,,,0,20,,15917,16,,,0,60,,15918,16,,,0,500,,15919,16,,,0,19,,15920,16,,,0,20,,15921,16,,,0,60,,15922,16,,,0,20,,15923,16,,,0,23,,15924,16,,,0,60,,15925,16,,,0,20,,15926,16,,,0,20,,15927,16,,,0,50,,15928,16,,,0,29,,15929,16,,,0,20,,15930,16,,,0,60,,15931,16,,,0,17,,15932,16,,,0
2000701,'244.0.1',617,,16597,31,,,0,20,,16598,31,,,0,20,,16599,31,,,0,60,,16600,31,,,0,20,,16601,31,,,0,20,,16602,31,,,0,61,,16603,31,,,0,19,,16604,31,,,0,20,,16605,31,,,0,60,,16606,31,,,0,20,,16607,31,,,0,20,,16608,31,,,0,60,,16609,31,,,0,20,,16610,31,,,0,20,,16611,31,,,0,60,,16612,31,,,0,20,,16613,31,,,0,20,,16614,31,,,0,60,,16615,31,,,0,20,,16616,31,,,0,20,,16617,31,,,0,60,,16618,31,,,0,20,,16619,31,,,0,20,,16620,31,,,0,60,,16621,31,,,0,20,,16622,31,,,0,20,,16623,31,,,0,60,,16624,31,,,0,20,,16625,31,,,0,20,,16626,31,,,0,60,,16627,31,,,0,20,,16628,31,,,0,20,,16629,31,,,0,60,,16630,31,,,0,20,,16631,31,,,0,20,,16632,31,,,0,60,,16633,31,,,0,20,,16634,31,,,0,20,,16635,31,,,0,60,,16636,31,,,0,20,,16637,31,,,0,20,,16638,31,,,0,60,,16639,31,,,0,20,,16640,31,,,0,20,,16641,31,,,0,60,,16642,31,,,0,20,,16643,31,,,0,20,,16644,31,,,0,60,,16645,31,,,0,20,,16646,31,,,0,20,,16647,31,,,0,60,,16648,31,,,0,20,,16649,31,,,0,20,,16650,31,,,0
2000701,'244.0.2',617,,16651,31,,,0,30,,16652,31,,,0,70,,16653,31,,,0,30,,16654,31,,,0,70,,16655,31,,,0,30,,16656,31,,,0,70,,16657,31,,,0,30,,16658,31,,,0,70,,16659,31,,,0,30,,16660,31,,,0,70,,16661,31,,,0,30,,16662,31,,,0,70,,16663,31,,,0,30,,16664,31,,,0,70,,16665,31,,,0,30,,16666,31,,,0,70,,16667,31,,,0,30,,16668,31,,,0,70,,16669,31,,,0,30,,16670,31,,,0,70,,16671,31,,,0,30,,16672,31,,,0,70,,16673,31,,,0,30,,16674,31,,,0,70,,16675,31,,,0,30,,16676,31,,,0,70,,16677,31,,,0,30,,16678,31,,,0,70,,16679,31,,,0,30,,16680,31,,,0,70,,16681,31,,,0,30,,16682,31,,,0,70,,16683,31,,,0,30,,16684,31,,,0,70,,16685,31,,,0,30,,16686,31,,,0
2000701,'244.0.3',609,,16687,31,,,0,15,,16688,31,,,0,15,,16689,31,,,0,15,,16690,31,,,0,55,,16691,31,,,0,15,,16692,31,,,0,15,,16693,31,,,0,19,,16694,31,,,0,59,,16695,31,,,0,15,,16696,31,,,0,15,,16697,31,,,0,55,,16698,31,,,0,14,,16699,31,,,0,13,,16700,31,,,0,15,,16701,31,,,0,15,,16702,31,,,0,55,,16703,31,,,0,15,,16704,31,,,0,15,,16705,31,,,0,15,,16706,31,,,0,55,,16707,31,,,0,15,,16708,31,,,0,15,,16709,31,,,0,15,,16710,31,,,0,55,,16711,31,,,0,15,,16712,31,,,0,15,,16713,31,,,0,15,,16714,31,,,0,55,,16715,31,,,0,15,,16716,31,,,0,15,,16717,31,,,0,15,,16718,31,,,0,55,,16719,31,,,0,15,,16720,31,,,0,15,,16721,31,,,0,15,,16722,31,,,0,55,,16723,31,,,0,17,,16724,31,,,0,15,,16725,31,,,0,55,,16726,31,,,0,15,,16727,31,,,0,15,,16728,31,,,0,15,,16729,31,,,0,55,,16730,31,,,0,15,,16731,31,,,0,15,,16732,31,,,0,12,,16733,31,,,0,14,,16734,31,,,0,55,,16735,31,,,0,15,,16736,31,,,0,15,,16737,31,,,0,15,,16738,31,,,0,52,,16739,31,,,0,13,,16740,31,,,0,15,,16741,31,,,0,15,,16742,31,,,0,55,,16743,31,,,0,15,,16744,31,,,0,15,,16745,31,,,0,15,,16746,31,,,0,55,,16747,31,,,0,15,,16748,31,,,0,15,,16749,31,,,0,15,,16750,31,,,0,55,,16751,31,,,0,15,,16752,31,,,0,15,,16753,31,,,0,15,,16754,31,,,0,55,,16755,31,,,0,30,,16756,31,,,0,70,,16757,31,,,0,30,,16758,31,,,0,70,,16759,31,,,0
2000901,'244.0.1',651,,16829,71,,,0,100,,16830,71,,,0,99,,16831,71,,,0,105,,16832,71,,,0,100,,16833,71,,,0,100,,16834,71,,,0,100,,16835,71,,,0,100,,16836,71,,,0,100,,16837,71,,,0,100,,16838,71,,,0,100,,16839,71,,,0,100,,16840,71,,,0,95,,16841,71,,,0,100,,16842,71,,,0,97,,16843,71,,,0,100,,16844,71,,,0,100,,16845,71,,,0,100,,16846,71,,,0,100,,16847,71,,,0
2000901,'244.0.2',645,,16848,71,,,0,100,,16849,71,,,0,98,,16850,71,,,0,105,,16851,71,,,0,100,,16852,71,,,0,104,,16853,71,,,0,100,,16854,71,,,0,100,,16855,71,,,0,100,,16856,71,,,0,100,,16857,71,,,0,100,,16858,71,,,0,100,,16859,71,,,0,100,,16860,71,,,0,100,,16861,71,,,0,92,,16862,71,,,0,100,,16863,71,,,0,100,,16864,71,,,0,97,,16865,71,,,0,100,,16866,71,,,0
2000901,'244.0.3',617,,16867,71,,,0,30,,16868,71,,,0,72,,16869,71,,,0,85,,16870,71,,,0,30,,16871,71,,,0,69,,16872,71,,,0,18,,16873,71,,,0,29,,16874,71,,,0,100,,16875,71,,,0,100,,16876,71,,,0,100,,16877,71,,,0,100,,16878,71,,,0,100,,16879,71,,,0,102,,16880,71,,,0,70,,16881,71,,,0,30,,16882,71,,,0,70,,16883,71,,,0,30,,16884,71,,,0,70,,16885,71,,,0,24,,16886,71,,,0,69,,16887,71,,,0,30,,16888,71,,,0,70,,16889,71,,,0,30,,16890,71,,,0,70,,16891,71,,,0,25,,16892,71,,,0,62,,16893,71,,,0,30,,16894,71,,,0,100,,16895,71,,,0,100,,16896,71,,,0
2001000,'244.0.1',641,,16899,16,,,0,85,,16900,16,,,0,30,,16901,16,,,0,70,,16902,16,,,0,30,,16903,16,,,0,70,,16904,16,,,0,32,,16905,16,,,0,70,,16906,16,,,0,30,,16907,16,,,0,72,,16908,16,,,0,70,,16909,16,,,0,30,,16910,16,,,0,70,,16911,16,,,0,30,,16912,16,,,0,70,,16913,16,,,0,30,,16914,16,,,0,70,,16915,16,,,0,30,,16916,16,,,0,70,,16917,16,,,0,30,,16918,16,,,0,70,,16919,16,,,0,30,,16920,16,,,0,70,,16921,16,,,0,30,,16922,16,,,0,28,,16923,16,,,0,70,,16924,16,,,0,30,,16925,16,,,0,85,,16926,16,,,0,99,,16927,16,,,0,100,,16928,16,,,0,100,,16929,16,,,0
2001000,'244.0.2',641,,16930,16,,,0,115,,16931,16,,,0,70,,16932,16,,,0,30,,16933,16,,,0,70,,16934,16,,,0,32,,16935,16,,,0,70,,16936,16,,,0,30,,16937,16,,,0,70,,16938,16,,,0,30,,16939,16,,,0,70,,16940,16,,,0,30,,16941,16,,,0,70,,16942,16,,,0,30,,16943,16,,,0,70,,16944,16,,,0,30,,16945,16,,,0,70,,16946,16,,,0,30,,16947,16,,,0,70,,16948,16,,,0,30,,16949,16,,,0,70,,16950,16,,,0,30,,16951,16,,,0,85,,16952,16,,,0,98,,16953,16,,,0,100,,16954,16,,,0,100,,16955,16,,,0,100,,16956,16,,,0,100,,16957,16,,,0,100,,16958,16,,,0
2001000,'244.0.3',554,,16959,16,,,0,91,,16960,16,,,0,60,,16961,16,,,0,20,,16962,16,,,0,20,,16963,16,,,0,62,,16964,16,,,0,21,,16965,16,,,0,20,,16966,16,,,0,60,,16967,16,,,0,37,,16968,16,,,0,70,,16969,16,,,0,30,,16970,16,,,0,70,,16971,16,,,0,30,,16972,16,,,0,70,,16973,16,,,0,30,,16974,16,,,0,70,,16975,16,,,0,30,,16976,16,,,0,65,,16977,16,,,0,17,,16978,16,,,0,20,,16979,16,,,0,60,,16980,16,,,0,20,,16981,16,,,0,23,,16982,16,,,0,60,,16983,16,,,0,20,,16984,16,,,0,20,,16985,16,,,0,60,,16986,16,,,0,19,,16987,16,,,0,20,,16988,16,,,0,60,,16989,16,,,0,17,,16990,16,,,0,23,,16991,16,,,0,60,,16992,16,,,0,24,,16993,16,,,0,70,,16994,16,,,0,30,,16995,16,,,0,70,,16996,16,,,0,30,,16997,16,,,0
3001000,'244.0.1',611,,17448,16,,,0,100,,17449,16,,,0,30,,17450,16,,,0,70,,17451,16,,,0,30,,17452,16,,,0,70,,17453,16,,,0,32,,17454,16,,,0,70,,17455,16,,,0,30,,17456,16,,,0,70,,17457,16,,,0,32,,17458,16,,,0,70,,17459,16,,,0,30,,17460,16,,,0,70,,17461,16,,,0,30,,17462,16,,,0,70,,17463,16,,,0,30,,17464,16,,,0,70,,17465,16,,,0,30,,17466,16,,,0,70,,17467,16,,,0,30,,17468,16,,,0,70,,17469,16,,,0,30,,17470,16,,,0,70,,17471,16,,,0,28,,17472,16,,,0,70,,17473,16,,,0,100,,17474,16,,,0,100,,17475,16,,,0,99,,17476,16,,,0,100,,17477,16,,,0,100,,17478,16,,,0
3001000,'244.0.2',611,,17480,16,,,0,100,,17481,16,,,0,30,,17482,16,,,0,70,,17483,16,,,0,30,,17484,16,,,0,70,,17485,16,,,0,30,,17486,16,,,0,72,,17487,16,,,0,30,,17488,16,,,0,70,,17489,16,,,0,30,,17490,16,,,0,70,,17491,16,,,0,30,,17492,16,,,0,70,,17493,16,,,0,30,,17494,16,,,0,70,,17495,16,,,0,30,,17496,16,,,0,70,,17497,16,,,0,30,,17498,16,,,0,70,,17499,16,,,0,30,,17500,16,,,0,70,,17501,16,,,0,30,,17502,16,,,0,70,,17503,16,,,0,100,,17504,16,,,0,98,,17505,16,,,0,100,,17506,16,,,0,100,,17507,16,,,0,100,,17508,16,,,0
3001000,'244.0.3',559,,17512,16,,,0,59,,17513,16,,,0,20,,17514,16,,,0,19,,17515,16,,,0,58,,17516,16,,,0,17,,17517,16,,,0,18,,17518,16,,,0,72,,17519,16,,,0,20,,17520,16,,,0,60,,17521,16,,,0,28,,17522,16,,,0,70,,17523,16,,,0,30,,17524,16,,,0,70,,17525,16,,,0,30,,17526,16,,,0,70,,17527,16,,,0,30,,17528,16,,,0,70,,17529,16,,,0,30,,17530,16,,,0,70,,17531,16,,,0,20,,17532,16,,,0,20,,17533,16,,,0,60,,17534,16,,,0,20,,17535,16,,,0,20,,17536,16,,,0,63,,17537,16,,,0,20,,17538,16,,,0,20,,17539,16,,,0,60,,17540,16,,,0,19,,17541,16,,,0,20,,17542,16,,,0,60,,17543,16,,,0,17,,17544,16,,,0,20,,17545,16,,,0,20,,17546,16,,,0,59,,17547,16,,,0,30,,17548,16,,,0,70,,17549,16,,,0,30,,17550,16,,,0,70,,17551,16,,,0,30,,17552,16,,,0,67,,17553,16,,,0,30,,17554,16,,,0,70,,17555,16,,,0,30,,17556,16,,,0,70,,17557,16,,,0
