8400,'244.0.1',713,,13955,36,4,,0,100,,13956,36,4,,0,100,,13957,36,4,,0,100,,13958,36,4,,0,103,,13959,36,4,,0,97,,13960,36,4,,0,100,,13961,36,4,,0,100,,13962,36,4,,0,100,,13963,36,4,,0,100,,13964,36,4,,0,100,,13965,36,4,,0,100,,13966,36,4,,0,96,,13967,36,4,,0,105,,13968,36,4,,0,100,,13969,36,4,,0,100,,13970,36,4,,0,100,,13971,36,4,,0
8400,'244.0.2',718,,13972,36,4,,0,100,,13973,36,4,,0,100,,13974,36,4,,0,100,,13975,36,4,,0,102,,13976,36,4,,0,96,,13977,36,4,,0,100,,13978,36,4,,0,100,,13979,36,4,,0,100,,13980,36,4,,0,100,,13981,36,4,,0,103,,13982,36,4,,0,100,,13983,36,4,,0,100,,13984,36,4,,0,100,,13985,36,4,,0,98,,13986,36,4,,0,100,,13987,36,4,,0,100,,13988,36,4,,0
8400,'244.0.3',626,,14019,36,4,,0,30,,13989,36,4,,0,70,,13990,36,4,,0,31,,13991,36,4,,0,71,,13992,36,4,,0,30,,13993,36,4,,0,70,,13994,36,4,,0,102,,13995,36,4,,0,100,,13996,36,4,,0,100,,13997,36,4,,0,100,,13998,36,4,,0,100,,13999,36,4,,0,109,,14000,36,4,,0,70,,14001,36,4,,0,15,,14002,36,4,,0,15,,14003,36,4,,0,15,,14004,36,4,,0,55,,14005,36,4,,0,15,,14006,36,4,,0,15,,14007,36,4,,0,10,,14008,36,4,,0,54,,14009,36,4,,0,15,,14010,36,4,,0,12,,14011,36,4,,0,15,,14020,36,4,,0,13,,14012,36,4,,0,98,,14013,36,4,,0,100,,14014,36,4,,0,100,,14015,36,4,,0,100,,14016,36,4,,0,103,,14017,36,4,,0,143,,14018,36,4,,0
8401,'244.0.1',600,,14021,1,,,0,100,,14022,1,,,0,100,,14023,1,,,0,100,,14024,1,,,0,100,,14025,1,,,0,100,,14026,1,,,0,100,,14027,1,,,0,100,,14028,1,,,0,100,,14029,1,,,0,100,,14030,1,,,0,100,,14031,1,,,0,100,,14032,1,,,0,100,,14033,1,,,0,100,,14034,1,,,0,100,,14035,1,,,0,100,,14036,1,,,0,100,,14037,1,,,0
8401,'244.0.2',605,,14038,1,,,0,100,,14039,1,,,0,100,,14040,1,,,0,100,,14041,1,,,0,100,,14042,1,,,0,100,,14043,1,,,0,100,,14044,1,,,0,100,,14045,1,,,0,100,,14046,1,,,0,100,,14047,1,,,0,100,,14048,1,,,0,100,,14049,1,,,0,100,,14050,1,,,0,100,,14051,1,,,0,100,,14052,1,,,0,100,,14053,1,,,0,100,,14054,1,,,0
8401,'244.0.3',505,,14055,1,,,0,30,,14056,1,,,0,70,,14057,1,,,0,15,,14058,1,,,0,15,,14086,1,,,0,15,,14059,1,,,0,55,,14060,1,,,0,15,,14061,1,,,0,15,,14062,1,,,0,15,,14063,1,,,0,55,,14064,1,,,0,15,,14065,1,,,0,15,,14066,1,,,0,15,,14087,1,,,0,55,,14067,1,,,0,100,,14068,1,,,0,100,,14069,1,,,0,100,,14070,1,,,0,100,,14071,1,,,0,100,,14072,1,,,0,100,,14073,1,,,0,30,,14074,1,,,0,70,,14075,1,,,0,30,,14076,1,,,0,70,,14077,1,,,0,30,,14078,1,,,0,70,,14079,1,,,0,100,,14080,1,,,0,100,,14081,1,,,0,100,,14082,1,,,0,100,,14083,1,,,0,100,,14084,1,,,0,100,,14085,1,,,0
8800,'244.0.1',707,,14462,1,,,0,100,,14463,1,,,0,100,,14464,1,,,0,100,,14465,1,,,0,100,,14466,1,,,0,100,,14467,1,,,0,100,,14468,1,,,0,100,,14469,1,,,0,100,,14470,1,,,0,100,,14471,1,,,0,100,,14472,1,,,0,100,,14473,1,,,0,100,,14474,1,,,0,100,,14475,1,,,0,100,,14476,1,,,0,100,,14477,1,,,0
8800,'244.0.2',707,,14478,1,,,0,100,,14479,1,,,0,100,,14480,1,,,0,100,,14481,1,,,0,100,,14482,1,,,0,100,,14483,1,,,0,100,,14484,1,,,0,100,,14485,1,,,0,100,,14486,1,,,0,100,,14487,1,,,0,100,,14488,1,,,0,100,,14489,1,,,0,100,,14490,1,,,0,100,,14491,1,,,0,100,,14492,1,,,0
8800,'244.0.3',625,,14493,1,,,0,100,,14494,1,,,0,100,,14495,1,,,0,100,,14496,1,,,0,100,,14497,1,,,0,100,,14498,1,,,0,100,,14499,1,,,0,100,,14500,1,,,0,100,,14501,1,,,0,100,,14502,1,,,0,100,,14503,1,,,0,100,,14504,1,,,0,75,,14505,1,,,0,40,,14506,1,,,0,100,,14507,1,,,0,100,,14508,1,,,0,100,,14509,1,,,0
8801,'244.0.1',738,,14510,17,4,,0,100,,14511,17,4,,0,100,,14512,17,4,,0,100,,14513,17,4,,0,101,,14514,17,4,,0,100,,14515,17,4,,0,100,,14516,17,4,,0,100,,14517,17,4,,0,100,,14518,17,4,,0,100,,14519,17,4,,0,100,,14520,17,4,,0,99,,14521,17,4,,0,99,,14522,17,4,,0,100,,14523,17,4,,0,100,,14524,17,4,,0,100,,14525,17,4,,0
8801,'244.0.2',738,,14526,17,4,,0,100,,14527,17,4,,0,100,,14528,17,4,,0,100,,14529,17,4,,0,101,,14530,17,4,,0,100,,14531,17,4,,0,100,,14532,17,4,,0,100,,14533,17,4,,0,100,,14534,17,4,,0,100,,14535,17,4,,0,100,,14536,17,4,,0,100,,14537,17,4,,0,99,,14538,17,4,,0,100,,14539,17,4,,0,100,,14540,17,4,,0
8801,'244.0.3',700,,14541,17,4,,0,100,,14542,17,4,,0,100,,14543,17,4,,0,100,,14544,17,4,,0,100,,14545,17,4,,0,100,,14546,17,4,,0,100,,14547,17,4,,0,100,,14548,17,4,,0,101,,14549,17,4,,0,100,,14550,17,4,,0,100,,14551,17,4,,0,99,,14552,17,4,,0,33,,14553,17,4,,0,92,,14554,17,4,,0,100,,14555,17,4,,0,100,,14556,17,4,,0,100,,14557,17,4,,0
