400,'259.0.1',555,,18780,7,,,0,100,,18781,7,,,0,100,,18782,7,,,0,70,,18783,7,,,0,30,,18784,7,,,0,70,,18785,7,,,0,31,,18786,7,,,0,70,,18787,7,,,0,30,,18788,7,,,0,70,,18789,7,,,0,30,,18790,7,,,0,70,,18791,7,,,0,30,,18792,7,,,0,70,,18793,7,,,0,30,,18794,7,,,0,70,,18795,7,,,0,30,,18796,7,,,0,70,,18797,7,,,0,30,,18798,7,,,0,70,,18799,7,,,0,30,,18800,7,,,0,70,,18801,7,,,0,30,,18802,7,,,0,70,,18803,7,,,0,30,,18804,7,,,0,70,,18805,7,,,0,30,,18806,7,,,0,70,,18807,7,,,0,30,,18808,7,,,0,69,,18809,7,,,0,30,,18810,7,,,0,100,,18811,7,,,0,100,,18812,7,,,0
400,'259.0.2',650,,18813,7,,,0,70,,18814,7,,,0,30,,18815,7,,,0,70,,18816,7,,,0,30,,18817,7,,,0,70,,18818,7,,,0,30,,18819,7,,,0,70,,18820,7,,,0,30,,18821,7,,,0,70,,18822,7,,,0,30,,18823,7,,,0,70,,18824,7,,,0,30,,18825,7,,,0,70,,18826,7,,,0,30,,18827,7,,,0,70,,18828,7,,,0,30,,18829,7,,,0,70,,18830,7,,,0,30,,18831,7,,,0,70,,18832,7,,,0,30,,18833,7,,,0,70,,18834,7,,,0,30,,18835,7,,,0,70,,18836,7,,,0,30,,18837,7,,,0,70,,18838,7,,,0,30,,18839,7,,,0,100,,18840,7,,,0,100,,18841,7,,,0,100,,18842,7,,,0,100,,18843,7,,,0
400,'259.0.3',605,,18844,7,,,0,20,,18845,7,,,0,20,,18846,7,,,0,60,,18847,7,,,0,15,,18848,7,,,0,16,,18849,7,,,0,15,,18850,7,,,0,55,,18851,7,,,0,15,,18852,7,,,0,15,,18853,7,,,0,15,,18854,7,,,0,55,,18855,7,,,0,15,,18856,7,,,0,15,,18857,7,,,0,15,,18858,7,,,0,55,,18859,7,,,0,15,,18860,7,,,0,15,,18861,7,,,0,15,,18862,7,,,0,55,,18863,7,,,0,15,,18864,7,,,0,16,,18865,7,,,0,15,,18866,7,,,0,55,,18867,7,,,0,15,,18868,7,,,0,15,,18869,7,,,0,15,,18870,7,,,0,55,,18871,7,,,0,10,,18872,7,,,0,10,,18873,7,,,0,10,,18874,7,,,0,10,,18875,7,,,0,10,,18876,7,,,0,50,,18877,7,,,0,8,,18878,7,,,0,8,,18879,7,,,0,8,,18880,7,,,0,8,,18881,7,,,0,8,,18882,7,,,0,8,,18883,7,,,0,48,,18884,7,,,0,8,,18885,7,,,0,8,,18886,7,,,0,8,,18887,7,,,0,8,,18888,7,,,0,8,,18889,7,,,0,8,,18890,7,,,0,8,,18891,7,,,0,48,,18892,7,,,0,8,,18893,7,,,0,8,,18894,7,,,0,8,,18895,7,,,0,8,,18896,7,,,0,8,,18897,7,,,0,56,,18898,7,,,0,8,,18899,7,,,0,8,,18900,7,,,0,8,,18901,7,,,0,8,,18902,7,,,0,8,,18903,7,,,0,9,,18904,7,,,0,54,,18905,7,,,0,15,,18906,7,,,0,15,,18907,7,,,0,20,,18908,7,,,0,60,,18909,7,,,0,20,,18910,7,,,0,20,,18911,7,,,0,60,,18912,7,,,0,20,,18913,7,,,0,20,,18914,7,,,0,59,,18915,7,,,0,20,,18916,7,,,0,20,,18917,7,,,0,70,,18918,7,,,0,30,,18919,7,,,0,70,,18920,7,,,0,30,,18921,7,,,0,70,,18922,7,,,0,30,,18923,7,,,0
400,'259.1141.3',1655,,18924,7,,,0
400,'259.1143.3',1655,,18925,7,,,0
2401,'259.0.1',613,,20119,3,,,0,30,,20120,3,,,0,70,,20121,3,,,0,30,,20122,3,,,0,70,,20123,3,,,0,30,,20124,3,,,0,70,,20125,3,,,0,30,,20126,3,,,0,73,,20127,3,,,0,31,,20128,3,,,0,70,,20129,3,,,0,31,,20130,3,,,0,72,,20131,3,,,0,30,,20132,3,,,0,70,,20133,3,,,0,30,,20134,3,,,0,70,,20135,3,,,0,30,,20136,3,,,0,68,,20137,3,,,0,30,,20138,3,,,0,70,,20139,3,,,0,30,,20140,3,,,0,70,,20141,3,,,0,30,,20142,3,,,0,70,,20143,3,,,0,27,,20144,3,,,0,67,,20145,3,,,0,30,,20146,3,,,0,70,,20147,3,,,0,30,,20148,3,,,0,70,,20149,3,,,0,30,,20150,3,,,0,70,,20151,3,,,0,30,,20152,3,,,0,70,,20153,3,,,0,30,,20154,3,,,0
2401,'259.0.2',611,,20155,3,,,0,30,,20156,3,,,0,70,,20157,3,,,0,30,,20158,3,,,0,70,,20159,3,,,0,30,,20160,3,,,0,70,,20161,3,,,0,32,,20162,3,,,0,74,,20163,3,,,0,30,,20164,3,,,0,70,,20165,3,,,0,30,,20166,3,,,0,70,,20167,3,,,0,30,,20168,3,,,0,70,,20169,3,,,0,30,,20170,3,,,0,70,,20171,3,,,0,30,,20172,3,,,0,70,,20173,3,,,0,30,,20174,3,,,0,70,,20175,3,,,0,30,,20176,3,,,0,70,,20177,3,,,0,30,,20178,3,,,0,70,,20179,3,,,0,28,,20180,3,,,0,68,,20181,3,,,0,30,,20182,3,,,0,70,,20183,3,,,0,30,,20184,3,,,0,70,,20185,3,,,0,30,,20186,3,,,0,70,,20187,3,,,0,30,,20188,3,,,0,70,,20189,3,,,0,30,,20190,3,,,0
2401,'259.0.3',646,,20191,3,,,0,70,,20192,3,,,0,34,,20193,3,,,0,71,,20194,3,,,0,30,,20195,3,,,0,70,,20196,3,,,0,25,,20197,3,,,0,70,,20198,3,,,0,30,,20199,3,,,0,70,,20200,3,,,0,31,,20201,3,,,0,70,,20202,3,,,0,30,,20203,3,,,0,70,,20204,3,,,0,30,,20205,3,,,0,70,,20206,3,,,0,30,,20207,3,,,0,70,,20208,3,,,0,30,,20209,3,,,0,70,,20210,3,,,0,30,,20211,3,,,0,70,,20212,3,,,0,30,,20213,3,,,0,70,,20214,3,,,0,30,,20215,3,,,0,68,,20216,3,,,0,26,,20217,3,,,0,70,,20218,3,,,0,30,,20219,3,,,0,70,,20220,3,,,0,30,,20221,3,,,0,70,,20222,3,,,0,30,,20223,3,,,0,70,,20224,3,,,0,30,,20225,3,,,0,70,,20226,3,,,0
1001000,'259.0.3',626,,24716,7,,,0,19,,24717,7,,,0,59,,24718,7,,,0,28,,24719,7,,,0,18,,24720,7,,,0,57,,24721,7,,,0,20,,24722,7,,,0,20,,24723,7,,,0,60,,24724,7,,,0,500,,24725,7,,,0,19,,24726,7,,,0,20,,24727,7,,,0,60,,24728,7,,,0,20,,24729,7,,,0,21,,24730,7,,,0,60,,24731,7,,,0,20,,24732,7,,,0,20,,24733,7,,,0,10,,24734,7,,,0,70,,24735,7,,,0,20,,24736,7,,,0,60,,24737,7,,,0,19,,24738,7,,,0
2001000,'259.0.1',635,,25713,7,,,0,85,,25714,7,,,0,30,,25715,7,,,0,70,,25716,7,,,0,30,,25717,7,,,0,70,,25718,7,,,0,31,,25719,7,,,0,70,,25720,7,,,0,30,,25721,7,,,0,70,,25722,7,,,0,30,,25723,7,,,0,70,,25724,7,,,0,30,,25725,7,,,0,70,,25726,7,,,0,30,,25727,7,,,0,70,,25728,7,,,0,30,,25729,7,,,0,70,,25730,7,,,0,30,,25731,7,,,0,70,,25732,7,,,0,30,,25733,7,,,0,70,,25734,7,,,0,30,,25735,7,,,0,70,,25736,7,,,0,30,,25737,7,,,0,70,,25738,7,,,0,30,,25739,7,,,0,85,,25740,7,,,0,100,,25741,7,,,0,100,,25742,7,,,0,100,,25743,7,,,0
2001000,'259.0.2',635,,25744,7,,,0,115,,25745,7,,,0,70,,25746,7,,,0,30,,25747,7,,,0,70,,25748,7,,,0,31,,25749,7,,,0,70,,25750,7,,,0,30,,25751,7,,,0,70,,25752,7,,,0,30,,25753,7,,,0,70,,25754,7,,,0,30,,25755,7,,,0,70,,25756,7,,,0,30,,25757,7,,,0,70,,25758,7,,,0,30,,25759,7,,,0,70,,25760,7,,,0,30,,25761,7,,,0,70,,25762,7,,,0,30,,25763,7,,,0,70,,25764,7,,,0,30,,25765,7,,,0,85,,25766,7,,,0,99,,25767,7,,,0,100,,25768,7,,,0,100,,25769,7,,,0,100,,25770,7,,,0,100,,25771,7,,,0,100,,25772,7,,,0
2001000,'259.0.3',548,,25773,7,,,0,91,,25774,7,,,0,20,,25775,7,,,0,60,,25776,7,,,0,20,,25777,7,,,0,20,,25778,7,,,0,61,,25779,7,,,0,20,,25780,7,,,0,60,,25781,7,,,0,37,,25782,7,,,0,70,,25783,7,,,0,30,,25784,7,,,0,70,,25785,7,,,0,30,,25786,7,,,0,70,,25787,7,,,0,30,,25788,7,,,0,70,,25789,7,,,0,30,,25790,7,,,0,65,,25791,7,,,0,17,,25792,7,,,0,20,,25793,7,,,0,20,,25794,7,,,0,60,,25795,7,,,0,21,,25796,7,,,0,60,,25797,7,,,0,20,,25798,7,,,0,20,,25799,7,,,0,60,,25800,7,,,0,20,,25801,7,,,0,20,,25802,7,,,0,60,,25803,7,,,0,19,,25804,7,,,0,23,,25805,7,,,0,60,,25806,7,,,0,24,,25807,7,,,0,30,,25808,7,,,0,70,,25809,7,,,0,30,,25810,7,,,0,70,,25811,7,,,0
3001000,'259.0.1',605,,26275,7,,,0,100,,26276,7,,,0,30,,26277,7,,,0,70,,26278,7,,,0,30,,26279,7,,,0,70,,26280,7,,,0,31,,26281,7,,,0,70,,26282,7,,,0,30,,26283,7,,,0,70,,26284,7,,,0,30,,26285,7,,,0,70,,26286,7,,,0,30,,26287,7,,,0,70,,26288,7,,,0,30,,26289,7,,,0,70,,26290,7,,,0,30,,26291,7,,,0,70,,26292,7,,,0,30,,26293,7,,,0,70,,26294,7,,,0,30,,26295,7,,,0,70,,26296,7,,,0,30,,26297,7,,,0,70,,26298,7,,,0,30,,26299,7,,,0,70,,26300,7,,,0,100,,26301,7,,,0,100,,26302,7,,,0,100,,26303,7,,,0,100,,26304,7,,,0,100,,26305,7,,,0
3001000,'259.0.2',605,,26307,7,,,0,100,,26308,7,,,0,30,,26309,7,,,0,70,,26310,7,,,0,30,,26311,7,,,0,70,,26312,7,,,0,30,,26313,7,,,0,71,,26314,7,,,0,30,,26315,7,,,0,70,,26316,7,,,0,30,,26317,7,,,0,70,,26318,7,,,0,30,,26319,7,,,0,70,,26320,7,,,0,30,,26321,7,,,0,70,,26322,7,,,0,30,,26323,7,,,0,70,,26324,7,,,0,30,,26325,7,,,0,70,,26326,7,,,0,30,,26327,7,,,0,70,,26328,7,,,0,30,,26329,7,,,0,70,,26330,7,,,0,100,,26331,7,,,0,99,,26332,7,,,0,100,,26333,7,,,0,100,,26334,7,,,0,100,,26335,7,,,0
3001000,'259.0.3',553,,26339,7,,,0,59,,26340,7,,,0,20,,26341,7,,,0,19,,26342,7,,,0,58,,26343,7,,,0,17,,26344,7,,,0,18,,26345,7,,,0,70,,26346,7,,,0,20,,26347,7,,,0,20,,26348,7,,,0,68,,26349,7,,,0,30,,26350,7,,,0,70,,26351,7,,,0,30,,26352,7,,,0,70,,26353,7,,,0,30,,26354,7,,,0,70,,26355,7,,,0,30,,26356,7,,,0,70,,26357,7,,,0,30,,26358,7,,,0,60,,26359,7,,,0,20,,26360,7,,,0,20,,26361,7,,,0,60,,26362,7,,,0,20,,26363,7,,,0,21,,26364,7,,,0,60,,26365,7,,,0,20,,26366,7,,,0,20,,26367,7,,,0,60,,26368,7,,,0,20,,26369,7,,,0,20,,26370,7,,,0,59,,26371,7,,,0,20,,26372,7,,,0,20,,26373,7,,,0,59,,26374,7,,,0,30,,26375,7,,,0,70,,26376,7,,,0,30,,26377,7,,,0,70,,26378,7,,,0,30,,26379,7,,,0,68,,26380,7,,,0,30,,26381,7,,,0,70,,26382,7,,,0,30,,26383,7,,,0,70,,26384,7,,,0
