101,'259.0.1',608,,17919,11,,,0,15,,17920,11,,,0,15,,17921,11,,,0,15,,17922,11,,,0,55,,17923,11,,,0,15,,17924,11,,,0,17,,17925,11,,,0,15,,17926,11,,,0,55,,17927,11,,,0,15,,17928,11,,,0,15,,17929,11,,,0,15,,17930,11,,,0,55,,17931,11,,,0,15,,17932,11,,,0,15,,17933,11,,,0,15,,17934,11,,,0,55,,17935,11,,,0,15,,17936,11,,,0,15,,17937,11,,,0,15,,17938,11,,,0,58,,17939,11,,,0,15,,17940,11,,,0,15,,17941,11,,,0,15,,17942,11,,,0,55,,17943,11,,,0,15,,17944,11,,,0,15,,17945,11,,,0,15,,17946,11,,,0,55,,17947,11,,,0,15,,17948,11,,,0,15,,17949,11,,,0,15,,17950,11,,,0,55,,17951,11,,,0,15,,17952,11,,,0,15,,17953,11,,,0,15,,17954,11,,,0,55,,17955,11,,,0,15,,17956,11,,,0,15,,17957,11,,,0,15,,17958,11,,,0,55,,17959,11,,,0,15,,17960,11,,,0,15,,17961,11,,,0,15,,17962,11,,,0,55,,17963,11,,,0,15,,17964,11,,,0,15,,17965,11,,,0,15,,17966,11,,,0,54,,17967,11,,,0,14,,17968,11,,,0,15,,17969,11,,,0,15,,17970,11,,,0,55,,17971,11,,,0,15,,17972,11,,,0,15,,17973,11,,,0,15,,17974,11,,,0,55,,17975,11,,,0,15,,17976,11,,,0,15,,17977,11,,,0,15,,17978,11,,,0,52,,17979,11,,,0,15,,17980,11,,,0,15,,17981,11,,,0,15,,17982,11,,,0,55,,17983,11,,,0,15,,17984,11,,,0,15,,17985,11,,,0,15,,17986,11,,,0,55,,17987,11,,,0,15,,17988,11,,,0,15,,17989,11,,,0,15,,17990,11,,,0,55,,17991,11,,,0,15,,17992,11,,,0,15,,17993,11,,,0
101,'259.0.2',607,,17994,11,,,0,25,,17995,11,,,0,15,,17996,11,,,0,55,,17997,11,,,0,15,,17998,11,,,0,15,,17999,11,,,0,15,,18000,11,,,0,55,,18001,11,,,0,15,,18002,11,,,0,16,,18003,11,,,0,16,,18004,11,,,0,55,,18005,11,,,0,15,,18006,11,,,0,15,,18007,11,,,0,15,,18008,11,,,0,55,,18009,11,,,0,15,,18010,11,,,0,15,,18011,11,,,0,15,,18012,11,,,0,55,,18013,11,,,0,16,,18014,11,,,0,16,,18015,11,,,0,15,,18016,11,,,0,55,,18017,11,,,0,15,,18018,11,,,0,15,,18019,11,,,0,15,,18020,11,,,0,55,,18021,11,,,0,15,,18022,11,,,0,15,,18023,11,,,0,15,,18024,11,,,0,55,,18025,11,,,0,15,,18026,11,,,0,15,,18027,11,,,0,15,,18028,11,,,0,55,,18029,11,,,0,15,,18030,11,,,0,15,,18031,11,,,0,15,,18032,11,,,0,55,,18033,11,,,0,15,,18034,11,,,0,15,,18035,11,,,0,15,,18036,11,,,0,55,,18037,11,,,0,15,,18038,11,,,0,15,,18039,11,,,0,15,,18040,11,,,0,55,,18041,11,,,0,14,,18042,11,,,0,13,,18043,11,,,0,15,,18044,11,,,0,55,,18045,11,,,0,15,,18046,11,,,0,15,,18047,11,,,0,15,,18048,11,,,0,55,,18049,11,,,0,30,,18050,11,,,0,70,,18051,11,,,0,30,,18052,11,,,0,70,,18053,11,,,0,30,,18054,11,,,0,70,,18055,11,,,0,30,,18056,11,,,0,70,,18057,11,,,0
101,'259.0.3',556,,18058,11,,,0,70,,18059,11,,,0,13,,18060,11,,,0,15,,18061,11,,,0,55,,18062,11,,,0,10,,18063,11,,,0,10,,18064,11,,,0,13,,18065,11,,,0,12,,18066,11,,,0,50,,18067,11,,,0,10,,18068,11,,,0,10,,18069,11,,,0,12,,18070,11,,,0,10,,18071,11,,,0,8,,18072,11,,,0,48,,18073,11,,,0,10,,18074,11,,,0,10,,18075,11,,,0,10,,18076,11,,,0,10,,18077,11,,,0,10,,18078,11,,,0,49,,18079,11,,,0,9,,18080,11,,,0,10,,18081,11,,,0,10,,18082,11,,,0,10,,18083,11,,,0,10,,18084,11,,,0,50,,18085,11,,,0,10,,18086,11,,,0,10,,18087,11,,,0,11,,18088,11,,,0,10,,18089,11,,,0,10,,18090,11,,,0,50,,18091,11,,,0,10,,18092,11,,,0,10,,18093,11,,,0,10,,18094,11,,,0,10,,18095,11,,,0,10,,18096,11,,,0,50,,18097,11,,,0,10,,18098,11,,,0,10,,18099,11,,,0,10,,18100,11,,,0,10,,18101,11,,,0,10,,18102,11,,,0,50,,18103,11,,,0,10,,18104,11,,,0,10,,18105,11,,,0,10,,18106,11,,,0,10,,18107,11,,,0,10,,18108,11,,,0,50,,18109,11,,,0,10,,18110,11,,,0,10,,18111,11,,,0,10,,18112,11,,,0,12,,18113,11,,,0,12,,18114,11,,,0,50,,18115,11,,,0,10,,18116,11,,,0,10,,18117,11,,,0,10,,18118,11,,,0,10,,18119,11,,,0,10,,18120,11,,,0,50,,18121,11,,,0,10,,18122,11,,,0,10,,18123,11,,,0,10,,18124,11,,,0,10,,18125,11,,,0,10,,18126,11,,,0,49,,18127,11,,,0,7,,18128,11,,,0,9,,18129,11,,,0,10,,18130,11,,,0,10,,18131,11,,,0,10,,18132,11,,,0,50,,18133,11,,,0,10,,18134,11,,,0,10,,18135,11,,,0,10,,18136,11,,,0,10,,18137,11,,,0,10,,18138,11,,,0,50,,18139,11,,,0,9,,18140,11,,,0,9,,18141,11,,,0,10,,18142,11,,,0,10,,18143,11,,,0,10,,18144,11,,,0,10,,18145,11,,,0,50,,18146,11,,,0,10,,18147,11,,,0,10,,18148,11,,,0,10,,18149,11,,,0,10,,18150,11,,,0,10,,18151,11,,,0,50,,18152,11,,,0,10,,18153,11,,,0,15,,18154,11,,,0,15,,18155,11,,,0,55,,18156,11,,,0,15,,18157,11,,,0,15,,18158,11,,,0,15,,18159,11,,,0,55,,18160,11,,,0,15,,18161,11,,,0,15,,18162,11,,,0,15,,18163,11,,,0,55,,18164,11,,,0
800,'259.0.1',542,,19386,5,,,0,70,,19387,5,,,0,30,,19388,5,,,0,70,,19389,5,,,0,30,,19390,5,,,0,60,,19391,5,,,0,21,,19392,5,,,0,30,,19393,5,,,0,70,,19394,5,,,0,30,,19395,5,,,0,70,,19396,5,,,0,26,,19397,5,,,0,70,,19398,5,,,0,30,,19399,5,,,0,70,,19400,5,,,0,30,,19401,5,,,0,70,,19402,5,,,0,30,,19403,5,,,0,70,,19404,5,,,0,30,,19405,5,,,0,70,,19406,5,,,0,30,,19407,5,,,0,70,,19408,5,,,0,30,,19409,5,,,0,70,,19410,5,,,0,30,,19411,5,,,0,74,,19412,5,,,0,30,,19413,5,,,0,70,,19414,5,,,0,30,,19415,5,,,0,70,,19416,5,,,0,30,,19417,5,,,0,70,,19418,5,,,0,30,,19419,5,,,0,70,,19420,5,,,0,30,,19421,5,,,0,70,,19422,5,,,0,100,,19423,5,,,0
800,'259.0.2',558,,19424,5,,,0,70,,19425,5,,,0,30,,19426,5,,,0,70,,19427,5,,,0,30,,19428,5,,,0,70,,19429,5,,,0,30,,19430,5,,,0,70,,19431,5,,,0,30,,19432,5,,,0,70,,19433,5,,,0,30,,19434,5,,,0,65,,19435,5,,,0,30,,19436,5,,,0,71,,19437,5,,,0,30,,19438,5,,,0,70,,19439,5,,,0,30,,19440,5,,,0,70,,19441,5,,,0,30,,19442,5,,,0,70,,19443,5,,,0,30,,19444,5,,,0,75,,19445,5,,,0,30,,19446,5,,,0,70,,19447,5,,,0,30,,19448,5,,,0,70,,19449,5,,,0,29,,19450,5,,,0,70,,19451,5,,,0,30,,19452,5,,,0,70,,19453,5,,,0,30,,19454,5,,,0,70,,19455,5,,,0,30,,19456,5,,,0,70,,19457,5,,,0,100,,19458,5,,,0,100,,19459,5,,,0
800,'259.0.3',530,,19462,5,,,0,70,,19463,5,,,0,30,,19464,5,,,0,70,,19465,5,,,0,30,,19466,5,,,0,71,,19467,5,,,0,30,,19468,5,,,0,70,,19469,5,,,0,30,,19470,5,,,0,20,,19471,5,,,0,60,,19472,5,,,0,20,,19473,5,,,0,20,,19474,5,,,0,60,,19475,5,,,0,20,,19476,5,,,0,20,,19477,5,,,0,60,,19478,5,,,0,20,,19479,5,,,0,20,,19480,5,,,0,60,,19481,5,,,0,20,,19482,5,,,0,20,,19483,5,,,0,60,,19484,5,,,0,20,,19485,5,,,0,20,,19486,5,,,0,62,,19487,5,,,0,20,,19488,5,,,0,20,,19489,5,,,0,60,,19490,5,,,0,20,,19491,5,,,0,20,,19492,5,,,0,60,,19493,5,,,0,20,,19494,5,,,0,77,,19495,5,,,0,10,,19510,5,,,0,10,,19496,5,,,0,70,,19497,5,,,0,30,,19498,5,,,0,70,,19499,5,,,0,30,,19500,5,,,0,70,,19501,5,,,0,30,,19502,5,,,0,70,,19503,5,,,0,30,,19504,5,,,0,70,,19505,5,,,0,30,,19506,5,,,0,70,,19507,5,,,0,30,,19508,5,,,0,70,,19509,5,,,0
1000900,'259.0.1',651,,24530,5,,,0,100,,24531,5,,,0,100,,24532,5,,,0,94,,24533,5,,,0,100,,24534,5,,,0,96,,24535,5,,,0,100,,24536,5,,,0,100,,24537,5,,,0,100,,24538,5,,,0,100,,24539,5,,,0,100,,24540,5,,,0,100,,24541,5,,,0,100,,24542,5,,,0,104,,24543,5,,,0,100,,24544,5,,,0,100,,24545,5,,,0,100,,24546,5,,,0,100,,24547,5,,,0
1000900,'259.0.2',649,,24548,5,,,0,96,,24549,5,,,0,100,,24550,5,,,0,100,,24551,5,,,0,100,,24552,5,,,0,100,,24553,5,,,0,100,,24554,5,,,0,100,,24555,5,,,0,100,,24556,5,,,0,100,,24557,5,,,0,100,,24558,5,,,0,100,,24559,5,,,0,100,,24560,5,,,0,100,,24561,5,,,0,102,,24562,5,,,0,100,,24563,5,,,0,100,,24564,5,,,0,100,,24565,5,,,0
1000900,'259.0.3',603,,24566,5,,,0,30,,24567,5,,,0,70,,24568,5,,,0,30,,24569,5,,,0,70,,24570,5,,,0,29,,24571,5,,,0,12,,24572,5,,,0,15,,24573,5,,,0,70,,24574,5,,,0,15,,24575,5,,,0,15,,24576,5,,,0,70,,24577,5,,,0,15,,24578,5,,,0,13,,24579,5,,,0,67,,24580,5,,,0,15,,24581,5,,,0,15,,24582,5,,,0,70,,24583,5,,,0,15,,24584,5,,,0,15,,24585,5,,,0,70,,24586,5,,,0,15,,24587,5,,,0,15,,24588,5,,,0,70,,24589,5,,,0,26,,24590,5,,,0,59,,24591,5,,,0,9,,24592,5,,,0,19,,24593,5,,,0,10,,24594,5,,,0,60,,24595,5,,,0,10,,24596,5,,,0,20,,24597,5,,,0,10,,24598,5,,,0,10,,24599,5,,,0,61,,24600,5,,,0,9,,24601,5,,,0,8,,24602,5,,,0,16,,24603,5,,,0,50,,24604,5,,,0,20,,24605,5,,,0,10,,24606,5,,,0,70,,24607,5,,,0,30,,24608,5,,,0,70,,24609,5,,,0,30,,24610,5,,,0,70,,24611,5,,,0,29,,24612,5,,,0,15,,24613,5,,,0,55,,24614,5,,,0,35,,24615,5,,,0,20,,24616,5,,,0,80,,24617,5,,,0,20,,24618,5,,,0,80,,24619,5,,,0
1001001,'259.0.3',646,,24739,11,,,0,64,,24740,11,,,0,20,,24741,11,,,0,20,,24742,11,,,0,60,,24743,11,,,0,20,,24744,11,,,0,20,,24745,11,,,0,56,,24746,11,,,0,20,,24747,11,,,0,508,,24748,11,,,0,15,,24749,11,,,0,64,,24750,11,,,0,21,,24751,11,,,0,20,,24752,11,,,0,60,,24753,11,,,0,20,,24754,11,,,0,25,,24755,11,,,0,64,,24756,11,,,0,22,,24757,11,,,0,60,,24758,11,,,0,9,,24759,11,,,0,20,,24760,11,,,0
2000900,'259.0.1',620,,25574,5,,,0,100,,25575,5,,,0,100,,25576,5,,,0,95,,25577,5,,,0,100,,25578,5,,,0,100,,25579,5,,,0,95,,25580,5,,,0,100,,25581,5,,,0,100,,25582,5,,,0,100,,25583,5,,,0,100,,25584,5,,,0,100,,25585,5,,,0,100,,25586,5,,,0,105,,25587,5,,,0,100,,25588,5,,,0,100,,25589,5,,,0,100,,25590,5,,,0,100,,25591,5,,,0,100,,25592,5,,,0
2000900,'259.0.2',619,,25593,5,,,0,97,,25594,5,,,0,98,,25595,5,,,0,100,,25596,5,,,0,101,,25597,5,,,0,100,,25598,5,,,0,100,,25599,5,,,0,100,,25600,5,,,0,100,,25601,5,,,0,100,,25602,5,,,0,100,,25603,5,,,0,100,,25604,5,,,0,100,,25605,5,,,0,100,,25606,5,,,0,101,,25607,5,,,0,100,,25608,5,,,0,100,,25609,5,,,0,100,,25610,5,,,0,100,,25611,5,,,0
2000900,'259.0.3',617,,25614,5,,,0,30,,25615,5,,,0,70,,25616,5,,,0,27,,25617,5,,,0,70,,25618,5,,,0,100,,25619,5,,,0,100,,25620,5,,,0,95,,25621,5,,,0,96,,25622,5,,,0,100,,25623,5,,,0,100,,25624,5,,,0,28,,25625,5,,,0,25,,25626,5,,,0,68,,25627,5,,,0,30,,25628,5,,,0,70,,25629,5,,,0,80,,25630,5,,,0,34,,25631,5,,,0,70,,25632,5,,,0,30,,25633,5,,,0,70,,25634,5,,,0,30,,25635,5,,,0,70,,25636,5,,,0,30,,25637,5,,,0,69,,25638,5,,,0,100,,25639,5,,,0,100,,25640,5,,,0,100,,25641,5,,,0,100,,25642,5,,,0
2001001,'259.0.1',655,,25812,22,,,0,94,,25813,22,,,0,87,,25814,22,,,0,72,,25815,22,,,0,30,,25816,22,,,0,71,,25817,22,,,0,33,,25818,22,,,0,71,,25819,22,,,0,31,,25820,22,,,0,72,,25821,22,,,0,33,,25822,22,,,0,72,,25823,22,,,0,30,,25824,22,,,0,70,,25825,22,,,0,30,,25826,22,,,0,70,,25827,22,,,0,30,,25828,22,,,0,70,,25829,22,,,0,30,,25830,22,,,0,70,,25831,22,,,0,30,,25832,22,,,0,70,,25833,22,,,0,30,,25834,22,,,0,66,,25835,22,,,0,26,,25836,22,,,0,70,,25837,22,,,0,30,,25838,22,,,0,100,,25839,22,,,0,99,,25840,22,,,0,99,,25841,22,,,0,100,,25842,22,,,0
2001001,'259.0.2',648,,25843,22,,,0,92,,25844,22,,,0,90,,25845,22,,,0,72,,25846,22,,,0,31,,25847,22,,,0,72,,25848,22,,,0,32,,25849,22,,,0,72,,25850,22,,,0,31,,25851,22,,,0,71,,25852,22,,,0,30,,25853,22,,,0,70,,25854,22,,,0,30,,25855,22,,,0,70,,25856,22,,,0,32,,25857,22,,,0,71,,25858,22,,,0,30,,25859,22,,,0,70,,25860,22,,,0,30,,25861,22,,,0,69,,25862,22,,,0,30,,25863,22,,,0,69,,25864,22,,,0,30,,25865,22,,,0,101,,25866,22,,,0,100,,25867,22,,,0,100,,25868,22,,,0,100,,25869,22,,,0,100,,25870,22,,,0,100,,25871,22,,,0
2001001,'259.0.3',607,,25872,22,,,0,30,,25873,22,,,0,63,,25874,22,,,0,23,,25875,22,,,0,22,,25910,22,,,0,60,,25876,22,,,0,20,,25877,22,,,0,20,,25878,22,,,0,60,,25879,22,,,0,50,,25880,22,,,0,60,,25881,22,,,0,24,,25882,22,,,0,71,,25883,22,,,0,31,,25884,22,,,0,70,,25885,22,,,0,30,,25886,22,,,0,70,,25887,22,,,0,30,,25888,22,,,0,79,,25889,22,,,0,21,,25890,22,,,0,64,,25891,22,,,0,15,,25892,22,,,0,21,,25893,22,,,0,60,,25894,22,,,0,20,,25895,22,,,0,21,,25896,22,,,0,64,,25897,22,,,0,25,,25898,22,,,0,21,,25899,22,,,0,60,,25900,22,,,0,9,,25901,22,,,0,20,,25902,22,,,0,70,,25903,22,,,0,25,,25904,22,,,0,72,,25905,22,,,0,30,,25906,22,,,0,70,,25907,22,,,0,30,,25908,22,,,0,70,,25909,22,,,0
3001001,'259.0.1',625,,26385,30,,,0,94,,26386,30,,,0,100,,26387,30,,,0,34,,26388,30,,,0,70,,26389,30,,,0,30,,26390,30,,,0,70,,26391,30,,,0,34,,26392,30,,,0,72,,26393,30,,,0,71,,26394,30,,,0,32,,26395,30,,,0,74,,26396,30,,,0,30,,26397,30,,,0,70,,26398,30,,,0,30,,26399,30,,,0,70,,26400,30,,,0,30,,26401,30,,,0,70,,26402,30,,,0,30,,26403,30,,,0,70,,26404,30,,,0,30,,26405,30,,,0,70,,26406,30,,,0,30,,26407,30,,,0,69,,26408,30,,,0,24,,26409,30,,,0,28,,26410,30,,,0,70,,26411,30,,,0,100,,26412,30,,,0,96,,26413,30,,,0,94,,26414,30,,,0,100,,26415,30,,,0
3001001,'259.0.2',623,,26417,30,,,0,90,,26418,30,,,0,100,,26419,30,,,0,30,,26420,30,,,0,70,,26421,30,,,0,30,,26422,30,,,0,73,,26423,30,,,0,33,,26424,30,,,0,74,,26425,30,,,0,30,,26426,30,,,0,70,,26427,30,,,0,31,,26428,30,,,0,71,,26429,30,,,0,30,,26430,30,,,0,70,,26431,30,,,0,30,,26432,30,,,0,73,,26433,30,,,0,30,,26434,30,,,0,70,,26435,30,,,0,30,,26436,30,,,0,70,,26437,30,,,0,30,,26438,30,,,0,70,,26439,30,,,0,29,,26440,30,,,0,67,,26441,30,,,0,100,,26442,30,,,0,94,,26443,30,,,0,100,,26444,30,,,0,100,,26445,30,,,0
3001001,'259.0.3',552,,26447,30,,,0,70,,26448,30,,,0,31,,26449,30,,,0,65,,26450,30,,,0,22,,26451,30,,,0,60,,26452,30,,,0,18,,26453,30,,,0,19,,26454,30,,,0,20,,26455,30,,,0,56,,26456,30,,,0,32,,26457,30,,,0,60,,26458,30,,,0,20,,26459,30,,,0,28,,26460,30,,,0,73,,26461,30,,,0,30,,26462,30,,,0,70,,26463,30,,,0,30,,26464,30,,,0,70,,26465,30,,,0,30,,26466,30,,,0,70,,26467,30,,,0,30,,26468,30,,,0,70,,26469,30,,,0,21,,26470,30,,,0,60,,26471,30,,,0,20,,26472,30,,,0,21,,26473,30,,,0,67,,26474,30,,,0,23,,26475,30,,,0,20,,26476,30,,,0,60,,26477,30,,,0,18,,26478,30,,,0,16,,26479,30,,,0,57,,26480,30,,,0,12,,26481,30,,,0,12,,26482,30,,,0,19,,26483,30,,,0,79,,26484,30,,,0,70,,26485,30,,,0,30,,26486,30,,,0,70,,26487,30,,,0,30,,26488,30,,,0,28,,26489,30,,,0,64,,26490,30,,,0
