401,'259.0.1',631,,18926,35,,,0,100,,18927,35,,,0,100,,18928,35,,,0,70,,18929,35,,,0,30,,18930,35,,,0,70,,18931,35,,,0,30,,18932,35,,,0,70,,18933,35,,,0,33,,18934,35,,,0,70,,18935,35,,,0,30,,18936,35,,,0,70,,18937,35,,,0,30,,18938,35,,,0,70,,18939,35,,,0,30,,18940,35,,,0,70,,18941,35,,,0,30,,18942,35,,,0,70,,18943,35,,,0,30,,18944,35,,,0,70,,18945,35,,,0,30,,18946,35,,,0,70,,18947,35,,,0,28,,18948,35,,,0,70,,18949,35,,,0,30,,18950,35,,,0,70,,18951,35,,,0,30,,18952,35,,,0,70,,18953,35,,,0,30,,18954,35,,,0,70,,18955,35,,,0,26,,18956,35,,,0,100,,18957,35,,,0,100,,18958,35,,,0
401,'259.0.2',731,,18959,35,,,0,70,,18960,35,,,0,30,,18961,35,,,0,70,,18962,35,,,0,30,,18963,35,,,0,70,,18964,35,,,0,30,,18965,35,,,0,70,,18966,35,,,0,29,,18967,35,,,0,70,,18968,35,,,0,30,,18969,35,,,0,70,,18970,35,,,0,30,,18971,35,,,0,70,,18972,35,,,0,30,,18973,35,,,0,70,,18974,35,,,0,30,,18975,35,,,0,70,,18976,35,,,0,30,,18977,35,,,0,70,,18978,35,,,0,30,,18979,35,,,0,70,,18980,35,,,0,30,,18981,35,,,0,70,,18982,35,,,0,30,,18983,35,,,0,72,,18984,35,,,0,26,,18985,35,,,0,100,,18986,35,,,0,100,,18987,35,,,0,100,,18988,35,,,0,100,,18989,35,,,0
401,'259.0.3',610,,18990,35,,,0,15,,18991,35,,,0,15,,18992,35,,,0,15,,18993,35,,,0,58,,18994,35,,,0,20,,18995,35,,,0,8,,18996,35,,,0,8,,18997,35,,,0,8,,18998,35,,,0,48,,18999,35,,,0,8,,19000,35,,,0,8,,19001,35,,,0,8,,19002,35,,,0,8,,19003,35,,,0,8,,19004,35,,,0,8,,19005,35,,,0,48,,19006,35,,,0,8,,19007,35,,,0,7,,19008,35,,,0,6,,19009,35,,,0,8,,19010,35,,,0,8,,19011,35,,,0,8,,19012,35,,,0,8,,19013,35,,,0,48,,19014,35,,,0,8,,19015,35,,,0,8,,19016,35,,,0,8,,19017,35,,,0,8,,19018,35,,,0,11,,19019,35,,,0,55,,19020,35,,,0,15,,19021,35,,,0,15,,19022,35,,,0,15,,19023,35,,,0,55,,19024,35,,,0,15,,19025,35,,,0,15,,19026,35,,,0,15,,19027,35,,,0,55,,19028,35,,,0,15,,19029,35,,,0,15,,19030,35,,,0,15,,19031,35,,,0,55,,19032,35,,,0,15,,19033,35,,,0,15,,19034,35,,,0,15,,19035,35,,,0,55,,19036,35,,,0,15,,19037,35,,,0,17,,19038,35,,,0,18,,19039,35,,,0,55,,19040,35,,,0,15,,19041,35,,,0,15,,19042,35,,,0,15,,19043,35,,,0,55,,19044,35,,,0,15,,19045,35,,,0,15,,19046,35,,,0,15,,19047,35,,,0,53,,19048,35,,,0,12,,19049,35,,,0,11,,19050,35,,,0,15,,19051,35,,,0,15,,19052,35,,,0,60,,19053,35,,,0,20,,19054,35,,,0,20,,19055,35,,,0,60,,19056,35,,,0,20,,19057,35,,,0,20,,19058,35,,,0,60,,19059,35,,,0,20,,19060,35,,,0,20,,19061,35,,,0,60,,19062,35,,,0,28,,19063,35,,,0,70,,19064,35,,,0,30,,19065,35,,,0,70,,19066,35,,,0,30,,19067,35,,,0,70,,19068,35,,,0
1001001,'259.0.3',648,,24739,14,,,0,65,,24740,14,,,0,20,,24741,14,,,0,20,,24742,14,,,0,60,,24743,14,,,0,20,,24744,14,,,0,20,,24745,14,,,0,56,,24746,14,,,0,20,,24747,14,,,0,508,,24748,14,,,0,15,,24749,14,,,0,64,,24750,14,,,0,21,,24751,14,,,0,20,,24752,14,,,0,60,,24753,14,,,0,20,,24754,14,,,0,65,,24755,14,,,0,24,,24756,14,,,0,22,,24757,14,,,0,60,,24758,14,,,0,9,,24759,14,,,0,20,,24760,14,,,0
2001001,'259.0.1',657,,25812,25,,,0,94,,25813,25,,,0,87,,25814,25,,,0,72,,25815,25,,,0,30,,25816,25,,,0,71,,25817,25,,,0,33,,25818,25,,,0,72,,25819,25,,,0,31,,25820,25,,,0,72,,25821,25,,,0,33,,25822,25,,,0,72,,25823,25,,,0,30,,25824,25,,,0,70,,25825,25,,,0,30,,25826,25,,,0,70,,25827,25,,,0,30,,25828,25,,,0,70,,25829,25,,,0,30,,25830,25,,,0,70,,25831,25,,,0,30,,25832,25,,,0,70,,25833,25,,,0,30,,25834,25,,,0,66,,25835,25,,,0,26,,25836,25,,,0,70,,25837,25,,,0,30,,25838,25,,,0,100,,25839,25,,,0,98,,25840,25,,,0,99,,25841,25,,,0,100,,25842,25,,,0
2001001,'259.0.2',650,,25843,25,,,0,92,,25844,25,,,0,90,,25845,25,,,0,72,,25846,25,,,0,31,,25847,25,,,0,72,,25848,25,,,0,32,,25849,25,,,0,72,,25850,25,,,0,31,,25851,25,,,0,71,,25852,25,,,0,30,,25853,25,,,0,70,,25854,25,,,0,30,,25855,25,,,0,70,,25856,25,,,0,32,,25857,25,,,0,71,,25858,25,,,0,30,,25859,25,,,0,70,,25860,25,,,0,30,,25861,25,,,0,69,,25862,25,,,0,30,,25863,25,,,0,70,,25864,25,,,0,29,,25865,25,,,0,101,,25866,25,,,0,100,,25867,25,,,0,100,,25868,25,,,0,100,,25869,25,,,0,100,,25870,25,,,0,100,,25871,25,,,0
2001001,'259.0.3',609,,25872,25,,,0,30,,25873,25,,,0,64,,25874,25,,,0,23,,25875,25,,,0,22,,25910,25,,,0,60,,25876,25,,,0,20,,25877,25,,,0,20,,25878,25,,,0,60,,25879,25,,,0,50,,25880,25,,,0,60,,25881,25,,,0,24,,25882,25,,,0,71,,25883,25,,,0,31,,25884,25,,,0,70,,25885,25,,,0,30,,25886,25,,,0,70,,25887,25,,,0,30,,25888,25,,,0,79,,25889,25,,,0,21,,25890,25,,,0,64,,25891,25,,,0,15,,25892,25,,,0,21,,25893,25,,,0,60,,25894,25,,,0,20,,25895,25,,,0,21,,25896,25,,,0,64,,25897,25,,,0,25,,25898,25,,,0,21,,25899,25,,,0,60,,25900,25,,,0,9,,25901,25,,,0,20,,25902,25,,,0,70,,25903,25,,,0,25,,25904,25,,,0,72,,25905,25,,,0,30,,25906,25,,,0,70,,25907,25,,,0,30,,25908,25,,,0,70,,25909,25,,,0
3001001,'259.0.1',627,,26385,33,,,0,94,,26386,33,,,0,100,,26387,33,,,0,34,,26388,33,,,0,70,,26389,33,,,0,30,,26390,33,,,0,70,,26391,33,,,0,34,,26392,33,,,0,73,,26393,33,,,0,71,,26394,33,,,0,32,,26395,33,,,0,74,,26396,33,,,0,30,,26397,33,,,0,70,,26398,33,,,0,30,,26399,33,,,0,70,,26400,33,,,0,30,,26401,33,,,0,70,,26402,33,,,0,30,,26403,33,,,0,70,,26404,33,,,0,30,,26405,33,,,0,70,,26406,33,,,0,30,,26407,33,,,0,69,,26408,33,,,0,24,,26409,33,,,0,68,,26410,33,,,0,30,,26411,33,,,0,100,,26412,33,,,0,96,,26413,33,,,0,93,,26414,33,,,0,100,,26415,33,,,0
3001001,'259.0.2',625,,26417,33,,,0,90,,26418,33,,,0,100,,26419,33,,,0,30,,26420,33,,,0,70,,26421,33,,,0,30,,26422,33,,,0,73,,26423,33,,,0,33,,26424,33,,,0,74,,26425,33,,,0,30,,26426,33,,,0,71,,26427,33,,,0,30,,26428,33,,,0,71,,26429,33,,,0,30,,26430,33,,,0,70,,26431,33,,,0,30,,26432,33,,,0,73,,26433,33,,,0,70,,26434,33,,,0,30,,26435,33,,,0,70,,26436,33,,,0,30,,26437,33,,,0,70,,26438,33,,,0,30,,26439,33,,,0,29,,26440,33,,,0,67,,26441,33,,,0,100,,26442,33,,,0,94,,26443,33,,,0,100,,26444,33,,,0,100,,26445,33,,,0
3001001,'259.0.3',554,,26447,33,,,0,70,,26448,33,,,0,32,,26449,33,,,0,65,,26450,33,,,0,22,,26451,33,,,0,60,,26452,33,,,0,18,,26453,33,,,0,19,,26454,33,,,0,60,,26455,33,,,0,16,,26456,33,,,0,32,,26457,33,,,0,60,,26458,33,,,0,20,,26459,33,,,0,28,,26460,33,,,0,73,,26461,33,,,0,30,,26462,33,,,0,70,,26463,33,,,0,30,,26464,33,,,0,70,,26465,33,,,0,30,,26466,33,,,0,70,,26467,33,,,0,30,,26468,33,,,0,70,,26469,33,,,0,21,,26470,33,,,0,60,,26471,33,,,0,20,,26472,33,,,0,21,,26473,33,,,0,67,,26474,33,,,0,23,,26475,33,,,0,60,,26476,33,,,0,20,,26477,33,,,0,18,,26478,33,,,0,16,,26479,33,,,0,57,,26480,33,,,0,12,,26481,33,,,0,12,,26482,33,,,0,19,,26483,33,,,0,79,,26484,33,,,0,70,,26485,33,,,0,30,,26486,33,,,0,70,,26487,33,,,0,30,,26488,33,,,0,68,,26489,33,,,0,24,,26490,33,,,0
