6700,'244.0.1',816,,13380,28,,,0,100,,13381,28,,,0,104,,13382,28,,,0,103,,13383,28,,,0,100,,13384,28,,,0,100,,13385,28,,,0,100,,13386,28,,,0,100,,13387,28,,,0,100,,13388,28,,,0,100,,13389,28,,,0,100,,13390,28,,,0,94,,13391,28,,,0,99,,13392,28,,,0,100,,13393,28,,,0,100,,13394,28,,,0,100,,13395,28,,,0
6700,'244.0.2',814,,13396,28,,,0,100,,13397,28,,,0,100,,13398,28,,,0,106,,13399,28,,,0,102,,13400,28,,,0,100,,13401,28,,,0,100,,13402,28,,,0,100,,13403,28,,,0,100,,13404,28,,,0,100,,13405,28,,,0,97,,13406,28,,,0,98,,13407,28,,,0,100,,13408,28,,,0,100,,13409,28,,,0,97,,13410,28,,,0,100,,13411,28,,,0
6700,'244.0.3',630,,13412,28,,,0,70,,13413,28,,,0,30,,13414,28,,,0,70,,13415,28,,,0,30,,13416,28,,,0,70,,13417,28,,,0,30,,13418,28,,,0,100,,13419,28,,,0,99,,13420,28,,,0,100,,13421,28,,,0,100,,13422,28,,,0,100,,13423,28,,,0,100,,13424,28,,,0,30,,13425,28,,,0,70,,13426,28,,,0,30,,13427,28,,,0,70,,13428,28,,,0,71,,13429,28,,,0,30,,13430,28,,,0,70,,13431,28,,,0,100,,13432,28,,,0,100,,13433,28,,,0,100,,13434,28,,,0,100,,13435,28,,,0
1000601,'244.0.3',542,,15372,14,,,0,70,,15373,14,,,0,30,,15374,14,,,0,70,,15375,14,,,0,30,,15376,14,,,0,70,,15377,14,,,0,30,,15378,14,,,0,70,,15379,14,,,0,15,,15380,14,,,0,30,,15381,14,,,0,70,,15382,14,,,0,30,,15383,14,,,0,70,,15384,14,,,0,30,,15385,14,,,0,70,,15386,14,,,0,30,,15387,14,,,0,70,,15388,14,,,0,30,,15389,14,,,0,70,,15390,14,,,0,30,,15391,14,,,0,55,,15392,14,,,0,30,,15393,14,,,0,70,,15394,14,,,0,30,,15395,14,,,0,70,,15396,14,,,0,30,,15397,14,,,0,70,,15398,14,,,0,30,,15399,14,,,0
2000601,'244.0.1',608,,16367,14,,,0,100,,16368,14,,,0,101,,16369,14,,,0,100,,16370,14,,,0,101,,16371,14,,,0,100,,16372,14,,,0,100,,16373,14,,,0,100,,16374,14,,,0,100,,16375,14,,,0,100,,16376,14,,,0,100,,16377,14,,,0,99,,16378,14,,,0,100,,16379,14,,,0,100,,16380,14,,,0,100,,16381,14,,,0,100,,16382,14,,,0,100,,16383,14,,,0,100,,16384,14,,,0,100,,16385,14,,,0
2000601,'244.0.2',608,,16387,14,,,0,100,,16388,14,,,0,100,,16389,14,,,0,102,,16390,14,,,0,100,,16391,14,,,0,100,,16392,14,,,0,100,,16393,14,,,0,100,,16394,14,,,0,100,,16395,14,,,0,100,,16396,14,,,0,100,,16397,14,,,0,100,,16398,14,,,0,100,,16399,14,,,0,99,,16400,14,,,0,100,,16401,14,,,0,100,,16402,14,,,0,100,,16403,14,,,0,100,,16404,14,,,0,100,,16405,14,,,0
2000601,'244.0.3',548,,16408,14,,,0,70,,16409,14,,,0,31,,16410,14,,,0,70,,16411,14,,,0,30,,16412,14,,,0,70,,16413,14,,,0,31,,16414,14,,,0,65,,16415,14,,,0,100,,16416,14,,,0,100,,16417,14,,,0,100,,16418,14,,,0,100,,16419,14,,,0,100,,16420,14,,,0,104,,16421,14,,,0,30,,16422,14,,,0,70,,16423,14,,,0,30,,16424,14,,,0,69,,16425,14,,,0,30,,16426,14,,,0,70,,16427,14,,,0,100,,16428,14,,,0,100,,16429,14,,,0,100,,16430,14,,,0,100,,16431,14,,,0,100,,16432,14,,,0,100,,16433,14,,,0
3000601,'244.0.1',638,,17381,14,,,0,100,,17382,14,,,0,100,,17383,14,,,0,100,,17384,14,,,0,101,,17385,14,,,0,100,,17386,14,,,0,101,,17387,14,,,0,100,,17388,14,,,0,100,,17389,14,,,0,100,,17390,14,,,0,100,,17391,14,,,0,100,,17392,14,,,0,99,,17393,14,,,0,100,,17394,14,,,0,100,,17395,14,,,0,100,,17396,14,,,0,100,,17397,14,,,0,100,,17398,14,,,0,100,,17399,14,,,0
3000601,'244.0.2',638,,17401,14,,,0,100,,17402,14,,,0,100,,17403,14,,,0,100,,17404,14,,,0,102,,17405,14,,,0,100,,17406,14,,,0,100,,17407,14,,,0,100,,17408,14,,,0,100,,17409,14,,,0,100,,17410,14,,,0,100,,17411,14,,,0,100,,17412,14,,,0,100,,17413,14,,,0,100,,17414,14,,,0,99,,17415,14,,,0,100,,17416,14,,,0,100,,17417,14,,,0,100,,17418,14,,,0,100,,17419,14,,,0
3000601,'244.0.3',603,,17421,14,,,0,30,,17422,14,,,0,70,,17423,14,,,0,31,,17424,14,,,0,70,,17425,14,,,0,30,,17426,14,,,0,70,,17427,14,,,0,40,,17428,14,,,0,100,,17429,14,,,0,100,,17430,14,,,0,101,,17431,14,,,0,100,,17432,14,,,0,100,,17433,14,,,0,89,,17434,14,,,0,70,,17435,14,,,0,30,,17436,14,,,0,70,,17437,14,,,0,30,,17438,14,,,0,69,,17439,14,,,0,30,,17440,14,,,0,116,,17441,14,,,0,100,,17442,14,,,0,100,,17443,14,,,0,100,,17444,14,,,0,100,,17445,14,,,0,100,,17446,14,,,0
