201,'259.0.1',610,,18331,20,,,0,100,,18332,20,,,0,100,,18333,20,,,0,15,,18334,20,,,0,15,,18335,20,,,0,15,,18336,20,,,0,55,,18337,20,,,0,15,,18338,20,,,0,15,,18339,20,,,0,15,,18340,20,,,0,57,,18341,20,,,0,16,,18342,20,,,0,15,,18343,20,,,0,15,,18344,20,,,0,55,,18345,20,,,0,15,,18346,20,,,0,15,,18347,20,,,0,15,,18348,20,,,0,55,,18349,20,,,0,15,,18350,20,,,0,15,,18351,20,,,0,15,,18352,20,,,0,55,,18353,20,,,0,15,,18354,20,,,0,15,,18355,20,,,0,15,,18356,20,,,0,55,,18357,20,,,0,15,,18358,20,,,0,15,,18359,20,,,0,15,,18360,20,,,0,55,,18361,20,,,0,15,,18362,20,,,0,15,,18363,20,,,0,15,,18364,20,,,0,55,,18365,20,,,0,15,,18366,20,,,0,14,,18367,20,,,0,15,,18368,20,,,0,55,,18369,20,,,0,15,,18370,20,,,0,15,,18371,20,,,0,15,,18372,20,,,0,55,,18373,20,,,0,15,,18374,20,,,0,13,,18375,20,,,0,14,,18376,20,,,0,55,,18377,20,,,0,30,,18378,20,,,0,70,,18379,20,,,0,30,,18380,20,,,0,70,,18381,20,,,0,30,,18382,20,,,0,70,,18383,20,,,0,30,,18384,20,,,0,70,,18385,20,,,0,30,,18386,20,,,0,70,,18387,20,,,0,30,,18388,20,,,0
201,'259.0.2',619,,18389,20,,,0,100,,18390,20,,,0,95,,18391,20,,,0,20,,18392,20,,,0,20,,18393,20,,,0,60,,18394,20,,,0,20,,18395,20,,,0,22,,18396,20,,,0,60,,18397,20,,,0,20,,18398,20,,,0,20,,18399,20,,,0,60,,18400,20,,,0,20,,18401,20,,,0,20,,18402,20,,,0,60,,18403,20,,,0,20,,18404,20,,,0,20,,18405,20,,,0,60,,18406,20,,,0,20,,18407,20,,,0,20,,18408,20,,,0,60,,18409,20,,,0,20,,18410,20,,,0,20,,18411,20,,,0,60,,18412,20,,,0,20,,18413,20,,,0,20,,18414,20,,,0,60,,18415,20,,,0,20,,18416,20,,,0,20,,18417,20,,,0,60,,18418,20,,,0,20,,18419,20,,,0,20,,18420,20,,,0,55,,18421,20,,,0,29,,18422,20,,,0,69,,18423,20,,,0,30,,18424,20,,,0,70,,18425,20,,,0,30,,18426,20,,,0,70,,18427,20,,,0,30,,18428,20,,,0,70,,18429,20,,,0,30,,18430,20,,,0,70,,18431,20,,,0,30,,18432,20,,,0,70,,18433,20,,,0
201,'259.0.3',541,,18434,20,,,0,70,,18435,20,,,0,30,,18436,20,,,0,15,,18437,20,,,0,55,,18438,20,,,0,18,,18439,20,,,0,17,,18440,20,,,0,55,,18441,20,,,0,15,,18442,20,,,0,15,,18443,20,,,0,15,,18444,20,,,0,55,,18445,20,,,0,14,,18446,20,,,0,15,,18447,20,,,0,15,,18448,20,,,0,55,,18449,20,,,0,15,,18450,20,,,0,15,,18451,20,,,0,15,,18452,20,,,0,55,,18453,20,,,0,15,,18454,20,,,0,15,,18455,20,,,0,15,,18456,20,,,0,55,,18457,20,,,0,15,,18458,20,,,0,15,,18459,20,,,0,15,,18460,20,,,0,55,,18461,20,,,0,15,,18462,20,,,0,15,,18463,20,,,0,15,,18464,20,,,0,55,,18465,20,,,0,15,,18466,20,,,0,15,,18467,20,,,0,15,,18468,20,,,0,55,,18469,20,,,0,15,,18470,20,,,0,15,,18471,20,,,0,15,,18472,20,,,0,55,,18473,20,,,0,15,,18474,20,,,0,15,,18475,20,,,0,15,,18476,20,,,0,55,,18477,20,,,0,15,,18478,20,,,0,15,,18479,20,,,0,15,,18480,20,,,0,14,,18481,20,,,0,55,,18482,20,,,0,15,,18483,20,,,0,15,,18484,20,,,0,69,,18485,20,,,0,30,,18486,20,,,0,70,,18487,20,,,0,30,,18488,20,,,0,70,,18489,20,,,0,30,,18490,20,,,0,70,,18491,20,,,0,30,,18492,20,,,0,70,,18493,20,,,0,30,,18494,20,,,0,70,,18495,20,,,0,30,,18496,20,,,0
301,'259.0.1',617,,18639,16,,,0,100,,18640,16,,,0,100,,18641,16,,,0,30,,18642,16,,,0,70,,18643,16,,,0,30,,18644,16,,,0,70,,18645,16,,,0,32,,18646,16,,,0,70,,18647,16,,,0,30,,18648,16,,,0,70,,18649,16,,,0,30,,18650,16,,,0,70,,18651,16,,,0,30,,18652,16,,,0,70,,18653,16,,,0,30,,18654,16,,,0,70,,18655,16,,,0,30,,18656,16,,,0,70,,18657,16,,,0,30,,18658,16,,,0,70,,18659,16,,,0,30,,18660,16,,,0,68,,18661,16,,,0,30,,18662,16,,,0,70,,18663,16,,,0,30,,18664,16,,,0,70,,18665,16,,,0,30,,18666,16,,,0,70,,18667,16,,,0,30,,18668,16,,,0,70,,18669,16,,,0,30,,18670,16,,,0,70,,18671,16,,,0,30,,18672,16,,,0,70,,18673,16,,,0,30,,18674,16,,,0
301,'259.0.2',616,,18675,16,,,0,100,,18676,16,,,0,100,,18677,16,,,0,30,,18678,16,,,0,70,,18679,16,,,0,20,,18680,16,,,0,20,,18681,16,,,0,60,,18682,16,,,0,21,,18683,16,,,0,20,,18684,16,,,0,60,,18685,16,,,0,20,,18686,16,,,0,20,,18687,16,,,0,60,,18688,16,,,0,20,,18689,16,,,0,20,,18690,16,,,0,60,,18691,16,,,0,20,,18692,16,,,0,20,,18693,16,,,0,60,,18694,16,,,0,20,,18695,16,,,0,20,,18696,16,,,0,60,,18697,16,,,0,20,,18698,16,,,0,20,,18699,16,,,0,60,,18700,16,,,0,20,,18701,16,,,0,20,,18702,16,,,0,60,,18703,16,,,0,20,,18704,16,,,0,20,,18705,16,,,0,60,,18706,16,,,0,30,,18707,16,,,0,70,,18708,16,,,0,30,,18709,16,,,0,70,,18710,16,,,0,30,,18711,16,,,0,69,,18712,16,,,0,30,,18713,16,,,0,70,,18714,16,,,0,30,,18715,16,,,0,70,,18716,16,,,0,30,,18717,16,,,0,70,,18718,16,,,0
301,'259.0.3',547,,18719,16,,,0,70,,18720,16,,,0,15,,18721,16,,,0,15,,18722,16,,,0,55,,18723,16,,,0,15,,18724,16,,,0,17,,18725,16,,,0,17,,18726,16,,,0,55,,18727,16,,,0,15,,18728,16,,,0,15,,18729,16,,,0,15,,18730,16,,,0,55,,18731,16,,,0,15,,18732,16,,,0,17,,18733,16,,,0,20,,18734,16,,,0,60,,18735,16,,,0,20,,18736,16,,,0,20,,18737,16,,,0,60,,18738,16,,,0,20,,18739,16,,,0,20,,18740,16,,,0,60,,18741,16,,,0,20,,18742,16,,,0,20,,18743,16,,,0,60,,18744,16,,,0,20,,18745,16,,,0,20,,18746,16,,,0,60,,18747,16,,,0,20,,18748,16,,,0,20,,18749,16,,,0,62,,18750,16,,,0,15,,18751,16,,,0,15,,18752,16,,,0,55,,18753,16,,,0,15,,18754,16,,,0,15,,18755,16,,,0,15,,18756,16,,,0,55,,18757,16,,,0,15,,18758,16,,,0,15,,18759,16,,,0,15,,18760,16,,,0,53,,18761,16,,,0,14,,18762,16,,,0,15,,18763,16,,,0,15,,18764,16,,,0,60,,18765,16,,,0,20,,18766,16,,,0,20,,18767,16,,,0,60,,18768,16,,,0,20,,18769,16,,,0,20,,18770,16,,,0,60,,18771,16,,,0,10,,18772,16,,,0,30,,18773,16,,,0,70,,18774,16,,,0,28,,18775,16,,,0,70,,18776,16,,,0,33,,18777,16,,,0,70,,18778,16,,,0,30,,18779,16,,,0
2900,'259.0.1',623,,20522,2,,,0,30,,20523,2,,,0,70,,20524,2,,,0,30,,20525,2,,,0,70,,20526,2,,,0,30,,20527,2,,,0,70,,20528,2,,,0,30,,20529,2,,,0,70,,20530,2,,,0,26,,20531,2,,,0,70,,20532,2,,,0,30,,20533,2,,,0,70,,20534,2,,,0,30,,20535,2,,,0,70,,20536,2,,,0,30,,20537,2,,,0,70,,20538,2,,,0,30,,20539,2,,,0,70,,20540,2,,,0,30,,20541,2,,,0,70,,20542,2,,,0,31,,20543,2,,,0,72,,20544,2,,,0,30,,20545,2,,,0,70,,20546,2,,,0,30,,20547,2,,,0,70,,20548,2,,,0,30,,20549,2,,,0,70,,20550,2,,,0,103,,20551,2,,,0,100,,20552,2,,,0,100,,20553,2,,,0,81,,20554,2,,,0
2900,'259.0.2',628,,20555,2,,,0,30,,20556,2,,,0,70,,20557,2,,,0,30,,20558,2,,,0,70,,20559,2,,,0,30,,20560,2,,,0,70,,20561,2,,,0,30,,20562,2,,,0,70,,20563,2,,,0,30,,20564,2,,,0,67,,20565,2,,,0,30,,20566,2,,,0,70,,20567,2,,,0,30,,20568,2,,,0,70,,20569,2,,,0,30,,20570,2,,,0,70,,20571,2,,,0,30,,20572,2,,,0,70,,20573,2,,,0,30,,20574,2,,,0,70,,20575,2,,,0,30,,20576,2,,,0,70,,20577,2,,,0,30,,20578,2,,,0,73,,20579,2,,,0,100,,20580,2,,,0,100,,20581,2,,,0,100,,20582,2,,,0,100,,20583,2,,,0,100,,20584,2,,,0,78,,20585,2,,,0
2900,'259.0.3',541,,20586,2,,,0,15,,20587,2,,,0,55,,20588,2,,,0,14,,20589,2,,,0,11,,20590,2,,,0,14,,20591,2,,,0,55,,20592,2,,,0,15,,20593,2,,,0,15,,20594,2,,,0,15,,20595,2,,,0,55,,20596,2,,,0,15,,20597,2,,,0,16,,20598,2,,,0,18,,20599,2,,,0,56,,20600,2,,,0,30,,20601,2,,,0,70,,20602,2,,,0,30,,20603,2,,,0,70,,20604,2,,,0,30,,20605,2,,,0,70,,20606,2,,,0,30,,20607,2,,,0,70,,20608,2,,,0,30,,20609,2,,,0,70,,20610,2,,,0,29,,20611,2,,,0,64,,20612,2,,,0,15,,20613,2,,,0,15,,20614,2,,,0,15,,20615,2,,,0,55,,20616,2,,,0,15,,20617,2,,,0,15,,20618,2,,,0,15,,20619,2,,,0,55,,20620,2,,,0,15,,20621,2,,,0,22,,20622,2,,,0,18,,20623,2,,,0,55,,20624,2,,,0,15,,20625,2,,,0,15,,20626,2,,,0,70,,20627,2,,,0,30,,20628,2,,,0,70,,20629,2,,,0,30,,20630,2,,,0,70,,20631,2,,,0,30,,20632,2,,,0,70,,20633,2,,,0,100,,20634,2,,,0,88,,20635,2,,,0
9101,'259.0.1',820,,23632,46,,,0,100,,23633,46,,,0,102,,23634,46,,,0,100,,23635,46,,,0,100,,23636,46,,,0,100,,23637,46,,,0,100,,23638,46,,,0,100,,23639,46,,,0,100,,23640,46,,,0,100,,23641,46,,,0,100,,23642,46,,,0,98,,23643,46,,,0,100,,23644,46,,,0,100,,23645,46,,,0,100,,23646,46,,,0,100,,23647,46,,,0
9101,'259.0.2',849,,23648,46,,,0,100,,23649,46,,,0,102,,23650,46,,,0,100,,23651,46,,,0,100,,23652,46,,,0,100,,23653,46,,,0,100,,23654,46,,,0,100,,23655,46,,,0,100,,23656,46,,,0,98,,23657,46,,,0,100,,23658,46,,,0,100,,23659,46,,,0,100,,23660,46,,,0,100,,23661,46,,,0,100,,23662,46,,,0
9101,'259.0.3',622,,23663,46,,,0,30,,23664,46,,,0,81,,23665,46,,,0,24,,23666,46,,,0,70,,23667,46,,,0,75,,23668,46,,,0,25,,23669,46,,,0,29,,23670,46,,,0,100,,23671,46,,,0,103,,23672,46,,,0,100,,23673,46,,,0,100,,23674,46,,,0,151,,23675,46,,,0,101,,23676,46,,,0,31,,23677,46,,,0,70,,23678,46,,,0,31,,23679,46,,,0,70,,23680,46,,,0,21,,23681,46,,,0,94,,23682,46,,,0,100,,23683,46,,,0,100,,23684,46,,,0,100,,23685,46,,,0,100,,23686,46,,,0
