5601,'244.0.1',642,,12571,32,,,0,70,,12572,32,,,0,30,,12573,32,,,0,70,,12574,32,,,0,30,,12575,32,,,0,70,,12576,32,,,0,30,,12577,32,,,0,70,,12578,32,,,0,36,,12579,32,,,0,70,,12580,32,,,0,30,,12581,32,,,0,70,,12582,32,,,0,30,,12583,32,,,0,70,,12584,32,,,0,30,,12585,32,,,0,70,,12586,32,,,0,30,,12587,32,,,0,70,,12588,32,,,0,30,,12589,32,,,0,70,,12590,32,,,0,30,,12591,32,,,0,68,,12592,32,,,0,30,,12593,32,,,0,70,,12594,32,,,0,30,,12595,32,,,0,70,,12596,32,,,0,30,,12597,32,,,0,70,,12598,32,,,0,30,,12599,32,,,0,66,,12600,32,,,0,30,,12601,32,,,0,70,,12602,32,,,0,30,,12603,32,,,0,70,,12604,32,,,0,30,,12605,32,,,0,70,,12606,32,,,0
5601,'244.0.2',805,,12607,32,,,0,30,,12608,32,,,0,70,,12609,32,,,0,30,,12610,32,,,0,70,,12611,32,,,0,30,,12612,32,,,0,70,,12613,32,,,0,30,,12614,32,,,0,74,,12615,32,,,0,30,,12616,32,,,0,70,,12617,32,,,0,30,,12618,32,,,0,70,,12619,32,,,0,30,,12620,32,,,0,70,,12621,32,,,0,30,,12622,32,,,0,70,,12623,32,,,0,30,,12624,32,,,0,70,,12625,32,,,0,30,,12626,32,,,0,70,,12627,32,,,0,30,,12628,32,,,0,70,,12629,32,,,0,27,,12630,32,,,0,70,,12631,32,,,0,30,,12632,32,,,0,70,,12633,32,,,0,30,,12634,32,,,0,70,,12635,32,,,0,30,,12636,32,,,0
5601,'244.0.3',645,,12637,32,,,0,70,,12638,32,,,0,30,,12639,32,,,0,70,,12640,32,,,0,30,,12641,32,,,0,70,,12642,32,,,0,30,,12643,32,,,0,70,,12644,32,,,0,34,,12645,32,,,0,70,,12646,32,,,0,30,,12647,32,,,0,70,,12648,32,,,0,30,,12649,32,,,0,70,,12650,32,,,0,30,,12651,32,,,0,70,,12652,32,,,0,30,,12653,32,,,0,70,,12654,32,,,0,31,,12655,32,,,0,70,,12656,32,,,0,30,,12657,32,,,0,70,,12658,32,,,0,30,,12659,32,,,0,70,,12660,32,,,0,30,,12661,32,,,0,67,,12662,32,,,0,27,,12663,32,,,0,70,,12664,32,,,0,30,,12665,32,,,0,70,,12666,32,,,0,29,,12667,32,,,0,69,,12668,32,,,0,30,,12669,32,,,0,70,,12670,32,,,0,30,,12671,32,,,0,70,,12672,32,,,0
8701,'244.0.1',637,,14383,38,,,0,70,,14384,38,,,0,30,,14385,38,,,0,70,,14386,38,,,0,30,,14387,38,,,0,70,,14388,38,,,0,32,,14389,38,,,0,71,,14390,38,,,0,30,,14391,38,,,0,70,,14392,38,,,0,32,,14393,38,,,0,71,,14394,38,,,0,30,,14395,38,,,0,71,,14396,38,,,0,30,,14397,38,,,0,70,,14398,38,,,0,29,,14399,38,,,0,70,,14400,38,,,0,30,,14401,38,,,0,70,,14402,38,,,0,30,,14403,38,,,0,70,,14404,38,,,0,30,,14405,38,,,0,69,,14406,38,,,0,26,,14407,38,,,0,95,,14408,38,,,0,100,,14409,38,,,0,100,,14410,38,,,0,100,,14411,38,,,0,100,,14412,38,,,0
8701,'244.0.2',636,,14413,38,,,0,100,,14414,38,,,0,100,,14415,38,,,0,102,,14416,38,,,0,100,,14417,38,,,0,100,,14418,38,,,0,102,,14419,38,,,0,103,,14420,38,,,0,100,,14421,38,,,0,100,,14422,38,,,0,100,,14423,38,,,0,97,,14424,38,,,0,97,,14425,38,,,0,100,,14426,38,,,0,100,,14427,38,,,0,100,,14428,38,,,0,100,,14429,38,,,0,97,,14430,38,,,0
8701,'244.0.3',705,,14431,38,,,0,36,,14432,38,,,0,15,,14433,38,,,0,70,,14434,38,,,0,24,,14435,38,,,0,69,,14436,38,,,0,30,,14437,38,,,0,70,,14438,38,,,0,30,,14439,38,,,0,70,,14440,38,,,0,30,,14441,38,,,0,70,,14442,38,,,0,30,,14443,38,,,0,70,,14444,38,,,0,30,,14445,38,,,0,70,,14446,38,,,0,33,,14447,38,,,0,72,,14448,38,,,0,30,,14449,38,,,0,69,,14450,38,,,0,31,,14451,38,,,0,70,,14452,38,,,0,30,,14453,38,,,0,66,,14454,38,,,0,28,,14455,38,,,0,70,,14456,38,,,0,90,,14457,38,,,0,100,,14458,38,,,0,100,,14459,38,,,0,100,,14460,38,,,0,100,,14461,38,,,0
2001001,'244.0.1',644,,16998,11,,,0,94,,16999,11,,,0,87,,17000,11,,,0,32,,17001,11,,,0,70,,17002,11,,,0,31,,17003,11,,,0,73,,17004,11,,,0,70,,17005,11,,,0,30,,17006,11,,,0,72,,17007,11,,,0,33,,17008,11,,,0,72,,17009,11,,,0,30,,17010,11,,,0,70,,17011,11,,,0,30,,17012,11,,,0,70,,17013,11,,,0,30,,17014,11,,,0,70,,17015,11,,,0,30,,17016,11,,,0,70,,17017,11,,,0,30,,17018,11,,,0,70,,17019,11,,,0,30,,17020,11,,,0,68,,17021,11,,,0,26,,17022,11,,,0,70,,17023,11,,,0,30,,17024,11,,,0,100,,17025,11,,,0,100,,17026,11,,,0,99,,17027,11,,,0,100,,17028,11,,,0
2001001,'244.0.2',639,,17029,11,,,0,92,,17030,11,,,0,90,,17031,11,,,0,32,,17032,11,,,0,70,,17033,11,,,0,31,,17034,11,,,0,72,,17035,11,,,0,32,,17036,11,,,0,71,,17037,11,,,0,30,,17038,11,,,0,70,,17039,11,,,0,30,,17040,11,,,0,70,,17041,11,,,0,30,,17042,11,,,0,72,,17043,11,,,0,71,,17044,11,,,0,30,,17045,11,,,0,70,,17046,11,,,0,30,,17047,11,,,0,69,,17048,11,,,0,30,,17049,11,,,0,70,,17050,11,,,0,30,,17051,11,,,0,101,,17052,11,,,0,100,,17053,11,,,0,100,,17054,11,,,0,100,,17055,11,,,0,100,,17056,11,,,0,100,,17057,11,,,0
2001001,'244.0.3',555,,17058,11,,,0,70,,17059,11,,,0,22,,17060,11,,,0,59,,17061,11,,,0,22,,17096,11,,,0,20,,17062,11,,,0,60,,17063,11,,,0,20,,17064,11,,,0,21,,17065,11,,,0,93,,17066,11,,,0,60,,17067,11,,,0,24,,17068,11,,,0,29,,17069,11,,,0,70,,17070,11,,,0,30,,17071,11,,,0,70,,17072,11,,,0,30,,17073,11,,,0,70,,17074,11,,,0,79,,17075,11,,,0,21,,17076,11,,,0,24,,17077,11,,,0,55,,17078,11,,,0,21,,17079,11,,,0,20,,17080,11,,,0,60,,17081,11,,,0,21,,17082,11,,,0,24,,17083,11,,,0,65,,17084,11,,,0,21,,17085,11,,,0,20,,17086,11,,,0,49,,17087,11,,,0,20,,17088,11,,,0,30,,17089,11,,,0,69,,17090,11,,,0,32,,17091,11,,,0,70,,17092,11,,,0,30,,17093,11,,,0,70,,17094,11,,,0,30,,17095,11,,,0
3001001,'244.0.1',614,,17558,19,,,0,94,,17559,19,,,0,100,,17560,19,,,0,34,,17561,19,,,0,70,,17562,19,,,0,30,,17563,19,,,0,70,,17564,19,,,0,34,,17565,19,,,0,70,,17566,19,,,0,31,,17567,19,,,0,72,,17568,19,,,0,34,,17569,19,,,0,70,,17570,19,,,0,30,,17571,19,,,0,70,,17572,19,,,0,30,,17573,19,,,0,70,,17574,19,,,0,30,,17575,19,,,0,70,,17576,19,,,0,30,,17577,19,,,0,70,,17578,19,,,0,30,,17579,19,,,0,70,,17580,19,,,0,30,,17581,19,,,0,65,,17582,19,,,0,28,,17583,19,,,0,70,,17584,19,,,0,100,,17585,19,,,0,96,,17586,19,,,0,95,,17587,19,,,0,100,,17588,19,,,0
3001001,'244.0.2',614,,17590,19,,,0,90,,17591,19,,,0,100,,17592,19,,,0,30,,17593,19,,,0,70,,17594,19,,,0,30,,17595,19,,,0,71,,17596,19,,,0,33,,17597,19,,,0,74,,17598,19,,,0,30,,17599,19,,,0,70,,17600,19,,,0,30,,17601,19,,,0,71,,17602,19,,,0,30,,17603,19,,,0,70,,17604,19,,,0,30,,17605,19,,,0,73,,17606,19,,,0,30,,17607,19,,,0,70,,17608,19,,,0,30,,17609,19,,,0,70,,17610,19,,,0,30,,17611,19,,,0,70,,17612,19,,,0,30,,17613,19,,,0,67,,17614,19,,,0,100,,17615,19,,,0,94,,17616,19,,,0,100,,17617,19,,,0,100,,17618,19,,,0
3001001,'244.0.3',540,,17620,19,,,0,70,,17621,19,,,0,30,,17622,19,,,0,61,,17623,19,,,0,22,,17624,19,,,0,20,,17625,19,,,0,58,,17626,19,,,0,19,,17627,19,,,0,20,,17628,19,,,0,60,,17629,19,,,0,32,,17630,19,,,0,20,,17631,19,,,0,60,,17632,19,,,0,28,,17633,19,,,0,70,,17634,19,,,0,30,,17635,19,,,0,70,,17636,19,,,0,30,,17637,19,,,0,70,,17638,19,,,0,30,,17639,19,,,0,70,,17640,19,,,0,30,,17641,19,,,0,70,,17642,19,,,0,21,,17643,19,,,0,20,,17644,19,,,0,60,,17645,19,,,0,21,,17646,19,,,0,27,,17647,19,,,0,63,,17648,19,,,0,20,,17649,19,,,0,60,,17650,19,,,0,18,,17651,19,,,0,16,,17652,19,,,0,17,,17653,19,,,0,54,,17654,19,,,0,14,,17655,19,,,0,19,,17656,19,,,0,79,,17657,19,,,0,30,,17658,19,,,0,70,,17659,19,,,0,30,,17660,19,,,0,70,,17661,19,,,0,27,,17662,19,,,0,64,,17663,19,,,0
