2400,'259.0.1',607,,20011,14,,,0,30,,20012,14,,,0,70,,20013,14,,,0,30,,20014,14,,,0,70,,20015,14,,,0,30,,20016,14,,,0,70,,20017,14,,,0,30,,20018,14,,,0,70,,20019,14,,,0,30,,20020,14,,,0,70,,20021,14,,,0,30,,20022,14,,,0,70,,20023,14,,,0,30,,20024,14,,,0,70,,20025,14,,,0,30,,20026,14,,,0,70,,20027,14,,,0,30,,20028,14,,,0,70,,20029,14,,,0,30,,20030,14,,,0,70,,20031,14,,,0,30,,20032,14,,,0,70,,20033,14,,,0,30,,20034,14,,,0,70,,20035,14,,,0,30,,20036,14,,,0,70,,20037,14,,,0,30,,20038,14,,,0,70,,20039,14,,,0,30,,20040,14,,,0,70,,20041,14,,,0,30,,20042,14,,,0,70,,20043,14,,,0,30,,20044,14,,,0,70,,20045,14,,,0,30,,20046,14,,,0
2400,'259.0.2',607,,20047,14,,,0,30,,20048,14,,,0,70,,20049,14,,,0,30,,20050,14,,,0,70,,20051,14,,,0,30,,20052,14,,,0,70,,20053,14,,,0,30,,20054,14,,,0,70,,20055,14,,,0,30,,20056,14,,,0,70,,20057,14,,,0,30,,20058,14,,,0,70,,20059,14,,,0,30,,20060,14,,,0,70,,20061,14,,,0,30,,20062,14,,,0,70,,20063,14,,,0,30,,20064,14,,,0,70,,20065,14,,,0,30,,20066,14,,,0,70,,20067,14,,,0,30,,20068,14,,,0,70,,20069,14,,,0,30,,20070,14,,,0,70,,20071,14,,,0,30,,20072,14,,,0,70,,20073,14,,,0,30,,20074,14,,,0,70,,20075,14,,,0,30,,20076,14,,,0,70,,20077,14,,,0,30,,20078,14,,,0,70,,20079,14,,,0,30,,20080,14,,,0,70,,20081,14,,,0,30,,20082,14,,,0
2400,'259.0.3',608,,20083,14,,,0,30,,20084,14,,,0,66,,20085,14,,,0,29,,20086,14,,,0,70,,20087,14,,,0,34,,20088,14,,,0,70,,20089,14,,,0,30,,20090,14,,,0,70,,20091,14,,,0,30,,20092,14,,,0,70,,20093,14,,,0,30,,20094,14,,,0,70,,20095,14,,,0,30,,20096,14,,,0,70,,20097,14,,,0,30,,20098,14,,,0,70,,20099,14,,,0,30,,20100,14,,,0,70,,20101,14,,,0,30,,20102,14,,,0,70,,20103,14,,,0,30,,20104,14,,,0,70,,20105,14,,,0,30,,20106,14,,,0,70,,20107,14,,,0,30,,20108,14,,,0,70,,20109,14,,,0,30,,20110,14,,,0,70,,20111,14,,,0,30,,20112,14,,,0,70,,20113,14,,,0,30,,20114,14,,,0,70,,20115,14,,,0,30,,20116,14,,,0,70,,20117,14,,,0,30,,20118,14,,,0
12700,'259.0.3',620,,23720,8,,,0,18,,23721,8,,,0,19,,23722,8,,,0,48,,23723,8,,,0,8,,23724,8,,,0,17,,23725,8,,,0,13,,23726,8,,,0,15,,23727,8,,,0,45,,23728,8,,,0
1000901,'259.0.1',650,,24620,19,,,0,100,,24621,19,,,0,100,,24622,19,,,0,100,,24623,19,,,0,100,,24624,19,,,0,100,,24625,19,,,0,100,,24626,19,,,0,100,,24627,19,,,0,100,,24628,19,,,0,100,,24629,19,,,0,100,,24630,19,,,0,99,,24631,19,,,0,100,,24632,19,,,0,100,,24633,19,,,0,100,,24634,19,,,0,100,,24635,19,,,0,100,,24636,19,,,0,100,,24637,19,,,0
1000901,'259.0.2',650,,24638,19,,,0,98,,24639,19,,,0,101,,24640,19,,,0,100,,24641,19,,,0,100,,24642,19,,,0,100,,24643,19,,,0,100,,24644,19,,,0,100,,24645,19,,,0,100,,24646,19,,,0,100,,24647,19,,,0,100,,24648,19,,,0,100,,24649,19,,,0,100,,24650,19,,,0,100,,24651,19,,,0,98,,24652,19,,,0,100,,24653,19,,,0,100,,24654,19,,,0,101,,24655,19,,,0
1000901,'259.0.3',535,,24656,19,,,0,67,,24657,19,,,0,25,,24658,19,,,0,10,,24659,19,,,0,5,,24660,19,,,0,15,,24661,19,,,0,51,,24662,19,,,0,5,,24663,19,,,0,15,,24664,19,,,0,10,,24665,19,,,0,20,,24666,19,,,0,50,,24667,19,,,0,20,,24668,19,,,0,9,,24669,19,,,0,19,,24670,19,,,0,50,,24671,19,,,0,25,,24672,19,,,0,15,,24673,19,,,0,55,,24674,19,,,0,30,,24675,19,,,0,15,,24676,19,,,0,55,,24677,19,,,0,30,,24678,19,,,0,15,,24679,19,,,0,55,,24680,19,,,0,30,,24681,19,,,0,15,,24682,19,,,0,55,,24683,19,,,0,30,,24684,19,,,0,15,,24685,19,,,0,55,,24686,19,,,0,30,,24687,19,,,0,15,,24688,19,,,0,55,,24689,19,,,0,30,,24690,19,,,0,25,,24691,19,,,0,45,,24692,19,,,0,25,,24693,19,,,0,10,,24694,19,,,0,20,,24695,19,,,0,50,,24696,19,,,0,20,,24697,19,,,0,10,,24698,19,,,0,20,,24699,19,,,0,50,,24700,19,,,0,19,,24701,19,,,0,10,,24702,19,,,0,65,,24703,19,,,0,30,,24704,19,,,0,71,,24705,19,,,0,29,,24706,19,,,0,70,,24707,19,,,0,29,,24708,19,,,0,30,,24709,19,,,0,75,,24710,19,,,0,20,,24711,19,,,0,80,,24712,19,,,0,20,,24713,19,,,0,80,,24714,19,,,0,20,,24715,19,,,0
2000901,'259.0.1',620,,25643,35,,,0,100,,25644,35,,,0,99,,25645,35,,,0,101,,25646,35,,,0,100,,25647,35,,,0,100,,25648,35,,,0,100,,25649,35,,,0,100,,25650,35,,,0,100,,25651,35,,,0,100,,25652,35,,,0,100,,25653,35,,,0,100,,25654,35,,,0,99,,25655,35,,,0,100,,25656,35,,,0,100,,25657,35,,,0,100,,25658,35,,,0,100,,25659,35,,,0,100,,25660,35,,,0,100,,25661,35,,,0
2000901,'259.0.2',620,,25662,35,,,0,100,,25663,35,,,0,98,,25664,35,,,0,101,,25665,35,,,0,100,,25666,35,,,0,100,,25667,35,,,0,100,,25668,35,,,0,100,,25669,35,,,0,100,,25670,35,,,0,100,,25671,35,,,0,100,,25672,35,,,0,100,,25673,35,,,0,100,,25674,35,,,0,100,,25675,35,,,0,98,,25676,35,,,0,100,,25677,35,,,0,100,,25678,35,,,0,100,,25679,35,,,0,100,,25680,35,,,0
2000901,'259.0.3',547,,25681,35,,,0,70,,25682,35,,,0,30,,25683,35,,,0,71,,25684,35,,,0,30,,25685,35,,,0,70,,25686,35,,,0,29,,25687,35,,,0,69,,25688,35,,,0,100,,25689,35,,,0,100,,25690,35,,,0,100,,25691,35,,,0,100,,25692,35,,,0,100,,25693,35,,,0,100,,25694,35,,,0,30,,25695,35,,,0,70,,25696,35,,,0,30,,25697,35,,,0,70,,25698,35,,,0,30,,25699,35,,,0,70,,25700,35,,,0,29,,25701,35,,,0,70,,25702,35,,,0,30,,25703,35,,,0,70,,25704,35,,,0,30,,25705,35,,,0,70,,25706,35,,,0,23,,25707,35,,,0,70,,25708,35,,,0,100,,25709,35,,,0,100,,25710,35,,,0
