400,'259.0.1',556,,18780,8,,,0,100,,18781,8,,,0,100,,18782,8,,,0,70,,18783,8,,,0,30,,18784,8,,,0,70,,18785,8,,,0,31,,18786,8,,,0,70,,18787,8,,,0,30,,18788,8,,,0,70,,18789,8,,,0,30,,18790,8,,,0,70,,18791,8,,,0,30,,18792,8,,,0,70,,18793,8,,,0,30,,18794,8,,,0,70,,18795,8,,,0,30,,18796,8,,,0,70,,18797,8,,,0,30,,18798,8,,,0,70,,18799,8,,,0,30,,18800,8,,,0,70,,18801,8,,,0,30,,18802,8,,,0,70,,18803,8,,,0,30,,18804,8,,,0,70,,18805,8,,,0,30,,18806,8,,,0,70,,18807,8,,,0,30,,18808,8,,,0,69,,18809,8,,,0,30,,18810,8,,,0,100,,18811,8,,,0,100,,18812,8,,,0
400,'259.0.2',651,,18813,8,,,0,70,,18814,8,,,0,30,,18815,8,,,0,70,,18816,8,,,0,30,,18817,8,,,0,70,,18818,8,,,0,30,,18819,8,,,0,70,,18820,8,,,0,30,,18821,8,,,0,70,,18822,8,,,0,30,,18823,8,,,0,70,,18824,8,,,0,30,,18825,8,,,0,70,,18826,8,,,0,30,,18827,8,,,0,70,,18828,8,,,0,30,,18829,8,,,0,70,,18830,8,,,0,30,,18831,8,,,0,70,,18832,8,,,0,30,,18833,8,,,0,70,,18834,8,,,0,30,,18835,8,,,0,70,,18836,8,,,0,30,,18837,8,,,0,70,,18838,8,,,0,30,,18839,8,,,0,100,,18840,8,,,0,100,,18841,8,,,0,100,,18842,8,,,0,100,,18843,8,,,0
400,'259.0.3',606,,18844,8,,,0,20,,18845,8,,,0,20,,18846,8,,,0,60,,18847,8,,,0,15,,18848,8,,,0,15,,18849,8,,,0,15,,18850,8,,,0,55,,18851,8,,,0,15,,18852,8,,,0,15,,18853,8,,,0,15,,18854,8,,,0,55,,18855,8,,,0,15,,18856,8,,,0,15,,18857,8,,,0,15,,18858,8,,,0,55,,18859,8,,,0,15,,18860,8,,,0,15,,18861,8,,,0,15,,18862,8,,,0,55,,18863,8,,,0,15,,18864,8,,,0,17,,18865,8,,,0,15,,18866,8,,,0,55,,18867,8,,,0,15,,18868,8,,,0,15,,18869,8,,,0,15,,18870,8,,,0,55,,18871,8,,,0,10,,18872,8,,,0,10,,18873,8,,,0,10,,18874,8,,,0,10,,18875,8,,,0,10,,18876,8,,,0,50,,18877,8,,,0,8,,18878,8,,,0,8,,18879,8,,,0,8,,18880,8,,,0,8,,18881,8,,,0,8,,18882,8,,,0,8,,18883,8,,,0,48,,18884,8,,,0,8,,18885,8,,,0,8,,18886,8,,,0,8,,18887,8,,,0,8,,18888,8,,,0,8,,18889,8,,,0,8,,18890,8,,,0,48,,18891,8,,,0,8,,18892,8,,,0,8,,18893,8,,,0,8,,18894,8,,,0,8,,18895,8,,,0,8,,18896,8,,,0,8,,18897,8,,,0,56,,18898,8,,,0,8,,18899,8,,,0,8,,18900,8,,,0,8,,18901,8,,,0,8,,18902,8,,,0,8,,18903,8,,,0,9,,18904,8,,,0,54,,18905,8,,,0,15,,18906,8,,,0,15,,18907,8,,,0,20,,18908,8,,,0,60,,18909,8,,,0,20,,18910,8,,,0,20,,18911,8,,,0,60,,18912,8,,,0,20,,18913,8,,,0,20,,18914,8,,,0,59,,18915,8,,,0,20,,18916,8,,,0,20,,18917,8,,,0,70,,18918,8,,,0,30,,18919,8,,,0,70,,18920,8,,,0,30,,18921,8,,,0,70,,18922,8,,,0,30,,18923,8,,,0
400,'259.1141.3',1656,,18924,8,,,0
400,'259.1143.3',1656,,18925,8,,,0
2401,'259.0.1',613,,20119,4,,,0,30,,20120,4,,,0,70,,20121,4,,,0,30,,20122,4,,,0,70,,20123,4,,,0,30,,20124,4,,,0,70,,20125,4,,,0,30,,20126,4,,,0,73,,20127,4,,,0,31,,20128,4,,,0,70,,20129,4,,,0,31,,20130,4,,,0,72,,20131,4,,,0,30,,20132,4,,,0,70,,20133,4,,,0,30,,20134,4,,,0,70,,20135,4,,,0,30,,20136,4,,,0,68,,20137,4,,,0,30,,20138,4,,,0,70,,20139,4,,,0,30,,20140,4,,,0,70,,20141,4,,,0,30,,20142,4,,,0,70,,20143,4,,,0,27,,20144,4,,,0,67,,20145,4,,,0,30,,20146,4,,,0,70,,20147,4,,,0,30,,20148,4,,,0,70,,20149,4,,,0,30,,20150,4,,,0,70,,20151,4,,,0,30,,20152,4,,,0,70,,20153,4,,,0,30,,20154,4,,,0
2401,'259.0.2',611,,20155,4,,,0,30,,20156,4,,,0,70,,20157,4,,,0,30,,20158,4,,,0,70,,20159,4,,,0,30,,20160,4,,,0,70,,20161,4,,,0,32,,20162,4,,,0,74,,20163,4,,,0,30,,20164,4,,,0,70,,20165,4,,,0,30,,20166,4,,,0,70,,20167,4,,,0,30,,20168,4,,,0,70,,20169,4,,,0,30,,20170,4,,,0,70,,20171,4,,,0,30,,20172,4,,,0,70,,20173,4,,,0,30,,20174,4,,,0,70,,20175,4,,,0,30,,20176,4,,,0,70,,20177,4,,,0,30,,20178,4,,,0,70,,20179,4,,,0,28,,20180,4,,,0,68,,20181,4,,,0,30,,20182,4,,,0,70,,20183,4,,,0,30,,20184,4,,,0,70,,20185,4,,,0,30,,20186,4,,,0,70,,20187,4,,,0,30,,20188,4,,,0,70,,20189,4,,,0,30,,20190,4,,,0
2401,'259.0.3',646,,20191,4,,,0,70,,20192,4,,,0,34,,20193,4,,,0,71,,20194,4,,,0,30,,20195,4,,,0,70,,20196,4,,,0,25,,20197,4,,,0,70,,20198,4,,,0,30,,20199,4,,,0,70,,20200,4,,,0,31,,20201,4,,,0,70,,20202,4,,,0,30,,20203,4,,,0,70,,20204,4,,,0,30,,20205,4,,,0,71,,20206,4,,,0,30,,20207,4,,,0,70,,20208,4,,,0,30,,20209,4,,,0,70,,20210,4,,,0,30,,20211,4,,,0,70,,20212,4,,,0,29,,20213,4,,,0,70,,20214,4,,,0,30,,20215,4,,,0,68,,20216,4,,,0,26,,20217,4,,,0,70,,20218,4,,,0,30,,20219,4,,,0,70,,20220,4,,,0,30,,20221,4,,,0,70,,20222,4,,,0,30,,20223,4,,,0,70,,20224,4,,,0,30,,20225,4,,,0,70,,20226,4,,,0
1001000,'259.0.3',626,,24716,8,,,0,19,,24717,8,,,0,59,,24718,8,,,0,28,,24719,8,,,0,18,,24720,8,,,0,58,,24721,8,,,0,20,,24722,8,,,0,20,,24723,8,,,0,60,,24724,8,,,0,500,,24725,8,,,0,19,,24726,8,,,0,20,,24727,8,,,0,60,,24728,8,,,0,20,,24729,8,,,0,21,,24730,8,,,0,60,,24731,8,,,0,20,,24732,8,,,0,20,,24733,8,,,0,10,,24734,8,,,0,70,,24735,8,,,0,20,,24736,8,,,0,60,,24737,8,,,0,19,,24738,8,,,0
2001000,'259.0.1',636,,25713,8,,,0,85,,25714,8,,,0,30,,25715,8,,,0,70,,25716,8,,,0,30,,25717,8,,,0,70,,25718,8,,,0,31,,25719,8,,,0,70,,25720,8,,,0,30,,25721,8,,,0,70,,25722,8,,,0,30,,25723,8,,,0,70,,25724,8,,,0,30,,25725,8,,,0,70,,25726,8,,,0,30,,25727,8,,,0,70,,25728,8,,,0,30,,25729,8,,,0,70,,25730,8,,,0,30,,25731,8,,,0,70,,25732,8,,,0,30,,25733,8,,,0,70,,25734,8,,,0,30,,25735,8,,,0,70,,25736,8,,,0,30,,25737,8,,,0,70,,25738,8,,,0,30,,25739,8,,,0,85,,25740,8,,,0,99,,25741,8,,,0,100,,25742,8,,,0,100,,25743,8,,,0
2001000,'259.0.2',636,,25744,8,,,0,115,,25745,8,,,0,70,,25746,8,,,0,30,,25747,8,,,0,70,,25748,8,,,0,31,,25749,8,,,0,70,,25750,8,,,0,30,,25751,8,,,0,70,,25752,8,,,0,30,,25753,8,,,0,70,,25754,8,,,0,30,,25755,8,,,0,70,,25756,8,,,0,30,,25757,8,,,0,70,,25758,8,,,0,30,,25759,8,,,0,70,,25760,8,,,0,30,,25761,8,,,0,70,,25762,8,,,0,30,,25763,8,,,0,70,,25764,8,,,0,30,,25765,8,,,0,85,,25766,8,,,0,99,,25767,8,,,0,100,,25768,8,,,0,100,,25769,8,,,0,100,,25770,8,,,0,100,,25771,8,,,0,100,,25772,8,,,0
2001000,'259.0.3',548,,25773,8,,,0,91,,25774,8,,,0,20,,25775,8,,,0,60,,25776,8,,,0,20,,25777,8,,,0,61,,25778,8,,,0,21,,25779,8,,,0,20,,25780,8,,,0,60,,25781,8,,,0,37,,25782,8,,,0,70,,25783,8,,,0,30,,25784,8,,,0,70,,25785,8,,,0,30,,25786,8,,,0,70,,25787,8,,,0,30,,25788,8,,,0,70,,25789,8,,,0,30,,25790,8,,,0,65,,25791,8,,,0,17,,25792,8,,,0,20,,25793,8,,,0,60,,25794,8,,,0,20,,25795,8,,,0,21,,25796,8,,,0,60,,25797,8,,,0,20,,25798,8,,,0,20,,25799,8,,,0,60,,25800,8,,,0,20,,25801,8,,,0,20,,25802,8,,,0,60,,25803,8,,,0,19,,25804,8,,,0,23,,25805,8,,,0,60,,25806,8,,,0,24,,25807,8,,,0,30,,25808,8,,,0,70,,25809,8,,,0,30,,25810,8,,,0,70,,25811,8,,,0
3001000,'259.0.1',606,,26275,8,,,0,100,,26276,8,,,0,30,,26277,8,,,0,70,,26278,8,,,0,30,,26279,8,,,0,70,,26280,8,,,0,31,,26281,8,,,0,70,,26282,8,,,0,30,,26283,8,,,0,70,,26284,8,,,0,30,,26285,8,,,0,70,,26286,8,,,0,30,,26287,8,,,0,70,,26288,8,,,0,30,,26289,8,,,0,70,,26290,8,,,0,30,,26291,8,,,0,70,,26292,8,,,0,30,,26293,8,,,0,70,,26294,8,,,0,30,,26295,8,,,0,70,,26296,8,,,0,30,,26297,8,,,0,70,,26298,8,,,0,30,,26299,8,,,0,70,,26300,8,,,0,100,,26301,8,,,0,100,,26302,8,,,0,99,,26303,8,,,0,100,,26304,8,,,0,100,,26305,8,,,0
3001000,'259.0.2',606,,26307,8,,,0,100,,26308,8,,,0,30,,26309,8,,,0,70,,26310,8,,,0,30,,26311,8,,,0,70,,26312,8,,,0,30,,26313,8,,,0,71,,26314,8,,,0,30,,26315,8,,,0,70,,26316,8,,,0,30,,26317,8,,,0,70,,26318,8,,,0,30,,26319,8,,,0,70,,26320,8,,,0,30,,26321,8,,,0,70,,26322,8,,,0,30,,26323,8,,,0,70,,26324,8,,,0,30,,26325,8,,,0,70,,26326,8,,,0,30,,26327,8,,,0,70,,26328,8,,,0,30,,26329,8,,,0,70,,26330,8,,,0,100,,26331,8,,,0,99,,26332,8,,,0,100,,26333,8,,,0,100,,26334,8,,,0,100,,26335,8,,,0
3001000,'259.0.3',553,,26339,8,,,0,59,,26340,8,,,0,20,,26341,8,,,0,19,,26342,8,,,0,58,,26343,8,,,0,17,,26344,8,,,0,18,,26345,8,,,0,71,,26346,8,,,0,20,,26347,8,,,0,20,,26348,8,,,0,68,,26349,8,,,0,30,,26350,8,,,0,70,,26351,8,,,0,30,,26352,8,,,0,70,,26353,8,,,0,30,,26354,8,,,0,70,,26355,8,,,0,30,,26356,8,,,0,70,,26357,8,,,0,30,,26358,8,,,0,60,,26359,8,,,0,20,,26360,8,,,0,20,,26361,8,,,0,60,,26362,8,,,0,20,,26363,8,,,0,21,,26364,8,,,0,60,,26365,8,,,0,20,,26366,8,,,0,20,,26367,8,,,0,60,,26368,8,,,0,20,,26369,8,,,0,20,,26370,8,,,0,59,,26371,8,,,0,20,,26372,8,,,0,20,,26373,8,,,0,59,,26374,8,,,0,30,,26375,8,,,0,70,,26376,8,,,0,30,,26377,8,,,0,70,,26378,8,,,0,30,,26379,8,,,0,68,,26380,8,,,0,30,,26381,8,,,0,70,,26382,8,,,0,30,,26383,8,,,0,70,,26384,8,,,0
