12301,'244.0.3',1530,,14888,5,,,0,70,,14890,5,,,0,30,,14891,5,,,0,70,,14880,5,,,0,30,,14885,5,,,0,28,,14889,5,,,0,70,,14892,5,,,0
12701,'244.0.3',1547,,14902,5,,,0,55,,14903,5,,,0,15,,14904,5,,,0,85,,14905,5,,,0,15,,14906,5,,,0,15,,14907,5,,,0,15,,14908,5,,,0
12701,'244.1141.3',1627,,14909,5,,,0,20,,14910,5,,,0
12701,'244.1143.3',1627,,14911,5,,,0,20,,14912,5,,,0
18201,'244.0.3',623,,15035,53,4,,0,15,,15036,53,4,,0,15,,15037,53,4,,0,56,,15038,53,4,,0,19,,15039,53,4,,0,19,,15040,53,4,,0,59,,15041,53,4,,0,13,,15047,53,4,,0,15,,15042,53,4,,0,15,,15043,53,4,,0,55,,15044,53,4,,0,15,,15046,53,4,,0,15,,15045,53,4,,0
18301,'244.0.3',656,,15055,29,4,,0,72,,15056,29,4,,0,81,,15057,29,4,,0,30,,15058,29,4,,0,70,,15059,29,4,,0,30,,15060,29,4,,0
18501,'244.0.3',634,,15075,34,4,,0,23,,15085,34,4,,0,48,,15076,34,4,,0,16,,15077,34,4,,0,17,,15078,34,4,,0,21,,15084,34,4,,0,59,,15079,34,4,,0,14,,15080,34,4,,0,15,,15081,34,4,,0,55,,15082,34,4,,0,15,,15083,34,4,,0,15,,15086,34,4,,0
18601,'244.0.3',641,,15093,33,4,,0,72,,15094,33,4,,0,34,,15095,33,4,,0,78,,15096,33,4,,0,29,,15097,33,4,,0,70,,15098,33,4,,0
19201,'244.0.3',654,,15110,23,4,,0,70,,15105,23,4,,0,30,,15106,23,4,,0,70,,15107,23,4,,0,30,,15108,23,4,,0,70,,15109,23,4,,0
19400,'244.0.3',725,,15111,18,4,,0,30,,15112,18,4,,0,70,,15113,18,4,,0,30,,15114,18,4,,0
19601,'244.0.3',725,,15123,34,4,,0,29,,15124,34,4,,0,65,,15125,34,4,,0,34,,15126,34,4,,0
1000900,'244.0.1',654,,15724,8,,,0,100,,15725,8,,,0,100,,15726,8,,,0,96,,15727,8,,,0,100,,15728,8,,,0,96,,15729,8,,,0,100,,15730,8,,,0,100,,15731,8,,,0,100,,15732,8,,,0,100,,15733,8,,,0,100,,15734,8,,,0,100,,15735,8,,,0,100,,15736,8,,,0,104,,15737,8,,,0,100,,15738,8,,,0,100,,15739,8,,,0,100,,15740,8,,,0,100,,15741,8,,,0
1000900,'244.0.2',652,,15742,8,,,0,96,,15743,8,,,0,100,,15744,8,,,0,100,,15745,8,,,0,102,,15746,8,,,0,100,,15747,8,,,0,100,,15748,8,,,0,100,,15749,8,,,0,100,,15750,8,,,0,100,,15751,8,,,0,100,,15752,8,,,0,100,,15753,8,,,0,100,,15754,8,,,0,100,,15755,8,,,0,100,,15756,8,,,0,100,,15757,8,,,0,100,,15758,8,,,0,100,,15759,8,,,0
1000900,'244.0.3',606,,15760,8,,,0,30,,15761,8,,,0,70,,15762,8,,,0,30,,15763,8,,,0,72,,15764,8,,,0,29,,15765,8,,,0,12,,15766,8,,,0,55,,15767,8,,,0,30,,15768,8,,,0,15,,15769,8,,,0,55,,15770,8,,,0,30,,15771,8,,,0,15,,15772,8,,,0,52,,15773,8,,,0,27,,15774,8,,,0,15,,15775,8,,,0,15,,15776,8,,,0,70,,15777,8,,,0,15,,15778,8,,,0,15,,15779,8,,,0,70,,15780,8,,,0,15,,15781,8,,,0,15,,15782,8,,,0,70,,15783,8,,,0,26,,15784,8,,,0,61,,15785,8,,,0,9,,15786,8,,,0,19,,15787,8,,,0,10,,15788,8,,,0,60,,15789,8,,,0,10,,15790,8,,,0,20,,15791,8,,,0,10,,15792,8,,,0,50,,15793,8,,,0,21,,15794,8,,,0,9,,15795,8,,,0,6,,15796,8,,,0,16,,15797,8,,,0,50,,15798,8,,,0,20,,15799,8,,,0,10,,15800,8,,,0,70,,15801,8,,,0,30,,15802,8,,,0,70,,15803,8,,,0,30,,15804,8,,,0,70,,15805,8,,,0,28,,15806,8,,,0,15,,15807,8,,,0,55,,15808,8,,,0,35,,15809,8,,,0,20,,15810,8,,,0,80,,15811,8,,,0,20,,15812,8,,,0,80,,15813,8,,,0
2000900,'244.0.1',624,,16760,8,,,0,100,,16761,8,,,0,100,,16762,8,,,0,95,,16763,8,,,0,100,,16764,8,,,0,100,,16765,8,,,0,97,,16766,8,,,0,100,,16767,8,,,0,100,,16768,8,,,0,100,,16769,8,,,0,100,,16770,8,,,0,100,,16771,8,,,0,100,,16772,8,,,0,103,,16773,8,,,0,100,,16774,8,,,0,100,,16775,8,,,0,100,,16776,8,,,0,100,,16777,8,,,0,100,,16778,8,,,0
2000900,'244.0.2',623,,16779,8,,,0,97,,16780,8,,,0,98,,16781,8,,,0,100,,16782,8,,,0,101,,16783,8,,,0,100,,16784,8,,,0,100,,16785,8,,,0,100,,16786,8,,,0,100,,16787,8,,,0,100,,16788,8,,,0,100,,16789,8,,,0,100,,16790,8,,,0,100,,16791,8,,,0,100,,16792,8,,,0,101,,16793,8,,,0,100,,16794,8,,,0,100,,16795,8,,,0,100,,16796,8,,,0,100,,16797,8,,,0
2000900,'244.0.3',621,,16800,8,,,0,30,,16801,8,,,0,70,,16802,8,,,0,27,,16803,8,,,0,70,,16804,8,,,0,100,,16805,8,,,0,100,,16806,8,,,0,96,,16807,8,,,0,96,,16808,8,,,0,100,,16809,8,,,0,100,,16810,8,,,0,28,,16811,8,,,0,65,,16812,8,,,0,29,,16813,8,,,0,70,,16814,8,,,0,30,,16815,8,,,0,80,,16816,8,,,0,32,,16817,8,,,0,70,,16818,8,,,0,30,,16819,8,,,0,70,,16820,8,,,0,30,,16821,8,,,0,70,,16822,8,,,0,30,,16823,8,,,0,69,,16824,8,,,0,100,,16825,8,,,0,100,,16826,8,,,0,100,,16827,8,,,0,100,,16828,8,,,0
