801,'259.0.1',526,,19511,3,,,0,30,,19512,3,,,0,70,,19513,3,,,0,30,,19514,3,,,0,70,,19515,3,,,0,30,,19516,3,,,0,70,,19517,3,,,0,30,,19518,3,,,0,70,,19519,3,,,0,30,,19520,3,,,0,70,,19521,3,,,0,30,,19522,3,,,0,70,,19523,3,,,0,30,,19524,3,,,0,70,,19525,3,,,0,30,,19526,3,,,0,70,,19527,3,,,0,30,,19528,3,,,0,70,,19529,3,,,0,30,,19530,3,,,0,70,,19531,3,,,0,30,,19532,3,,,0,70,,19533,3,,,0,30,,19534,3,,,0,70,,19535,3,,,0,30,,19536,3,,,0,70,,19537,3,,,0,30,,19538,3,,,0,70,,19539,3,,,0,30,,19540,3,,,0,70,,19541,3,,,0,30,,19542,3,,,0,70,,19543,3,,,0,30,,19544,3,,,0,70,,19545,3,,,0,30,,19546,3,,,0,70,,19547,3,,,0,100,,19548,3,,,0
801,'259.0.2',531,,19549,3,,,0,70,,19550,3,,,0,30,,19551,3,,,0,70,,19552,3,,,0,30,,19553,3,,,0,70,,19554,3,,,0,30,,19555,3,,,0,70,,19556,3,,,0,30,,19557,3,,,0,70,,19558,3,,,0,30,,19559,3,,,0,70,,19560,3,,,0,30,,19561,3,,,0,70,,19562,3,,,0,30,,19563,3,,,0,70,,19564,3,,,0,30,,19565,3,,,0,70,,19566,3,,,0,30,,19567,3,,,0,70,,19568,3,,,0,30,,19569,3,,,0,70,,19570,3,,,0,30,,19571,3,,,0,70,,19572,3,,,0,30,,19573,3,,,0,70,,19574,3,,,0,30,,19575,3,,,0,70,,19576,3,,,0,30,,19577,3,,,0,70,,19578,3,,,0,30,,19579,3,,,0,70,,19580,3,,,0,30,,19581,3,,,0,70,,19582,3,,,0,100,,19583,3,,,0,100,,19584,3,,,0
801,'259.0.3',511,,19585,3,,,0,30,,19586,3,,,0,70,,19587,3,,,0,20,,19588,3,,,0,20,,19589,3,,,0,60,,19590,3,,,0,20,,19591,3,,,0,20,,19592,3,,,0,60,,19593,3,,,0,20,,19594,3,,,0,20,,19595,3,,,0,60,,19596,3,,,0,20,,19597,3,,,0,20,,19598,3,,,0,60,,19599,3,,,0,20,,19600,3,,,0,20,,19601,3,,,0,60,,19602,3,,,0,20,,19603,3,,,0,20,,19604,3,,,0,60,,19605,3,,,0,20,,19606,3,,,0,20,,19607,3,,,0,60,,19608,3,,,0,20,,19609,3,,,0,20,,19610,3,,,0,60,,19611,3,,,0,20,,19612,3,,,0,20,,19613,3,,,0,71,,19614,3,,,0,30,,19615,3,,,0,70,,19616,3,,,0,30,,19617,3,,,0,70,,19618,3,,,0,30,,19619,3,,,0,69,,19620,3,,,0,30,,19621,3,,,0,70,,19622,3,,,0,30,,19623,3,,,0,70,,19624,3,,,0,30,,19625,3,,,0,70,,19626,3,,,0,30,,19627,3,,,0,70,,19628,3,,,0,30,,19629,3,,,0,70,,19630,3,,,0,30,,19631,3,,,0,70,,19632,3,,,0
8201,'259.0.1',640,,22630,3,,,0,100,,22631,3,,,0,100,,22632,3,,,0,100,,22633,3,,,0,100,,22634,3,,,0,100,,22635,3,,,0,100,,22636,3,,,0,100,,22637,3,,,0,100,,22638,3,,,0,100,,22639,3,,,0,100,,22640,3,,,0,100,,22641,3,,,0,100,,22642,3,,,0,100,,22643,3,,,0,100,,22644,3,,,0,100,,22645,3,,,0,100,,22646,3,,,0
8201,'259.0.2',641,,22647,3,,,0,100,,22648,3,,,0,100,,22649,3,,,0,100,,22650,3,,,0,100,,22651,3,,,0,100,,22652,3,,,0,100,,22653,3,,,0,100,,22654,3,,,0,100,,22655,3,,,0,100,,22656,3,,,0,100,,22657,3,,,0,100,,22658,3,,,0,100,,22659,3,,,0,100,,22660,3,,,0,100,,22661,3,,,0,100,,22662,3,,,0
8201,'259.0.3',846,,22663,3,,,0,100,,22664,3,,,0,100,,22665,3,,,0,100,,22666,3,,,0,100,,22667,3,,,0,100,,22668,3,,,0,100,,22669,3,,,0,98,,22670,3,,,0,67,,22671,3,,,0,30,,22672,3,,,0,70,,22673,3,,,0,30,,22674,3,,,0,70,,22675,3,,,0,35,,22676,3,,,0,100,,22677,3,,,0,100,,22678,3,,,0,100,,22679,3,,,0,100,,22680,3,,,0
8401,'259.0.1',601,,22848,3,,,0,100,,22849,3,,,0,100,,22850,3,,,0,100,,22851,3,,,0,100,,22852,3,,,0,100,,22853,3,,,0,100,,22854,3,,,0,100,,22855,3,,,0,100,,22856,3,,,0,100,,22857,3,,,0,100,,22858,3,,,0,100,,22859,3,,,0,100,,22860,3,,,0,100,,22861,3,,,0,100,,22862,3,,,0,100,,22863,3,,,0,100,,22864,3,,,0
8401,'259.0.2',606,,22865,3,,,0,100,,22866,3,,,0,100,,22867,3,,,0,100,,22868,3,,,0,100,,22869,3,,,0,100,,22870,3,,,0,100,,22871,3,,,0,100,,22872,3,,,0,100,,22873,3,,,0,100,,22874,3,,,0,100,,22875,3,,,0,100,,22876,3,,,0,100,,22877,3,,,0,100,,22878,3,,,0,100,,22879,3,,,0,100,,22880,3,,,0,100,,22881,3,,,0
8401,'259.0.3',506,,22882,3,,,0,30,,22883,3,,,0,70,,22884,3,,,0,15,,22885,3,,,0,15,,22913,3,,,0,15,,22886,3,,,0,55,,22887,3,,,0,15,,22888,3,,,0,15,,22889,3,,,0,15,,22890,3,,,0,55,,22891,3,,,0,15,,22892,3,,,0,15,,22893,3,,,0,15,,22914,3,,,0,55,,22894,3,,,0,100,,22895,3,,,0,100,,22896,3,,,0,100,,22897,3,,,0,100,,22898,3,,,0,100,,22899,3,,,0,100,,22900,3,,,0,30,,22901,3,,,0,70,,22902,3,,,0,30,,22903,3,,,0,70,,22904,3,,,0,30,,22905,3,,,0,70,,22906,3,,,0,100,,22907,3,,,0,100,,22908,3,,,0,100,,22909,3,,,0,100,,22910,3,,,0,100,,22911,3,,,0,100,,22912,3,,,0
8500,'259.0.1',616,,22915,3,,,0,100,,22916,3,,,0,100,,22917,3,,,0,100,,22918,3,,,0,100,,22919,3,,,0,101,,22920,3,,,0,100,,22921,3,,,0,100,,22922,3,,,0,100,,22923,3,,,0,99,,22924,3,,,0,100,,22925,3,,,0,100,,22926,3,,,0,100,,22927,3,,,0,100,,22928,3,,,0,100,,22929,3,,,0,100,,22930,3,,,0,100,,22931,3,,,0
8500,'259.0.2',621,,22932,3,,,0,100,,22933,3,,,0,100,,22934,3,,,0,100,,22935,3,,,0,100,,22936,3,,,0,100,,22937,3,,,0,100,,22938,3,,,0,100,,22939,3,,,0,100,,22940,3,,,0,101,,22941,3,,,0,100,,22942,3,,,0,100,,22943,3,,,0,100,,22944,3,,,0,99,,22945,3,,,0,100,,22946,3,,,0,100,,22947,3,,,0
8500,'259.0.3',533,,22948,3,,,0,15,,22970,3,,,0,55,,22949,3,,,0,15,,22950,3,,,0,15,,22951,3,,,0,15,,22952,3,,,0,55,,22953,3,,,0,15,,22954,3,,,0,14,,22955,3,,,0,15,,22956,3,,,0,55,,22957,3,,,0,15,,22971,3,,,0,17,,22958,3,,,0,100,,22959,3,,,0,100,,22960,3,,,0,100,,22961,3,,,0,100,,22962,3,,,0,100,,22963,3,,,0,100,,22964,3,,,0,100,,22965,3,,,0,415,,22966,3,,,0,100,,22967,3,,,0,100,,22968,3,,,0,100,,22969,3,,,0
8600,'259.0.1',613,,23031,3,,,0,100,,23032,3,,,0,100,,23033,3,,,0,100,,23034,3,,,0,100,,23035,3,,,0,100,,23036,3,,,0,100,,23037,3,,,0,100,,23038,3,,,0,100,,23039,3,,,0,100,,23040,3,,,0,100,,23041,3,,,0,101,,23042,3,,,0,100,,23043,3,,,0,100,,23044,3,,,0,100,,23045,3,,,0,100,,23046,3,,,0,100,,23047,3,,,0
8600,'259.0.2',619,,23048,3,,,0,100,,23049,3,,,0,100,,23050,3,,,0,100,,23051,3,,,0,100,,23052,3,,,0,100,,23053,3,,,0,100,,23054,3,,,0,100,,23055,3,,,0,100,,23056,3,,,0,100,,23057,3,,,0,100,,23058,3,,,0,100,,23059,3,,,0,100,,23060,3,,,0,100,,23061,3,,,0,100,,23062,3,,,0,100,,23063,3,,,0
8600,'259.0.3',532,,23064,3,,,0,27,,23065,3,,,0,70,,23066,3,,,0,29,,23067,3,,,0,69,,23068,3,,,0,29,,23069,3,,,0,65,,23070,3,,,0,100,,23071,3,,,0,100,,23072,3,,,0,100,,23073,3,,,0,100,,23074,3,,,0,100,,23075,3,,,0,100,,23076,3,,,0,100,,23077,3,,,0,420,,23078,3,,,0,100,,23079,3,,,0,100,,23080,3,,,0,100,,23081,3,,,0
8701,'259.0.1',606,,23210,3,,,0,30,,23211,3,,,0,70,,23212,3,,,0,30,,23213,3,,,0,70,,23214,3,,,0,30,,23215,3,,,0,70,,23216,3,,,0,30,,23217,3,,,0,70,,23218,3,,,0,30,,23219,3,,,0,70,,23220,3,,,0,30,,23221,3,,,0,70,,23222,3,,,0,30,,23223,3,,,0,70,,23224,3,,,0,30,,23225,3,,,0,70,,23226,3,,,0,30,,23227,3,,,0,70,,23228,3,,,0,30,,23229,3,,,0,70,,23230,3,,,0,30,,23231,3,,,0,70,,23232,3,,,0,30,,23233,3,,,0,70,,23234,3,,,0,95,,23235,3,,,0,100,,23236,3,,,0,100,,23237,3,,,0,100,,23238,3,,,0,100,,23239,3,,,0
8701,'259.0.2',606,,23240,3,,,0,100,,23241,3,,,0,100,,23242,3,,,0,100,,23243,3,,,0,100,,23244,3,,,0,100,,23245,3,,,0,100,,23246,3,,,0,100,,23247,3,,,0,100,,23248,3,,,0,100,,23249,3,,,0,100,,23250,3,,,0,100,,23251,3,,,0,100,,23252,3,,,0,100,,23253,3,,,0,100,,23254,3,,,0,100,,23255,3,,,0,100,,23256,3,,,0,100,,23257,3,,,0
8701,'259.0.3',626,,23258,3,,,0,30,,23259,3,,,0,55,,23260,3,,,0,30,,23261,3,,,0,70,,23262,3,,,0,30,,23263,3,,,0,70,,23264,3,,,0,30,,23265,3,,,0,70,,23266,3,,,0,30,,23267,3,,,0,70,,23268,3,,,0,30,,23269,3,,,0,70,,23270,3,,,0,30,,23271,3,,,0,70,,23272,3,,,0,30,,23273,3,,,0,70,,23274,3,,,0,31,,23275,3,,,0,70,,23276,3,,,0,30,,23277,3,,,0,70,,23278,3,,,0,30,,23279,3,,,0,70,,23280,3,,,0,30,,23281,3,,,0,69,,23282,3,,,0,30,,23283,3,,,0,90,,23284,3,,,0,100,,23285,3,,,0,100,,23286,3,,,0,100,,23287,3,,,0,100,,23288,3,,,0
18201,'259.0.3',523,,23862,3,,,0,15,,23863,3,,,0,15,,23864,3,,,0,55,,23865,3,,,0,15,,23866,3,,,0,13,,23867,3,,,0,14,,23868,3,,,0,55,,23874,3,,,0,15,,23869,3,,,0,15,,23870,3,,,0,15,,23871,3,,,0,55,,23873,3,,,0,15,,23872,3,,,0
18500,'259.0.3',1547,,23888,12,,,0,55,,23889,12,,,0,15,,23890,12,,,0,20,,23891,12,,,0,15,,23892,12,,,0,60,,23893,12,,,0,15,,23894,12,,,0,15,,23895,12,,,0,8,,23896,12,,,0,8,,23899,12,,,0,55,,23897,12,,,0,15,,23900,12,,,0,15,,23898,12,,,0,15,,23901,12,,,0
18600,'259.0.3',1553,,23914,12,,,0,75,,23915,12,,,0,74,,23916,12,,,0,29,,23919,12,,,0,22,,23917,12,,,0,66,,23918,12,,,0
