9000,'259.0.1',611,,23385,8,,,0,25,,23386,8,,,0,70,,23387,8,,,0,30,,23388,8,,,0,70,,23389,8,,,0,25,,23390,8,,,0,70,,23391,8,,,0,30,,23392,8,,,0,25,,23393,8,,,0,72,,23394,8,,,0,30,,23395,8,,,0,70,,23396,8,,,0,30,,23397,8,,,0,67,,23398,8,,,0,30,,23399,8,,,0,70,,23400,8,,,0,30,,23401,8,,,0,70,,23402,8,,,0,30,,23403,8,,,0,70,,23404,8,,,0,30,,23405,8,,,0,73,,23406,8,,,0,30,,23407,8,,,0,70,,23408,8,,,0,30,,23409,8,,,0,70,,23410,8,,,0,30,,23411,8,,,0,70,,23412,8,,,0,30,,23413,8,,,0,144,,23414,8,,,0,100,,23415,8,,,0,100,,23416,8,,,0,100,,23417,8,,,0
9000,'259.0.2',600,,23418,8,,,0,100,,23419,8,,,0,100,,23420,8,,,0,55,,23421,8,,,0,97,,23422,8,,,0,99,,23423,8,,,0,102,,23424,8,,,0,100,,23425,8,,,0,98,,23426,8,,,0,100,,23427,8,,,0,100,,23428,8,,,0,100,,23429,8,,,0,103,,23430,8,,,0,105,,23431,8,,,0,141,,23432,8,,,0,100,,23433,8,,,0,100,,23434,8,,,0,100,,23435,8,,,0
9000,'259.0.3',556,,23469,8,,,0,55,,23468,8,,,0,15,,23436,8,,,0,15,,23470,8,,,0,15,,23437,8,,,0,55,,23471,8,,,0,15,,23438,8,,,0,15,,23472,8,,,0,60,,23439,8,,,0,30,,23440,8,,,0,25,,23441,8,,,0,71,,23442,8,,,0,29,,23443,8,,,0,70,,23444,8,,,0,30,,23445,8,,,0,67,,23446,8,,,0,30,,23447,8,,,0,70,,23448,8,,,0,30,,23449,8,,,0,70,,23450,8,,,0,30,,23451,8,,,0,70,,23452,8,,,0,17,,23473,8,,,0,15,,23453,8,,,0,55,,23474,8,,,0,15,,23454,8,,,0,15,,23475,8,,,0,15,,23455,8,,,0,55,,23476,8,,,0,15,,23480,8,,,0,15,,23477,8,,,0,15,,23456,8,,,0,55,,23478,8,,,0,15,,23457,8,,,0,15,,23479,8,,,0,13,,23458,8,,,0,75,,23459,8,,,0,30,,23460,8,,,0,70,,23461,8,,,0,30,,23462,8,,,0,70,,23463,8,,,0,100,,23464,8,,,0,98,,23465,8,,,0,100,,23466,8,,,0,100,,23467,8,,,0
13500,'259.0.3',707,,23740,38,4,,0,30,,23741,38,4,,0,70,,23742,38,4,,0,15,,23743,38,4,,0,17,,23744,38,4,,0,15,,23745,38,4,,0
13500,'259.1141.3',752,,23746,38,4,,0
13500,'259.1143.3',752,,23747,38,4,,0
13600,'259.0.3',654,,23755,40,4,,0,72,,23756,40,4,,0,17,,23757,40,4,,0,15,,23758,40,4,,0,55,,23759,40,4,,0,16,,23760,40,4,,0,11,,23761,40,4,,0,61,,23762,40,4,,0
13700,'259.0.3',701,,23775,34,4,,0,30,,23771,34,4,,0,22,,23776,34,4,,0,50,,23772,34,4,,0,30,,23773,34,4,,0,70,,23774,34,4,,0
13800,'259.0.3',644,,23783,45,4,,0,72,,23784,45,4,,0,15,,23785,45,4,,0,16,,23786,45,4,,0,71,,23787,45,4,,0,5,,23788,45,4,,0,28,,23789,45,4,,0
15801,'259.0.3',744,,23801,34,4,,0,73,,23804,34,4,,0,28,,23802,34,4,,0,70,,23803,34,4,,0
15901,'259.0.3',630,,23814,34,4,,0,25,,23822,34,4,,0,55,,23815,34,4,,0,24,,23816,34,4,,0,23,,23817,34,4,,0,62,,23818,34,4,,0,20,,23819,34,4,,0,62,,23820,34,4,,0,17,,23821,34,4,,0
16100,'259.0.3',634,,23823,47,4,,0,70,,23824,47,4,,0,35,,23825,47,4,,0,73,,23826,47,4,,0,31,,23827,47,4,,0,70,,23828,47,4,,0
16501,'259.0.3',651,,23841,35,4,,0,71,,23842,35,4,,0,36,,23843,35,4,,0,74,,23844,35,4,,0,71,,23845,35,4,,0,30,,23846,35,4,,0
1000701,'259.0.1',628,,24368,14,,,0,20,,24369,14,,,0,60,,24370,14,,,0,20,,24371,14,,,0,20,,24372,14,,,0,60,,24373,14,,,0,20,,24374,14,,,0,21,,24375,14,,,0,60,,24376,14,,,0,20,,24377,14,,,0,20,,24378,14,,,0,60,,24379,14,,,0,20,,24380,14,,,0,20,,24381,14,,,0,61,,24382,14,,,0,20,,24383,14,,,0,20,,24384,14,,,0,60,,24385,14,,,0,20,,24386,14,,,0,20,,24387,14,,,0,60,,24388,14,,,0,20,,24389,14,,,0,20,,24390,14,,,0,60,,24391,14,,,0,20,,24392,14,,,0,20,,24393,14,,,0,60,,24394,14,,,0,20,,24395,14,,,0,20,,24396,14,,,0,60,,24397,14,,,0,20,,24398,14,,,0,20,,24399,14,,,0,60,,24400,14,,,0,19,,24401,14,,,0,20,,24402,14,,,0,60,,24403,14,,,0,20,,24404,14,,,0,20,,24405,14,,,0,60,,24406,14,,,0,20,,24407,14,,,0,20,,24408,14,,,0,60,,24409,14,,,0,20,,24410,14,,,0,20,,24411,14,,,0,60,,24412,14,,,0,20,,24413,14,,,0,20,,24414,14,,,0,60,,24415,14,,,0,20,,24416,14,,,0,20,,24417,14,,,0,60,,24418,14,,,0,20,,24419,14,,,0,20,,24420,14,,,0,60,,24421,14,,,0
1000701,'259.0.2',628,,24422,14,,,0,30,,24423,14,,,0,70,,24424,14,,,0,30,,24425,14,,,0,70,,24426,14,,,0,30,,24427,14,,,0,71,,24428,14,,,0,30,,24429,14,,,0,70,,24430,14,,,0,30,,24431,14,,,0,70,,24432,14,,,0,71,,24433,14,,,0,30,,24434,14,,,0,70,,24435,14,,,0,30,,24436,14,,,0,70,,24437,14,,,0,30,,24438,14,,,0,70,,24439,14,,,0,30,,24440,14,,,0,70,,24441,14,,,0,30,,24442,14,,,0,70,,24443,14,,,0,30,,24444,14,,,0,70,,24445,14,,,0,29,,24446,14,,,0,30,,24447,14,,,0,70,,24448,14,,,0,30,,24449,14,,,0,70,,24450,14,,,0,29,,24451,14,,,0,70,,24452,14,,,0,30,,24453,14,,,0,70,,24454,14,,,0,30,,24455,14,,,0,70,,24456,14,,,0,30,,24457,14,,,0
1000701,'259.0.3',612,,24458,14,,,0,15,,24459,14,,,0,15,,24460,14,,,0,15,,24461,14,,,0,55,,24462,14,,,0,17,,24463,14,,,0,21,,24464,14,,,0,55,,24465,14,,,0,15,,24466,14,,,0,15,,24467,14,,,0,15,,24468,14,,,0,55,,24469,14,,,0,15,,24470,14,,,0,15,,24471,14,,,0,15,,24472,14,,,0,52,,24473,14,,,0,14,,24474,14,,,0,15,,24475,14,,,0,15,,24476,14,,,0,55,,24477,14,,,0,15,,24478,14,,,0,15,,24479,14,,,0,15,,24480,14,,,0,56,,24481,14,,,0,15,,24482,14,,,0,15,,24483,14,,,0,15,,24484,14,,,0,55,,24485,14,,,0,15,,24486,14,,,0,15,,24487,14,,,0,15,,24488,14,,,0,55,,24489,14,,,0,15,,24490,14,,,0,15,,24491,14,,,0,15,,24492,14,,,0,56,,24493,14,,,0,17,,24494,14,,,0,15,,24495,14,,,0,15,,24496,14,,,0,55,,24497,14,,,0,15,,24498,14,,,0,15,,24499,14,,,0,15,,24500,14,,,0,55,,24501,14,,,0,15,,24502,14,,,0,13,,24503,14,,,0,13,,24504,14,,,0,55,,24505,14,,,0,13,,24506,14,,,0,15,,24507,14,,,0,15,,24508,14,,,0,15,,24509,14,,,0,55,,24510,14,,,0,15,,24511,14,,,0,15,,24512,14,,,0,13,,24513,14,,,0,55,,24514,14,,,0,15,,24515,14,,,0,15,,24516,14,,,0,15,,24517,14,,,0,55,,24518,14,,,0,15,,24519,14,,,0,15,,24520,14,,,0,15,,24521,14,,,0,54,,24522,14,,,0,15,,24523,14,,,0,15,,24524,14,,,0,15,,24525,14,,,0,55,,24526,14,,,0,30,,24527,14,,,0,70,,24528,14,,,0,30,,24529,14,,,0
1016801,'259.0.3',656,,25098,37,4,,0,72,,25099,37,4,,0,76,,25100,37,4,,0,31,,25101,37,4,,0,70,,25102,37,4,,0,25,,25103,37,4,,0
2016801,'259.0.3',643,,26121,42,4,,0,70,,26122,42,4,,0,36,,26123,42,4,,0,74,,26124,42,4,,0,30,,26125,42,4,,0,70,,26126,42,4,,0
