2900,'259.0.1',640,,20522,27,,,0,70,,20523,27,,,0,30,,20524,27,,,0,70,,20525,27,,,0,30,,20526,27,,,0,70,,20527,27,,,0,30,,20528,27,,,0,70,,20529,27,,,0,33,,20530,27,,,0,66,,20531,27,,,0,30,,20532,27,,,0,70,,20533,27,,,0,30,,20534,27,,,0,70,,20535,27,,,0,30,,20536,27,,,0,70,,20537,27,,,0,30,,20538,27,,,0,70,,20539,27,,,0,30,,20540,27,,,0,70,,20541,27,,,0,30,,20542,27,,,0,70,,20543,27,,,0,31,,20544,27,,,0,70,,20545,27,,,0,30,,20546,27,,,0,70,,20547,27,,,0,30,,20548,27,,,0,70,,20549,27,,,0,28,,20550,27,,,0,102,,20551,27,,,0,100,,20552,27,,,0,100,,20553,27,,,0,81,,20554,27,,,0
2900,'259.0.2',645,,20555,27,,,0,70,,20556,27,,,0,30,,20557,27,,,0,70,,20558,27,,,0,30,,20559,27,,,0,70,,20560,27,,,0,30,,20561,27,,,0,70,,20562,27,,,0,30,,20563,27,,,0,72,,20564,27,,,0,27,,20565,27,,,0,70,,20566,27,,,0,30,,20567,27,,,0,70,,20568,27,,,0,30,,20569,27,,,0,70,,20570,27,,,0,30,,20571,27,,,0,70,,20572,27,,,0,30,,20573,27,,,0,70,,20574,27,,,0,30,,20575,27,,,0,70,,20576,27,,,0,30,,20577,27,,,0,69,,20578,27,,,0,32,,20579,27,,,0,100,,20580,27,,,0,100,,20581,27,,,0,100,,20582,27,,,0,100,,20583,27,,,0,100,,20584,27,,,0,78,,20585,27,,,0
2900,'259.0.3',558,,20586,27,,,0,55,,20587,27,,,0,15,,20588,27,,,0,15,,20589,27,,,0,14,,20590,27,,,0,56,,20591,27,,,0,15,,20592,27,,,0,15,,20593,27,,,0,15,,20594,27,,,0,55,,20595,27,,,0,15,,20596,27,,,0,15,,20597,27,,,0,15,,20598,27,,,0,56,,20599,27,,,0,15,,20600,27,,,0,30,,20601,27,,,0,70,,20602,27,,,0,30,,20603,27,,,0,70,,20604,27,,,0,30,,20605,27,,,0,70,,20606,27,,,0,30,,20607,27,,,0,70,,20608,27,,,0,30,,20609,27,,,0,70,,20610,27,,,0,30,,20611,27,,,0,69,,20612,27,,,0,15,,20613,27,,,0,15,,20614,27,,,0,55,,20615,27,,,0,15,,20616,27,,,0,15,,20617,27,,,0,15,,20618,27,,,0,55,,20619,27,,,0,15,,20620,27,,,0,15,,20621,27,,,0,57,,20622,27,,,0,15,,20623,27,,,0,15,,20624,27,,,0,15,,20625,27,,,0,55,,20626,27,,,0,30,,20627,27,,,0,70,,20628,27,,,0,30,,20629,27,,,0,70,,20630,27,,,0,30,,20631,27,,,0,70,,20632,27,,,0,30,,20633,27,,,0,100,,20634,27,,,0,88,,20635,27,,,0
5000,'259.0.3',1515,,20908,1,,,0,30,,20909,1,,,0,70,,20910,1,,,0,30,,20911,1,,,0
8401,'259.0.1',636,,22848,33,,,0,100,,22849,33,,,0,100,,22850,33,,,0,102,,22851,33,,,0,101,,22852,33,,,0,100,,22853,33,,,0,102,,22854,33,,,0,101,,22855,33,,,0,100,,22856,33,,,0,100,,22857,33,,,0,100,,22858,33,,,0,99,,22859,33,,,0,100,,22860,33,,,0,100,,22861,33,,,0,96,,22862,33,,,0,100,,22863,33,,,0,100,,22864,33,,,0
8401,'259.0.2',640,,22865,33,,,0,100,,22866,33,,,0,100,,22867,33,,,0,105,,22868,33,,,0,100,,22869,33,,,0,100,,22870,33,,,0,100,,22871,33,,,0,100,,22872,33,,,0,100,,22873,33,,,0,100,,22874,33,,,0,100,,22875,33,,,0,100,,22876,33,,,0,98,,22877,33,,,0,100,,22878,33,,,0,100,,22879,33,,,0,100,,22880,33,,,0,100,,22881,33,,,0
8401,'259.0.3',546,,22882,33,,,0,70,,22883,33,,,0,30,,22884,33,,,0,55,,22885,33,,,0,20,,22913,33,,,0,20,,22886,33,,,0,15,,22887,33,,,0,55,,22888,33,,,0,15,,22889,33,,,0,15,,22890,33,,,0,15,,22891,33,,,0,55,,22892,33,,,0,9,,22893,33,,,0,11,,22914,33,,,0,15,,22894,33,,,0,100,,22895,33,,,0,100,,22896,33,,,0,100,,22897,33,,,0,100,,22898,33,,,0,100,,22899,33,,,0,100,,22900,33,,,0,76,,22901,33,,,0,31,,22902,33,,,0,70,,22903,33,,,0,30,,22904,33,,,0,65,,22905,33,,,0,28,,22906,33,,,0,100,,22907,33,,,0,98,,22908,33,,,0,100,,22909,33,,,0,100,,22910,33,,,0,100,,22911,33,,,0,100,,22912,33,,,0
9301,'259.0.3',635,,23694,49,,,0,71,,23695,49,,,0,36,,23696,49,,,0,71,,23697,49,,,0,30,,23698,49,,,0,66,,23699,49,,,0
13600,'259.0.3',640,,23755,32,,,0,69,,23756,32,,,0,15,,23757,32,,,0,15,,23758,32,,,0,15,,23759,32,,,0,56,,23760,32,,,0,9,,23761,32,,,0,19,,23762,32,,,0
13700,'259.0.3',645,,23775,26,,,0,69,,23771,26,,,0,19,,23776,26,,,0,9,,23772,26,,,0,70,,23773,26,,,0,30,,23774,26,,,0
18201,'259.0.3',608,,23862,47,,,0,15,,23863,47,,,0,15,,23864,47,,,0,16,,23865,47,,,0,59,,23866,47,,,0,15,,23867,47,,,0,15,,23868,47,,,0,12,,23874,47,,,0,55,,23869,47,,,0,15,,23870,47,,,0,15,,23871,47,,,0,15,,23873,47,,,0,55,,23872,47,,,0
18301,'259.0.3',641,,23882,23,,,0,72,,23883,23,,,0,32,,23884,23,,,0,70,,23885,23,,,0,30,,23886,23,,,0,70,,23887,23,,,0
18501,'259.0.3',619,,23902,28,,,0,17,,23912,28,,,0,14,,23903,28,,,0,56,,23904,28,,,0,15,,23905,28,,,0,16,,23911,28,,,0,17,,23906,28,,,0,54,,23907,28,,,0,15,,23908,28,,,0,15,,23909,28,,,0,15,,23910,28,,,0,55,,23913,28,,,0
18601,'259.0.3',626,,23920,27,,,0,32,,23921,27,,,0,70,,23922,27,,,0,73,,23923,27,,,0,29,,23924,27,,,0,70,,23925,27,,,0
