2400,'244.0.1',609,,11184,18,,,0,30,,11185,18,,,0,70,,11186,18,,,0,30,,11187,18,,,0,70,,11188,18,,,0,30,,11189,18,,,0,70,,11190,18,,,0,30,,11191,18,,,0,71,,11192,18,,,0,30,,11193,18,,,0,70,,11194,18,,,0,30,,11195,18,,,0,70,,11196,18,,,0,30,,11197,18,,,0,70,,11198,18,,,0,30,,11199,18,,,0,70,,11200,18,,,0,30,,11201,18,,,0,70,,11202,18,,,0,30,,11203,18,,,0,70,,11204,18,,,0,30,,11205,18,,,0,70,,11206,18,,,0,30,,11207,18,,,0,70,,11208,18,,,0,29,,11209,18,,,0,70,,11210,18,,,0,30,,11211,18,,,0,70,,11212,18,,,0,30,,11213,18,,,0,70,,11214,18,,,0,30,,11215,18,,,0,70,,11216,18,,,0,30,,11217,18,,,0,70,,11218,18,,,0,30,,11219,18,,,0
2400,'244.0.2',609,,11220,18,,,0,30,,11221,18,,,0,70,,11222,18,,,0,30,,11223,18,,,0,70,,11224,18,,,0,30,,11225,18,,,0,70,,11226,18,,,0,31,,11227,18,,,0,70,,11228,18,,,0,30,,11229,18,,,0,70,,11230,18,,,0,30,,11231,18,,,0,70,,11232,18,,,0,30,,11233,18,,,0,70,,11234,18,,,0,30,,11235,18,,,0,70,,11236,18,,,0,30,,11237,18,,,0,70,,11238,18,,,0,30,,11239,18,,,0,70,,11240,18,,,0,30,,11241,18,,,0,70,,11242,18,,,0,30,,11243,18,,,0,70,,11244,18,,,0,29,,11245,18,,,0,70,,11246,18,,,0,30,,11247,18,,,0,70,,11248,18,,,0,30,,11249,18,,,0,70,,11250,18,,,0,30,,11251,18,,,0,70,,11252,18,,,0,30,,11253,18,,,0,70,,11254,18,,,0,30,,11255,18,,,0
2400,'244.0.3',611,,11256,18,,,0,30,,11257,18,,,0,66,,11258,18,,,0,29,,11259,18,,,0,70,,11260,18,,,0,34,,11261,18,,,0,70,,11262,18,,,0,30,,11263,18,,,0,70,,11264,18,,,0,30,,11265,18,,,0,70,,11266,18,,,0,30,,11267,18,,,0,70,,11268,18,,,0,30,,11269,18,,,0,70,,11270,18,,,0,30,,11271,18,,,0,70,,11272,18,,,0,30,,11273,18,,,0,70,,11274,18,,,0,30,,11275,18,,,0,70,,11276,18,,,0,30,,11277,18,,,0,70,,11278,18,,,0,30,,11279,18,,,0,70,,11280,18,,,0,30,,11281,18,,,0,69,,11282,18,,,0,30,,11283,18,,,0,70,,11284,18,,,0,30,,11285,18,,,0,70,,11286,18,,,0,30,,11287,18,,,0,70,,11288,18,,,0,30,,11289,18,,,0,70,,11290,18,,,0,30,,11291,18,,,0
12700,'244.0.3',623,,14893,12,,,0,18,,14894,12,,,0,59,,14895,12,,,0,8,,14896,12,,,0,8,,14897,12,,,0,17,,14898,12,,,0,13,,14899,12,,,0,55,,14900,12,,,0,5,,14901,12,,,0
1000901,'244.0.1',653,,15814,23,,,0,100,,15815,23,,,0,100,,15816,23,,,0,100,,15817,23,,,0,100,,15818,23,,,0,100,,15819,23,,,0,100,,15820,23,,,0,100,,15821,23,,,0,100,,15822,23,,,0,100,,15823,23,,,0,100,,15824,23,,,0,99,,15825,23,,,0,100,,15826,23,,,0,100,,15827,23,,,0,99,,15828,23,,,0,100,,15829,23,,,0,100,,15830,23,,,0,100,,15831,23,,,0
1000901,'244.0.2',652,,15832,23,,,0,98,,15833,23,,,0,102,,15834,23,,,0,100,,15835,23,,,0,100,,15836,23,,,0,100,,15837,23,,,0,100,,15838,23,,,0,100,,15839,23,,,0,100,,15840,23,,,0,100,,15841,23,,,0,100,,15842,23,,,0,100,,15843,23,,,0,100,,15844,23,,,0,100,,15845,23,,,0,98,,15846,23,,,0,100,,15847,23,,,0,100,,15848,23,,,0,100,,15849,23,,,0
1000901,'244.0.3',538,,15850,23,,,0,67,,15851,23,,,0,25,,15852,23,,,0,10,,15853,23,,,0,5,,15854,23,,,0,55,,15855,23,,,0,14,,15856,23,,,0,5,,15857,23,,,0,15,,15858,23,,,0,10,,15859,23,,,0,60,,15860,23,,,0,10,,15861,23,,,0,20,,15862,23,,,0,9,,15863,23,,,0,16,,15864,23,,,0,50,,15865,23,,,0,25,,15866,23,,,0,15,,15867,23,,,0,55,,15868,23,,,0,30,,15869,23,,,0,15,,15870,23,,,0,55,,15871,23,,,0,30,,15872,23,,,0,15,,15873,23,,,0,55,,15874,23,,,0,30,,15875,23,,,0,15,,15876,23,,,0,55,,15877,23,,,0,30,,15878,23,,,0,15,,15879,23,,,0,55,,15880,23,,,0,30,,15881,23,,,0,15,,15882,23,,,0,55,,15883,23,,,0,30,,15884,23,,,0,25,,15885,23,,,0,45,,15886,23,,,0,25,,15887,23,,,0,10,,15888,23,,,0,20,,15889,23,,,0,50,,15890,23,,,0,20,,15891,23,,,0,10,,15892,23,,,0,20,,15893,23,,,0,50,,15894,23,,,0,18,,15895,23,,,0,10,,15896,23,,,0,65,,15897,23,,,0,30,,15898,23,,,0,71,,15899,23,,,0,29,,15900,23,,,0,70,,15901,23,,,0,29,,15902,23,,,0,70,,15903,23,,,0,35,,15904,23,,,0,20,,15905,23,,,0,80,,15906,23,,,0,20,,15907,23,,,0,80,,15908,23,,,0,20,,15909,23,,,0
2000901,'244.0.1',623,,16829,39,,,0,100,,16830,39,,,0,99,,16831,39,,,0,101,,16832,39,,,0,100,,16833,39,,,0,100,,16834,39,,,0,100,,16835,39,,,0,100,,16836,39,,,0,100,,16837,39,,,0,100,,16838,39,,,0,100,,16839,39,,,0,100,,16840,39,,,0,99,,16841,39,,,0,100,,16842,39,,,0,99,,16843,39,,,0,100,,16844,39,,,0,100,,16845,39,,,0,100,,16846,39,,,0,100,,16847,39,,,0
2000901,'244.0.2',622,,16848,39,,,0,100,,16849,39,,,0,98,,16850,39,,,0,102,,16851,39,,,0,100,,16852,39,,,0,100,,16853,39,,,0,100,,16854,39,,,0,100,,16855,39,,,0,100,,16856,39,,,0,100,,16857,39,,,0,100,,16858,39,,,0,100,,16859,39,,,0,100,,16860,39,,,0,100,,16861,39,,,0,98,,16862,39,,,0,100,,16863,39,,,0,100,,16864,39,,,0,99,,16865,39,,,0,100,,16866,39,,,0
2000901,'244.0.3',550,,16867,39,,,0,70,,16868,39,,,0,30,,16869,39,,,0,74,,16870,39,,,0,30,,16871,39,,,0,70,,16872,39,,,0,26,,16873,39,,,0,69,,16874,39,,,0,100,,16875,39,,,0,100,,16876,39,,,0,100,,16877,39,,,0,100,,16878,39,,,0,100,,16879,39,,,0,100,,16880,39,,,0,30,,16881,39,,,0,70,,16882,39,,,0,30,,16883,39,,,0,70,,16884,39,,,0,30,,16885,39,,,0,69,,16886,39,,,0,29,,16887,39,,,0,70,,16888,39,,,0,30,,16889,39,,,0,70,,16890,39,,,0,30,,16891,39,,,0,70,,16892,39,,,0,23,,16893,39,,,0,70,,16894,39,,,0,100,,16895,39,,,0,100,,16896,39,,,0
