400,'259.0.1',550,,18780,1,,,0,100,,18781,1,,,0,100,,18782,1,,,0,70,,18783,1,,,0,30,,18784,1,,,0,70,,18785,1,,,0,30,,18786,1,,,0,70,,18787,1,,,0,30,,18788,1,,,0,70,,18789,1,,,0,30,,18790,1,,,0,70,,18791,1,,,0,30,,18792,1,,,0,70,,18793,1,,,0,30,,18794,1,,,0,70,,18795,1,,,0,30,,18796,1,,,0,70,,18797,1,,,0,30,,18798,1,,,0,70,,18799,1,,,0,30,,18800,1,,,0,70,,18801,1,,,0,30,,18802,1,,,0,70,,18803,1,,,0,30,,18804,1,,,0,70,,18805,1,,,0,30,,18806,1,,,0,70,,18807,1,,,0,30,,18808,1,,,0,70,,18809,1,,,0,30,,18810,1,,,0,100,,18811,1,,,0,100,,18812,1,,,0
400,'259.0.2',645,,18813,1,,,0,70,,18814,1,,,0,30,,18815,1,,,0,70,,18816,1,,,0,30,,18817,1,,,0,70,,18818,1,,,0,30,,18819,1,,,0,70,,18820,1,,,0,30,,18821,1,,,0,70,,18822,1,,,0,30,,18823,1,,,0,70,,18824,1,,,0,30,,18825,1,,,0,70,,18826,1,,,0,30,,18827,1,,,0,70,,18828,1,,,0,30,,18829,1,,,0,70,,18830,1,,,0,30,,18831,1,,,0,70,,18832,1,,,0,30,,18833,1,,,0,70,,18834,1,,,0,30,,18835,1,,,0,70,,18836,1,,,0,30,,18837,1,,,0,70,,18838,1,,,0,30,,18839,1,,,0,100,,18840,1,,,0,100,,18841,1,,,0,100,,18842,1,,,0,100,,18843,1,,,0
400,'259.0.3',600,,18844,1,,,0,20,,18845,1,,,0,20,,18846,1,,,0,60,,18847,1,,,0,15,,18848,1,,,0,15,,18849,1,,,0,15,,18850,1,,,0,55,,18851,1,,,0,15,,18852,1,,,0,15,,18853,1,,,0,15,,18854,1,,,0,55,,18855,1,,,0,15,,18856,1,,,0,15,,18857,1,,,0,15,,18858,1,,,0,55,,18859,1,,,0,15,,18860,1,,,0,15,,18861,1,,,0,15,,18862,1,,,0,55,,18863,1,,,0,15,,18864,1,,,0,15,,18865,1,,,0,15,,18866,1,,,0,55,,18867,1,,,0,15,,18868,1,,,0,15,,18869,1,,,0,15,,18870,1,,,0,55,,18871,1,,,0,10,,18872,1,,,0,10,,18873,1,,,0,10,,18874,1,,,0,10,,18875,1,,,0,10,,18876,1,,,0,50,,18877,1,,,0,8,,18878,1,,,0,8,,18879,1,,,0,8,,18880,1,,,0,8,,18881,1,,,0,8,,18882,1,,,0,8,,18883,1,,,0,8,,18884,1,,,0,48,,18885,1,,,0,8,,18886,1,,,0,8,,18887,1,,,0,8,,18888,1,,,0,8,,18889,1,,,0,8,,18890,1,,,0,8,,18891,1,,,0,48,,18892,1,,,0,8,,18893,1,,,0,8,,18894,1,,,0,8,,18895,1,,,0,8,,18896,1,,,0,8,,18897,1,,,0,16,,18898,1,,,0,48,,18899,1,,,0,8,,18900,1,,,0,8,,18901,1,,,0,8,,18902,1,,,0,8,,18903,1,,,0,9,,18904,1,,,0,55,,18905,1,,,0,15,,18906,1,,,0,15,,18907,1,,,0,20,,18908,1,,,0,60,,18909,1,,,0,20,,18910,1,,,0,20,,18911,1,,,0,60,,18912,1,,,0,20,,18913,1,,,0,20,,18914,1,,,0,60,,18915,1,,,0,20,,18916,1,,,0,20,,18917,1,,,0,70,,18918,1,,,0,30,,18919,1,,,0,70,,18920,1,,,0,30,,18921,1,,,0,70,,18922,1,,,0,30,,18923,1,,,0
400,'259.1141.3',1648,,18924,1,,,0
400,'259.1143.3',1648,,18925,1,,,0
401,'259.0.1',640,,18926,43,4,,0,100,,18927,43,4,,0,100,,18928,43,4,,0,70,,18929,43,4,,0,30,,18930,43,4,,0,70,,18931,43,4,,0,30,,18932,43,4,,0,71,,18933,43,4,,0,33,,18934,43,4,,0,70,,18935,43,4,,0,30,,18936,43,4,,0,70,,18937,43,4,,0,30,,18938,43,4,,0,70,,18939,43,4,,0,30,,18940,43,4,,0,70,,18941,43,4,,0,30,,18942,43,4,,0,70,,18943,43,4,,0,30,,18944,43,4,,0,70,,18945,43,4,,0,30,,18946,43,4,,0,70,,18947,43,4,,0,28,,18948,43,4,,0,70,,18949,43,4,,0,30,,18950,43,4,,0,70,,18951,43,4,,0,30,,18952,43,4,,0,70,,18953,43,4,,0,30,,18954,43,4,,0,69,,18955,43,4,,0,26,,18956,43,4,,0,100,,18957,43,4,,0,100,,18958,43,4,,0
401,'259.0.2',740,,18959,43,4,,0,70,,18960,43,4,,0,30,,18961,43,4,,0,70,,18962,43,4,,0,30,,18963,43,4,,0,70,,18964,43,4,,0,30,,18965,43,4,,0,71,,18966,43,4,,0,29,,18967,43,4,,0,70,,18968,43,4,,0,30,,18969,43,4,,0,70,,18970,43,4,,0,30,,18971,43,4,,0,70,,18972,43,4,,0,30,,18973,43,4,,0,70,,18974,43,4,,0,30,,18975,43,4,,0,70,,18976,43,4,,0,30,,18977,43,4,,0,70,,18978,43,4,,0,30,,18979,43,4,,0,70,,18980,43,4,,0,30,,18981,43,4,,0,70,,18982,43,4,,0,30,,18983,43,4,,0,71,,18984,43,4,,0,26,,18985,43,4,,0,100,,18986,43,4,,0,100,,18987,43,4,,0,100,,18988,43,4,,0,100,,18989,43,4,,0
401,'259.0.3',619,,18990,43,4,,0,15,,18991,43,4,,0,15,,18992,43,4,,0,55,,18993,43,4,,0,20,,18994,43,4,,0,20,,18995,43,4,,0,8,,18996,43,4,,0,48,,18997,43,4,,0,8,,18998,43,4,,0,8,,18999,43,4,,0,8,,19000,43,4,,0,8,,19001,43,4,,0,8,,19002,43,4,,0,8,,19003,43,4,,0,8,,19004,43,4,,0,48,,19005,43,4,,0,8,,19006,43,4,,0,8,,19007,43,4,,0,7,,19008,43,4,,0,6,,19009,43,4,,0,8,,19010,43,4,,0,8,,19011,43,4,,0,8,,19012,43,4,,0,48,,19013,43,4,,0,8,,19014,43,4,,0,8,,19015,43,4,,0,8,,19016,43,4,,0,8,,19017,43,4,,0,8,,19018,43,4,,0,11,,19019,43,4,,0,55,,19020,43,4,,0,15,,19021,43,4,,0,15,,19022,43,4,,0,15,,19023,43,4,,0,55,,19024,43,4,,0,15,,19025,43,4,,0,15,,19026,43,4,,0,15,,19027,43,4,,0,55,,19028,43,4,,0,15,,19029,43,4,,0,15,,19030,43,4,,0,15,,19031,43,4,,0,55,,19032,43,4,,0,15,,19033,43,4,,0,15,,19034,43,4,,0,15,,19035,43,4,,0,55,,19036,43,4,,0,16,,19037,43,4,,0,17,,19038,43,4,,0,58,,19039,43,4,,0,15,,19040,43,4,,0,15,,19041,43,4,,0,15,,19042,43,4,,0,55,,19043,43,4,,0,15,,19044,43,4,,0,15,,19045,43,4,,0,15,,19046,43,4,,0,55,,19047,43,4,,0,12,,19048,43,4,,0,12,,19049,43,4,,0,11,,19050,43,4,,0,15,,19051,43,4,,0,55,,19052,43,4,,0,20,,19053,43,4,,0,20,,19054,43,4,,0,60,,19055,43,4,,0,20,,19056,43,4,,0,20,,19057,43,4,,0,60,,19058,43,4,,0,20,,19059,43,4,,0,20,,19060,43,4,,0,60,,19061,43,4,,0,18,,19062,43,4,,0,28,,19063,43,4,,0,70,,19064,43,4,,0,30,,19065,43,4,,0,70,,19066,43,4,,0,30,,19067,43,4,,0,70,,19068,43,4,,0
1001000,'259.0.3',620,,24716,1,,,0,19,,24717,1,,,0,19,,24718,1,,,0,68,,24719,1,,,0,18,,24720,1,,,0,56,,24721,1,,,0,20,,24722,1,,,0,20,,24723,1,,,0,60,,24724,1,,,0,500,,24725,1,,,0,19,,24726,1,,,0,20,,24727,1,,,0,20,,24728,1,,,0,60,,24729,1,,,0,20,,24730,1,,,0,20,,24731,1,,,0,60,,24732,1,,,0,20,,24733,1,,,0,10,,24734,1,,,0,70,,24735,1,,,0,20,,24736,1,,,0,20,,24737,1,,,0,60,,24738,1,,,0
1001001,'259.0.3',656,,24739,23,4,,0,68,,24740,23,4,,0,20,,24741,23,4,,0,60,,24742,23,4,,0,20,,24743,23,4,,0,20,,24744,23,4,,0,60,,24745,23,4,,0,15,,24746,23,4,,0,20,,24747,23,4,,0,511,,24748,23,4,,0,55,,24749,23,4,,0,24,,24750,23,4,,0,21,,24751,23,4,,0,60,,24752,23,4,,0,20,,24753,23,4,,0,20,,24754,23,4,,0,65,,24755,23,4,,0,24,,24756,23,4,,0,62,,24757,23,4,,0,20,,24758,23,4,,0,9,,24759,23,4,,0,20,,24760,23,4,,0
2001000,'259.0.1',630,,25713,1,,,0,85,,25714,1,,,0,30,,25715,1,,,0,70,,25716,1,,,0,30,,25717,1,,,0,70,,25718,1,,,0,30,,25719,1,,,0,70,,25720,1,,,0,30,,25721,1,,,0,70,,25722,1,,,0,30,,25723,1,,,0,70,,25724,1,,,0,30,,25725,1,,,0,70,,25726,1,,,0,30,,25727,1,,,0,70,,25728,1,,,0,30,,25729,1,,,0,70,,25730,1,,,0,30,,25731,1,,,0,70,,25732,1,,,0,30,,25733,1,,,0,70,,25734,1,,,0,30,,25735,1,,,0,70,,25736,1,,,0,30,,25737,1,,,0,70,,25738,1,,,0,30,,25739,1,,,0,85,,25740,1,,,0,100,,25741,1,,,0,100,,25742,1,,,0,100,,25743,1,,,0
2001000,'259.0.2',630,,25744,1,,,0,115,,25745,1,,,0,70,,25746,1,,,0,30,,25747,1,,,0,70,,25748,1,,,0,30,,25749,1,,,0,70,,25750,1,,,0,30,,25751,1,,,0,70,,25752,1,,,0,30,,25753,1,,,0,70,,25754,1,,,0,30,,25755,1,,,0,70,,25756,1,,,0,30,,25757,1,,,0,70,,25758,1,,,0,30,,25759,1,,,0,70,,25760,1,,,0,30,,25761,1,,,0,70,,25762,1,,,0,30,,25763,1,,,0,70,,25764,1,,,0,30,,25765,1,,,0,85,,25766,1,,,0,100,,25767,1,,,0,100,,25768,1,,,0,100,,25769,1,,,0,100,,25770,1,,,0,100,,25771,1,,,0,100,,25772,1,,,0
2001000,'259.0.3',542,,25773,1,,,0,91,,25774,1,,,0,20,,25775,1,,,0,60,,25776,1,,,0,20,,25777,1,,,0,20,,25778,1,,,0,60,,25779,1,,,0,20,,25780,1,,,0,20,,25781,1,,,0,77,,25782,1,,,0,70,,25783,1,,,0,30,,25784,1,,,0,70,,25785,1,,,0,30,,25786,1,,,0,70,,25787,1,,,0,30,,25788,1,,,0,70,,25789,1,,,0,30,,25790,1,,,0,25,,25791,1,,,0,57,,25792,1,,,0,20,,25793,1,,,0,20,,25794,1,,,0,60,,25795,1,,,0,20,,25796,1,,,0,20,,25797,1,,,0,60,,25798,1,,,0,20,,25799,1,,,0,20,,25800,1,,,0,60,,25801,1,,,0,20,,25802,1,,,0,20,,25803,1,,,0,60,,25804,1,,,0,23,,25805,1,,,0,20,,25806,1,,,0,64,,25807,1,,,0,30,,25808,1,,,0,70,,25809,1,,,0,30,,25810,1,,,0,70,,25811,1,,,0
2001001,'259.0.1',705,,25812,34,4,,0,54,,25813,34,4,,0,89,,25814,34,4,,0,72,,25815,34,4,,0,30,,25816,34,4,,0,71,,25817,34,4,,0,33,,25818,34,4,,0,73,,25819,34,4,,0,31,,25820,34,4,,0,72,,25821,34,4,,0,73,,25822,34,4,,0,32,,25823,34,4,,0,70,,25824,34,4,,0,30,,25825,34,4,,0,70,,25826,34,4,,0,30,,25827,34,4,,0,70,,25828,34,4,,0,30,,25829,34,4,,0,70,,25830,34,4,,0,30,,25831,34,4,,0,70,,25832,34,4,,0,30,,25833,34,4,,0,70,,25834,34,4,,0,25,,25835,34,4,,0,26,,25836,34,4,,0,70,,25837,34,4,,0,30,,25838,34,4,,0,100,,25839,34,4,,0,98,,25840,34,4,,0,99,,25841,34,4,,0,100,,25842,34,4,,0
2001001,'259.0.2',658,,25843,34,4,,0,92,,25844,34,4,,0,90,,25845,34,4,,0,72,,25846,34,4,,0,33,,25847,34,4,,0,72,,25848,34,4,,0,32,,25849,34,4,,0,72,,25850,34,4,,0,31,,25851,34,4,,0,72,,25852,34,4,,0,30,,25853,34,4,,0,70,,25854,34,4,,0,30,,25855,34,4,,0,70,,25856,34,4,,0,32,,25857,34,4,,0,71,,25858,34,4,,0,30,,25859,34,4,,0,70,,25860,34,4,,0,30,,25861,34,4,,0,69,,25862,34,4,,0,30,,25863,34,4,,0,69,,25864,34,4,,0,29,,25865,34,4,,0,101,,25866,34,4,,0,100,,25867,34,4,,0,100,,25868,34,4,,0,100,,25869,34,4,,0,100,,25870,34,4,,0,100,,25871,34,4,,0
2001001,'259.0.3',617,,25872,34,4,,0,30,,25873,34,4,,0,67,,25874,34,4,,0,23,,25875,34,4,,0,22,,25910,34,4,,0,60,,25876,34,4,,0,20,,25877,34,4,,0,20,,25878,34,4,,0,59,,25879,34,4,,0,90,,25880,34,4,,0,20,,25881,34,4,,0,24,,25882,34,4,,0,74,,25883,34,4,,0,31,,25884,34,4,,0,70,,25885,34,4,,0,30,,25886,34,4,,0,70,,25887,34,4,,0,30,,25888,34,4,,0,79,,25889,34,4,,0,21,,25890,34,4,,0,64,,25891,34,4,,0,15,,25892,34,4,,0,21,,25893,34,4,,0,60,,25894,34,4,,0,20,,25895,34,4,,0,21,,25896,34,4,,0,64,,25897,34,4,,0,25,,25898,34,4,,0,61,,25899,34,4,,0,20,,25900,34,4,,0,9,,25901,34,4,,0,20,,25902,34,4,,0,70,,25903,34,4,,0,22,,25904,34,4,,0,72,,25905,34,4,,0,30,,25906,34,4,,0,70,,25907,34,4,,0,30,,25908,34,4,,0,70,,25909,34,4,,0
3001000,'259.0.1',600,,26275,1,,,0,100,,26276,1,,,0,30,,26277,1,,,0,70,,26278,1,,,0,30,,26279,1,,,0,70,,26280,1,,,0,30,,26281,1,,,0,70,,26282,1,,,0,30,,26283,1,,,0,70,,26284,1,,,0,30,,26285,1,,,0,70,,26286,1,,,0,30,,26287,1,,,0,70,,26288,1,,,0,30,,26289,1,,,0,70,,26290,1,,,0,30,,26291,1,,,0,70,,26292,1,,,0,30,,26293,1,,,0,70,,26294,1,,,0,30,,26295,1,,,0,70,,26296,1,,,0,30,,26297,1,,,0,70,,26298,1,,,0,30,,26299,1,,,0,70,,26300,1,,,0,100,,26301,1,,,0,100,,26302,1,,,0,100,,26303,1,,,0,100,,26304,1,,,0,100,,26305,1,,,0
3001000,'259.0.2',600,,26307,1,,,0,100,,26308,1,,,0,30,,26309,1,,,0,70,,26310,1,,,0,30,,26311,1,,,0,70,,26312,1,,,0,30,,26313,1,,,0,70,,26314,1,,,0,30,,26315,1,,,0,70,,26316,1,,,0,30,,26317,1,,,0,70,,26318,1,,,0,30,,26319,1,,,0,70,,26320,1,,,0,30,,26321,1,,,0,70,,26322,1,,,0,30,,26323,1,,,0,70,,26324,1,,,0,30,,26325,1,,,0,70,,26326,1,,,0,30,,26327,1,,,0,70,,26328,1,,,0,30,,26329,1,,,0,70,,26330,1,,,0,100,,26331,1,,,0,100,,26332,1,,,0,100,,26333,1,,,0,100,,26334,1,,,0,100,,26335,1,,,0
3001000,'259.0.3',547,,26339,1,,,0,59,,26340,1,,,0,20,,26341,1,,,0,19,,26342,1,,,0,58,,26343,1,,,0,17,,26344,1,,,0,18,,26345,1,,,0,69,,26346,1,,,0,20,,26347,1,,,0,20,,26348,1,,,0,68,,26349,1,,,0,30,,26350,1,,,0,70,,26351,1,,,0,30,,26352,1,,,0,70,,26353,1,,,0,30,,26354,1,,,0,70,,26355,1,,,0,30,,26356,1,,,0,70,,26357,1,,,0,30,,26358,1,,,0,60,,26359,1,,,0,20,,26360,1,,,0,20,,26361,1,,,0,60,,26362,1,,,0,20,,26363,1,,,0,20,,26364,1,,,0,60,,26365,1,,,0,20,,26366,1,,,0,20,,26367,1,,,0,60,,26368,1,,,0,20,,26369,1,,,0,20,,26370,1,,,0,60,,26371,1,,,0,20,,26372,1,,,0,20,,26373,1,,,0,59,,26374,1,,,0,30,,26375,1,,,0,70,,26376,1,,,0,30,,26377,1,,,0,70,,26378,1,,,0,30,,26379,1,,,0,70,,26380,1,,,0,30,,26381,1,,,0,70,,26382,1,,,0,30,,26383,1,,,0,70,,26384,1,,,0
3001001,'259.0.1',635,,26385,42,4,,0,94,,26386,42,4,,0,100,,26387,42,4,,0,76,,26388,42,4,,0,30,,26389,42,4,,0,70,,26390,42,4,,0,30,,26391,42,4,,0,74,,26392,42,4,,0,34,,26393,42,4,,0,71,,26394,42,4,,0,32,,26395,42,4,,0,74,,26396,42,4,,0,30,,26397,42,4,,0,70,,26398,42,4,,0,30,,26399,42,4,,0,70,,26400,42,4,,0,30,,26401,42,4,,0,70,,26402,42,4,,0,30,,26403,42,4,,0,70,,26404,42,4,,0,30,,26405,42,4,,0,70,,26406,42,4,,0,30,,26407,42,4,,0,68,,26408,42,4,,0,24,,26409,42,4,,0,68,,26410,42,4,,0,30,,26411,42,4,,0,100,,26412,42,4,,0,96,,26413,42,4,,0,93,,26414,42,4,,0,100,,26415,42,4,,0
3001001,'259.0.2',633,,26417,42,4,,0,90,,26418,42,4,,0,100,,26419,42,4,,0,30,,26420,42,4,,0,70,,26421,42,4,,0,30,,26422,42,4,,0,75,,26423,42,4,,0,73,,26424,42,4,,0,34,,26425,42,4,,0,70,,26426,42,4,,0,31,,26427,42,4,,0,71,,26428,42,4,,0,31,,26429,42,4,,0,70,,26430,42,4,,0,30,,26431,42,4,,0,70,,26432,42,4,,0,33,,26433,42,4,,0,70,,26434,42,4,,0,30,,26435,42,4,,0,70,,26436,42,4,,0,30,,26437,42,4,,0,70,,26438,42,4,,0,30,,26439,42,4,,0,68,,26440,42,4,,0,27,,26441,42,4,,0,100,,26442,42,4,,0,94,,26443,42,4,,0,100,,26444,42,4,,0,100,,26445,42,4,,0
3001001,'259.0.3',602,,26447,42,4,,0,30,,26448,42,4,,0,75,,26449,42,4,,0,25,,26450,42,4,,0,22,,26451,42,4,,0,60,,26452,42,4,,0,18,,26453,42,4,,0,19,,26454,42,4,,0,60,,26455,42,4,,0,15,,26456,42,4,,0,32,,26457,42,4,,0,60,,26458,42,4,,0,20,,26459,42,4,,0,68,,26460,42,4,,0,36,,26461,42,4,,0,70,,26462,42,4,,0,30,,26463,42,4,,0,70,,26464,42,4,,0,30,,26465,42,4,,0,70,,26466,42,4,,0,30,,26467,42,4,,0,70,,26468,42,4,,0,30,,26469,42,4,,0,61,,26470,42,4,,0,20,,26471,42,4,,0,20,,26472,42,4,,0,61,,26473,42,4,,0,27,,26474,42,4,,0,23,,26475,42,4,,0,60,,26476,42,4,,0,20,,26477,42,4,,0,18,,26478,42,4,,0,56,,26479,42,4,,0,17,,26480,42,4,,0,9,,26481,42,4,,0,12,,26482,42,4,,0,59,,26483,42,4,,0,39,,26484,42,4,,0,70,,26485,42,4,,0,30,,26486,42,4,,0,70,,26487,42,4,,0,30,,26488,42,4,,0,68,,26489,42,4,,0,24,,26490,42,4,,0
