2100,'259.0.1',615,,19633,39,,,0,30,,19634,39,,,0,71,,19635,39,,,0,30,,19636,39,,,0,70,,19637,39,,,0,30,,19638,39,,,0,70,,19639,39,,,0,30,,19640,39,,,0,75,,19641,39,,,0,31,,19642,39,,,0,70,,19643,39,,,0,30,,19644,39,,,0,73,,19645,39,,,0,31,,19646,39,,,0,70,,19647,39,,,0,30,,19648,39,,,0,70,,19649,39,,,0,30,,19650,39,,,0,70,,19651,39,,,0,30,,19652,39,,,0,70,,19653,39,,,0,30,,19654,39,,,0,70,,19655,39,,,0,30,,19656,39,,,0,67,,19657,39,,,0,26,,19658,39,,,0,70,,19659,39,,,0,30,,19660,39,,,0,70,,19661,39,,,0,34,,19662,39,,,0,67,,19663,39,,,0,30,,19664,39,,,0,70,,19665,39,,,0,100,,19666,39,,,0,100,,19667,39,,,0
2100,'259.0.2',721,,19668,39,,,0,100,,19669,39,,,0,100,,19670,39,,,0,100,,19671,39,,,0,107,,19672,39,,,0,100,,19673,39,,,0,100,,19674,39,,,0,100,,19675,39,,,0,100,,19676,39,,,0,100,,19677,39,,,0,100,,19678,39,,,0,95,,19679,39,,,0,100,,19680,39,,,0,101,,19681,39,,,0,100,,19682,39,,,0,100,,19683,39,,,0,100,,19684,39,,,0,100,,19685,39,,,0
2100,'259.0.3',555,,19686,39,,,0,71,,19687,39,,,0,30,,19688,39,,,0,69,,19689,39,,,0,32,,19690,39,,,0,70,,19691,39,,,0,30,,19692,39,,,0,70,,19693,39,,,0,105,,19694,39,,,0,98,,19695,39,,,0,102,,19696,39,,,0,100,,19697,39,,,0,100,,19698,39,,,0,100,,19699,39,,,0,75,,19700,39,,,0,30,,19701,39,,,0,70,,19702,39,,,0,34,,19703,39,,,0,65,,19704,39,,,0,26,,19705,39,,,0,71,,19706,39,,,0,28,,19707,39,,,0,70,,19708,39,,,0,28,,19709,39,,,0,89,,19710,39,,,0,100,,19711,39,,,0,100,,19712,39,,,0,100,,19713,39,,,0
2800,'259.0.1',732,,20355,29,,,0,70,,20356,29,,,0,30,,20357,29,,,0,70,,20358,29,,,0,30,,20359,29,,,0,70,,20360,29,,,0,36,,20361,29,,,0,71,,20362,29,,,0,30,,20363,29,,,0,70,,20364,29,,,0,30,,20365,29,,,0,70,,20366,29,,,0,30,,20367,29,,,0,70,,20368,29,,,0,30,,20369,29,,,0,70,,20370,29,,,0,30,,20371,29,,,0,70,,20372,29,,,0,30,,20373,29,,,0,70,,20374,29,,,0,30,,20375,29,,,0,70,,20376,29,,,0,24,,20377,29,,,0,69,,20378,29,,,0,30,,20379,29,,,0,70,,20380,29,,,0,30,,20381,29,,,0,70,,20382,29,,,0,30,,20383,29,,,0,70,,20384,29,,,0,30,,20385,29,,,0,70,,20386,29,,,0,30,,20387,29,,,0,70,,20388,29,,,0
2800,'259.0.2',750,,20389,29,,,0,100,,20390,29,,,0,101,,20391,29,,,0,100,,20392,29,,,0,100,,20393,29,,,0,104,,20394,29,,,0,100,,20395,29,,,0,100,,20396,29,,,0,100,,20397,29,,,0,100,,20398,29,,,0,96,,20399,29,,,0,100,,20400,29,,,0,100,,20401,29,,,0,100,,20402,29,,,0,100,,20403,29,,,0,100,,20404,29,,,0,100,,20405,29,,,0
2800,'259.0.3',645,,20406,29,,,0,70,,20407,29,,,0,36,,20408,29,,,0,70,,20409,29,,,0,30,,20410,29,,,0,70,,20411,29,,,0,27,,20412,29,,,0,70,,20413,29,,,0,30,,20414,29,,,0,70,,20415,29,,,0,30,,20416,29,,,0,70,,20417,29,,,0,30,,20418,29,,,0,70,,20419,29,,,0,30,,20420,29,,,0,70,,20421,29,,,0,30,,20422,29,,,0,72,,20423,29,,,0,32,,20424,29,,,0,70,,20425,29,,,0,30,,20426,29,,,0,70,,20427,29,,,0,30,,20428,29,,,0,69,,20429,29,,,0,24,,20430,29,,,0,70,,20431,29,,,0,30,,20432,29,,,0,70,,20433,29,,,0,30,,20434,29,,,0,100,,20435,29,,,0,100,,20436,29,,,0,100,,20437,29,,,0
3901,'259.0.1',645,,20827,34,,,0,70,,20828,34,,,0,30,,20829,34,,,0,70,,20830,34,,,0,31,,20831,34,,,0,71,,20832,34,,,0,30,,20833,34,,,0,70,,20834,34,,,0,30,,20835,34,,,0,70,,20836,34,,,0,30,,20837,34,,,0,70,,20838,34,,,0,30,,20839,34,,,0,70,,20840,34,,,0,30,,20841,34,,,0,70,,20842,34,,,0,30,,20843,34,,,0,70,,20844,34,,,0,30,,20845,34,,,0,70,,20846,34,,,0,30,,20847,34,,,0,70,,20848,34,,,0,30,,20849,34,,,0,70,,20850,34,,,0,30,,20851,34,,,0,70,,20852,34,,,0,30,,20853,34,,,0,70,,20854,34,,,0,30,,20855,34,,,0,70,,20856,34,,,0,30,,20857,34,,,0,69,,20858,34,,,0,30,,20859,34,,,0,70,,20860,34,,,0,30,,20861,34,,,0
3901,'259.0.2',715,,20862,34,,,0,100,,20863,34,,,0,100,,20864,34,,,0,100,,20865,34,,,0,101,,20866,34,,,0,100,,20867,34,,,0,100,,20868,34,,,0,100,,20869,34,,,0,100,,20870,34,,,0,100,,20871,34,,,0,100,,20872,34,,,0,100,,20873,34,,,0,100,,20874,34,,,0,99,,20875,34,,,0,100,,20876,34,,,0,100,,20877,34,,,0
3901,'259.0.3',629,,20878,34,,,0,30,,20879,34,,,0,73,,20880,34,,,0,70,,20881,34,,,0,30,,20882,34,,,0,70,,20883,34,,,0,30,,20884,34,,,0,70,,20885,34,,,0,30,,20886,34,,,0,70,,20887,34,,,0,30,,20888,34,,,0,70,,20889,34,,,0,30,,20890,34,,,0,70,,20891,34,,,0,30,,20892,34,,,0,70,,20893,34,,,0,30,,20894,34,,,0,70,,20895,34,,,0,31,,20896,34,,,0,77,,20897,34,,,0,30,,20898,34,,,0,70,,20899,34,,,0,30,,20900,34,,,0,69,,20901,34,,,0,24,,20902,34,,,0,100,,20903,34,,,0,99,,20904,34,,,0,100,,20905,34,,,0,100,,20906,34,,,0,100,,20907,34,,,0
13600,'259.0.3',625,,23755,15,,,0,27,,23756,15,,,0,53,,23757,15,,,0,13,,23758,15,,,0,14,,23759,15,,,0,16,,23760,15,,,0,9,,23761,15,,,0,59,,23762,15,,,0
13700,'259.0.3',627,,23775,7,,,0,24,,23771,7,,,0,58,,23776,7,,,0,8,,23772,7,,,0,29,,23773,7,,,0,70,,23774,7,,,0
13800,'259.0.3',611,,23783,17,,,0,29,,23784,17,,,0,14,,23785,17,,,0,54,,23786,17,,,0,27,,23787,17,,,0,5,,23788,17,,,0,64,,23789,17,,,0
2003001,'259.0.1',623,,26000,18,,,0,30,,26001,18,,,0,70,,26002,18,,,0,30,,26003,18,,,0,70,,26004,18,,,0,30,,26005,18,,,0,70,,26006,18,,,0,30,,26007,18,,,0,72,,26008,18,,,0,30,,26009,18,,,0,70,,26010,18,,,0,30,,26011,18,,,0,70,,26012,18,,,0,30,,26013,18,,,0,70,,26014,18,,,0,30,,26015,18,,,0,70,,26016,18,,,0,30,,26017,18,,,0,70,,26018,18,,,0,30,,26019,18,,,0,70,,26020,18,,,0,30,,26021,18,,,0,70,,26022,18,,,0,30,,26023,18,,,0,70,,26024,18,,,0,30,,26025,18,,,0,70,,26026,18,,,0,30,,26027,18,,,0,69,,26028,18,,,0,29,,26029,18,,,0,70,,26030,18,,,0,30,,26031,18,,,0,70,,26032,18,,,0,30,,26033,18,,,0,70,,26034,18,,,0
2003001,'259.0.2',651,,26035,18,,,0,100,,26036,18,,,0,100,,26037,18,,,0,100,,26038,18,,,0,100,,26039,18,,,0,100,,26040,18,,,0,100,,26041,18,,,0,100,,26042,18,,,0,100,,26043,18,,,0,100,,26044,18,,,0,100,,26045,18,,,0,100,,26046,18,,,0,100,,26047,18,,,0,100,,26048,18,,,0,100,,26049,18,,,0,100,,26050,18,,,0,100,,26051,18,,,0,100,,26052,18,,,0
2003001,'259.0.3',603,,26053,18,,,0,30,,26054,18,,,0,70,,26055,18,,,0,35,,26056,18,,,0,70,,26057,18,,,0,30,,26058,18,,,0,70,,26059,18,,,0,28,,26060,18,,,0,70,,26061,18,,,0,30,,26062,18,,,0,70,,26063,18,,,0,30,,26064,18,,,0,70,,26065,18,,,0,30,,26066,18,,,0,70,,26067,18,,,0,30,,26068,18,,,0,70,,26069,18,,,0,30,,26070,18,,,0,72,,26071,18,,,0,30,,26072,18,,,0,70,,26073,18,,,0,30,,26074,18,,,0,70,,26075,18,,,0,30,,26076,18,,,0,70,,26077,18,,,0,30,,26078,18,,,0,70,,26079,18,,,0,29,,26080,18,,,0,68,,26081,18,,,0,30,,26082,18,,,0,70,,26083,18,,,0,30,,26084,18,,,0,69,,26085,18,,,0,29,,26086,18,,,0,70,,26087,18,,,0,30,,26088,18,,,0
