500,'244.0.1',642,,10242,10,,,0,60,,10243,10,,,0,20,,10244,10,,,0,20,,10245,10,,,0,60,,10246,10,,,0,20,,10247,10,,,0,20,,10248,10,,,0,61,,10249,10,,,0,20,,10250,10,,,0,20,,10251,10,,,0,60,,10252,10,,,0,20,,10253,10,,,0,20,,10254,10,,,0,61,,10255,10,,,0,20,,10256,10,,,0,20,,10257,10,,,0,60,,10258,10,,,0,20,,10259,10,,,0,20,,10260,10,,,0,60,,10261,10,,,0,20,,10262,10,,,0,20,,10263,10,,,0,60,,10264,10,,,0,20,,10265,10,,,0,20,,10266,10,,,0,59,,10267,10,,,0,20,,10268,10,,,0,20,,10269,10,,,0,60,,10270,10,,,0,20,,10271,10,,,0,20,,10272,10,,,0,60,,10273,10,,,0,20,,10274,10,,,0,20,,10275,10,,,0,60,,10276,10,,,0,20,,10277,10,,,0,20,,10278,10,,,0,60,,10279,10,,,0,20,,10280,10,,,0,20,,10281,10,,,0,60,,10282,10,,,0,20,,10283,10,,,0,20,,10284,10,,,0,60,,10285,10,,,0,20,,10286,10,,,0,20,,10287,10,,,0,60,,10288,10,,,0,20,,10289,10,,,0,30,,10290,10,,,0,70,,10291,10,,,0,30,,10292,10,,,0,70,,10293,10,,,0,30,,10294,10,,,0,70,,10295,10,,,0
500,'244.0.2',642,,10296,10,,,0,70,,10297,10,,,0,30,,10298,10,,,0,70,,10299,10,,,0,30,,10300,10,,,0,70,,10301,10,,,0,30,,10302,10,,,0,71,,10303,10,,,0,30,,10304,10,,,0,70,,10305,10,,,0,30,,10306,10,,,0,70,,10307,10,,,0,30,,10308,10,,,0,70,,10309,10,,,0,30,,10310,10,,,0,70,,10311,10,,,0,30,,10312,10,,,0,70,,10313,10,,,0,30,,10314,10,,,0,70,,10315,10,,,0,30,,10316,10,,,0,70,,10317,10,,,0,30,,10318,10,,,0,70,,10319,10,,,0,30,,10320,10,,,0,70,,10321,10,,,0,30,,10322,10,,,0,70,,10323,10,,,0,30,,10324,10,,,0,70,,10325,10,,,0,30,,10326,10,,,0,70,,10327,10,,,0,30,,10328,10,,,0,70,,10329,10,,,0,30,,10330,10,,,0,70,,10331,10,,,0
500,'244.0.3',542,,10332,10,,,0,70,,10333,10,,,0,15,,10334,10,,,0,15,,10335,10,,,0,15,,10336,10,,,0,55,,10337,10,,,0,15,,10338,10,,,0,15,,10339,10,,,0,15,,10340,10,,,0,55,,10341,10,,,0,15,,10342,10,,,0,15,,10343,10,,,0,15,,10344,10,,,0,56,,10345,10,,,0,15,,10346,10,,,0,15,,10347,10,,,0,15,,10348,10,,,0,55,,10349,10,,,0,15,,10350,10,,,0,15,,10351,10,,,0,15,,10352,10,,,0,57,,10353,10,,,0,15,,10354,10,,,0,15,,10355,10,,,0,55,,10356,10,,,0,15,,10357,10,,,0,15,,10358,10,,,0,15,,10359,10,,,0,55,,10360,10,,,0,15,,10361,10,,,0,15,,10362,10,,,0,15,,10363,10,,,0,55,,10364,10,,,0,15,,10365,10,,,0,15,,10366,10,,,0,15,,10367,10,,,0,55,,10368,10,,,0,14,,10369,10,,,0,15,,10370,10,,,0,15,,10371,10,,,0,15,,10372,10,,,0,55,,10373,10,,,0,15,,10374,10,,,0,15,,10375,10,,,0,15,,10376,10,,,0,55,,10377,10,,,0,15,,10378,10,,,0,15,,10379,10,,,0,15,,10380,10,,,0,55,,10381,10,,,0,15,,10382,10,,,0,15,,10383,10,,,0,60,,10384,10,,,0,15,,10385,10,,,0,20,,10386,10,,,0,20,,10387,10,,,0,59,,10388,10,,,0,20,,10389,10,,,0,20,,10390,10,,,0,60,,10391,10,,,0,20,,10392,10,,,0,20,,10393,10,,,0,75,,10394,10,,,0,70,,10395,10,,,0,30,,10396,10,,,0,70,,10397,10,,,0,30,,10398,10,,,0,70,,10399,10,,,0
5301,'244.0.1',622,,12174,18,,,0,30,,12175,18,,,0,70,,12176,18,,,0,30,,12177,18,,,0,70,,12178,18,,,0,30,,12179,18,,,0,70,,12180,18,,,0,30,,12181,18,,,0,72,,12182,18,,,0,30,,12183,18,,,0,70,,12184,18,,,0,30,,12185,18,,,0,70,,12186,18,,,0,30,,12187,18,,,0,70,,12188,18,,,0,30,,12189,18,,,0,70,,12190,18,,,0,30,,12191,18,,,0,70,,12192,18,,,0,30,,12193,18,,,0,70,,12194,18,,,0,30,,12195,18,,,0,70,,12196,18,,,0,30,,12197,18,,,0,68,,12198,18,,,0,30,,12199,18,,,0,70,,12200,18,,,0,30,,12201,18,,,0,70,,12202,18,,,0,30,,12203,18,,,0,70,,12204,18,,,0,30,,12205,18,,,0,70,,12206,18,,,0,100,,12207,18,,,0
5301,'244.0.2',722,,12208,18,,,0,100,,12209,18,,,0,100,,12210,18,,,0,102,,12211,18,,,0,100,,12212,18,,,0,100,,12213,18,,,0,100,,12214,18,,,0,100,,12215,18,,,0,100,,12216,18,,,0,100,,12217,18,,,0,100,,12218,18,,,0,98,,12219,18,,,0,100,,12220,18,,,0,100,,12221,18,,,0,100,,12222,18,,,0,100,,12223,18,,,0
5301,'244.0.3',554,,12224,18,,,0,70,,12225,18,,,0,30,,12226,18,,,0,70,,12227,18,,,0,30,,12228,18,,,0,70,,12229,18,,,0,30,,12230,18,,,0,70,,12231,18,,,0,30,,12232,18,,,0,70,,12233,18,,,0,30,,12234,18,,,0,70,,12235,18,,,0,30,,12236,18,,,0,70,,12237,18,,,0,30,,12238,18,,,0,70,,12239,18,,,0,30,,12240,18,,,0,70,,12241,18,,,0,30,,12242,18,,,0,70,,12243,18,,,0,30,,12244,18,,,0,70,,12245,18,,,0,30,,12246,18,,,0,70,,12247,18,,,0,30,,12248,18,,,0,70,,12249,18,,,0,30,,12250,18,,,0,70,,12251,18,,,0,30,,12252,18,,,0,70,,12253,18,,,0,30,,12254,18,,,0,70,,12255,18,,,0,100,,12256,18,,,0,100,,12257,18,,,0
5400,'244.0.1',559,,12258,2,,,0,100,,12259,2,,,0,100,,12260,2,,,0,100,,12261,2,,,0,100,,12262,2,,,0,100,,12263,2,,,0,100,,12264,2,,,0,100,,12265,2,,,0,100,,12266,2,,,0,100,,12267,2,,,0,100,,12268,2,,,0,100,,12269,2,,,0,100,,12270,2,,,0,100,,12271,2,,,0,100,,12272,2,,,0,100,,12273,2,,,0,100,,12274,2,,,0
5400,'244.0.2',759,,12275,2,,,0,100,,12276,2,,,0,100,,12277,2,,,0,100,,12278,2,,,0,100,,12279,2,,,0,100,,12280,2,,,0,100,,12281,2,,,0,100,,12282,2,,,0,100,,12283,2,,,0,100,,12284,2,,,0,100,,12285,2,,,0,100,,12286,2,,,0,100,,12287,2,,,0,100,,12288,2,,,0
5400,'244.0.3',601,,12289,2,,,0,28,,12290,2,,,0,30,,12291,2,,,0,68,,12292,2,,,0,30,,12293,2,,,0,71,,12294,2,,,0,75,,12295,2,,,0,100,,12296,2,,,0,100,,12297,2,,,0,100,,12298,2,,,0,100,,12299,2,,,0,100,,12300,2,,,0,100,,12301,2,,,0,30,,12302,2,,,0,70,,12303,2,,,0,29,,12304,2,,,0,70,,12305,2,,,0,30,,12306,2,,,0,71,,12307,2,,,0,30,,12308,2,,,0,70,,12309,2,,,0,30,,12310,2,,,0,70,,12311,2,,,0,100,,12312,2,,,0
5500,'244.0.1',729,,12368,2,,,0,100,,12369,2,,,0,100,,12370,2,,,0,100,,12371,2,,,0,100,,12372,2,,,0,100,,12373,2,,,0,100,,12374,2,,,0,100,,12375,2,,,0,100,,12376,2,,,0,100,,12377,2,,,0,100,,12378,2,,,0,100,,12379,2,,,0,100,,12380,2,,,0,100,,12381,2,,,0,100,,12382,2,,,0
5500,'244.0.2',729,,12383,2,,,0,100,,12384,2,,,0,100,,12385,2,,,0,100,,12386,2,,,0,100,,12387,2,,,0,100,,12388,2,,,0,100,,12389,2,,,0,100,,12390,2,,,0,100,,12391,2,,,0,100,,12392,2,,,0,100,,12393,2,,,0,100,,12394,2,,,0,100,,12395,2,,,0,100,,12396,2,,,0,100,,12397,2,,,0
5500,'244.0.3',618,,12398,2,,,0,30,,12416,2,,,0,70,,12399,2,,,0,30,,12400,2,,,0,100,,12401,2,,,0,85,,12402,2,,,0,100,,12403,2,,,0,100,,12404,2,,,0,100,,12405,2,,,0,100,,12406,2,,,0,100,,12407,2,,,0,85,,12408,2,,,0,99,,12409,2,,,0,35,,12417,2,,,0,70,,12410,2,,,0,26,,12411,2,,,0,75,,12412,2,,,0,100,,12413,2,,,0,110,,12414,2,,,0,100,,12415,2,,,0
6200,'244.0.1',702,,12991,2,,,0,100,,12992,2,,,0,100,,12993,2,,,0,100,,12994,2,,,0,100,,12995,2,,,0,100,,12996,2,,,0,100,,12997,2,,,0,100,,12998,2,,,0,100,,12999,2,,,0,100,,13000,2,,,0,100,,13001,2,,,0,100,,13002,2,,,0,100,,13003,2,,,0,100,,13004,2,,,0,100,,13005,2,,,0,100,,13006,2,,,0
6200,'244.0.2',702,,13007,2,,,0,100,,13008,2,,,0,100,,13009,2,,,0,100,,13010,2,,,0,100,,13011,2,,,0,100,,13012,2,,,0,100,,13013,2,,,0,100,,13014,2,,,0,100,,13015,2,,,0,100,,13016,2,,,0,100,,13017,2,,,0,100,,13018,2,,,0,100,,13019,2,,,0,100,,13020,2,,,0,100,,13021,2,,,0,100,,13022,2,,,0
6200,'244.0.3',611,,13023,2,,,0,30,,13024,2,,,0,70,,13025,2,,,0,30,,13026,2,,,0,70,,13027,2,,,0,30,,13028,2,,,0,70,,13029,2,,,0,100,,13030,2,,,0,100,,13031,2,,,0,100,,13032,2,,,0,100,,13033,2,,,0,100,,13034,2,,,0,100,,13035,2,,,0,30,,13036,2,,,0,70,,13037,2,,,0,30,,13038,2,,,0,70,,13039,2,,,0,30,,13040,2,,,0,70,,13041,2,,,0,30,,13042,2,,,0,100,,13043,2,,,0,100,,13044,2,,,0,100,,13045,2,,,0,100,,13046,2,,,0
1000601,'244.0.3',535,,15372,2,,,0,70,,15373,2,,,0,30,,15374,2,,,0,70,,15375,2,,,0,29,,15376,2,,,0,70,,15377,2,,,0,30,,15378,2,,,0,70,,15379,2,,,0,15,,15380,2,,,0,30,,15381,2,,,0,70,,15382,2,,,0,30,,15383,2,,,0,70,,15384,2,,,0,30,,15385,2,,,0,70,,15386,2,,,0,30,,15387,2,,,0,70,,15388,2,,,0,30,,15389,2,,,0,70,,15390,2,,,0,30,,15391,2,,,0,54,,15392,2,,,0,30,,15393,2,,,0,70,,15394,2,,,0,30,,15395,2,,,0,70,,15396,2,,,0,30,,15397,2,,,0,72,,15398,2,,,0,30,,15399,2,,,0
2000601,'244.0.1',602,,16367,2,,,0,100,,16368,2,,,0,100,,16369,2,,,0,100,,16370,2,,,0,100,,16371,2,,,0,100,,16372,2,,,0,100,,16373,2,,,0,100,,16374,2,,,0,100,,16375,2,,,0,100,,16376,2,,,0,100,,16377,2,,,0,100,,16378,2,,,0,100,,16379,2,,,0,100,,16380,2,,,0,100,,16381,2,,,0,100,,16382,2,,,0,100,,16383,2,,,0,100,,16384,2,,,0,100,,16385,2,,,0
2000601,'244.0.2',602,,16387,2,,,0,100,,16388,2,,,0,100,,16389,2,,,0,100,,16390,2,,,0,100,,16391,2,,,0,100,,16392,2,,,0,100,,16393,2,,,0,100,,16394,2,,,0,100,,16395,2,,,0,100,,16396,2,,,0,100,,16397,2,,,0,100,,16398,2,,,0,100,,16399,2,,,0,100,,16400,2,,,0,100,,16401,2,,,0,100,,16402,2,,,0,100,,16403,2,,,0,100,,16404,2,,,0,100,,16405,2,,,0
2000601,'244.0.3',542,,16408,2,,,0,70,,16409,2,,,0,30,,16410,2,,,0,70,,16411,2,,,0,30,,16412,2,,,0,70,,16413,2,,,0,30,,16414,2,,,0,65,,16415,2,,,0,100,,16416,2,,,0,100,,16417,2,,,0,100,,16418,2,,,0,100,,16419,2,,,0,100,,16420,2,,,0,104,,16421,2,,,0,30,,16422,2,,,0,70,,16423,2,,,0,30,,16424,2,,,0,70,,16425,2,,,0,30,,16426,2,,,0,70,,16427,2,,,0,100,,16428,2,,,0,100,,16429,2,,,0,100,,16430,2,,,0,100,,16431,2,,,0,100,,16432,2,,,0,100,,16433,2,,,0
3000601,'244.0.1',632,,17381,2,,,0,100,,17382,2,,,0,100,,17383,2,,,0,100,,17384,2,,,0,100,,17385,2,,,0,100,,17386,2,,,0,100,,17387,2,,,0,100,,17388,2,,,0,100,,17389,2,,,0,100,,17390,2,,,0,100,,17391,2,,,0,100,,17392,2,,,0,100,,17393,2,,,0,100,,17394,2,,,0,100,,17395,2,,,0,100,,17396,2,,,0,100,,17397,2,,,0,100,,17398,2,,,0,100,,17399,2,,,0
3000601,'244.0.2',632,,17401,2,,,0,100,,17402,2,,,0,100,,17403,2,,,0,100,,17404,2,,,0,100,,17405,2,,,0,100,,17406,2,,,0,100,,17407,2,,,0,100,,17408,2,,,0,100,,17409,2,,,0,100,,17410,2,,,0,100,,17411,2,,,0,100,,17412,2,,,0,100,,17413,2,,,0,100,,17414,2,,,0,100,,17415,2,,,0,100,,17416,2,,,0,100,,17417,2,,,0,100,,17418,2,,,0,100,,17419,2,,,0
3000601,'244.0.3',557,,17421,2,,,0,70,,17422,2,,,0,30,,17423,2,,,0,70,,17424,2,,,0,30,,17425,2,,,0,70,,17426,2,,,0,30,,17427,2,,,0,80,,17428,2,,,0,100,,17429,2,,,0,100,,17430,2,,,0,100,,17431,2,,,0,100,,17432,2,,,0,100,,17433,2,,,0,89,,17434,2,,,0,30,,17435,2,,,0,70,,17436,2,,,0,30,,17437,2,,,0,70,,17438,2,,,0,30,,17439,2,,,0,70,,17440,2,,,0,116,,17441,2,,,0,100,,17442,2,,,0,100,,17443,2,,,0,100,,17444,2,,,0,100,,17445,2,,,0,100,,17446,2,,,0
