100,'259.0.1',607,,17670,20,,,0,15,,17671,20,,,0,15,,17672,20,,,0,15,,17673,20,,,0,55,,17674,20,,,0,15,,17675,20,,,0,15,,17676,20,,,0,15,,17677,20,,,0,57,,17678,20,,,0,15,,17679,20,,,0,15,,17680,20,,,0,15,,17681,20,,,0,55,,17682,20,,,0,16,,17683,20,,,0,17,,17684,20,,,0,15,,17685,20,,,0,55,,17686,20,,,0,15,,17687,20,,,0,15,,17688,20,,,0,16,,17689,20,,,0,56,,17690,20,,,0,15,,17691,20,,,0,15,,17692,20,,,0,15,,17693,20,,,0,55,,17694,20,,,0,15,,17695,20,,,0,15,,17696,20,,,0,15,,17697,20,,,0,55,,17698,20,,,0,15,,17699,20,,,0,15,,17700,20,,,0,15,,17701,20,,,0,55,,17702,20,,,0,15,,17703,20,,,0,15,,17704,20,,,0,15,,17705,20,,,0,55,,17706,20,,,0,15,,17707,20,,,0,15,,17708,20,,,0,15,,17709,20,,,0,55,,17710,20,,,0,15,,17711,20,,,0,15,,17712,20,,,0,15,,17713,20,,,0,55,,17714,20,,,0,15,,17715,20,,,0,15,,17716,20,,,0,15,,17717,20,,,0,55,,17718,20,,,0,15,,17719,20,,,0,15,,17720,20,,,0,15,,17721,20,,,0,53,,17722,20,,,0,14,,17723,20,,,0,15,,17724,20,,,0,15,,17725,20,,,0,55,,17726,20,,,0,15,,17727,20,,,0,15,,17728,20,,,0,15,,17729,20,,,0,55,,17730,20,,,0,15,,17731,20,,,0,15,,17732,20,,,0,15,,17733,20,,,0,55,,17734,20,,,0,13,,17735,20,,,0,15,,17736,20,,,0,15,,17737,20,,,0,55,,17738,20,,,0,15,,17739,20,,,0,15,,17740,20,,,0,15,,17741,20,,,0,55,,17742,20,,,0,15,,17743,20,,,0,15,,17744,20,,,0,15,,17745,20,,,0
100,'259.0.2',608,,17746,20,,,0,15,,17747,20,,,0,15,,17748,20,,,0,15,,17749,20,,,0,55,,17750,20,,,0,15,,17751,20,,,0,15,,17752,20,,,0,15,,17753,20,,,0,55,,17754,20,,,0,15,,17755,20,,,0,17,,17756,20,,,0,15,,17757,20,,,0,55,,17758,20,,,0,15,,17759,20,,,0,15,,17760,20,,,0,15,,17761,20,,,0,56,,17762,20,,,0,17,,17763,20,,,0,15,,17764,20,,,0,15,,17765,20,,,0,55,,17766,20,,,0,15,,17767,20,,,0,15,,17768,20,,,0,15,,17769,20,,,0,56,,17770,20,,,0,15,,17771,20,,,0,15,,17772,20,,,0,15,,17773,20,,,0,55,,17774,20,,,0,15,,17775,20,,,0,15,,17776,20,,,0,15,,17777,20,,,0,55,,17778,20,,,0,15,,17779,20,,,0,15,,17780,20,,,0,15,,17781,20,,,0,55,,17782,20,,,0,15,,17783,20,,,0,15,,17784,20,,,0,15,,17785,20,,,0,55,,17786,20,,,0,15,,17787,20,,,0,15,,17788,20,,,0,15,,17789,20,,,0,55,,17790,20,,,0,15,,17791,20,,,0,15,,17792,20,,,0,15,,17793,20,,,0,55,,17794,20,,,0,14,,17795,20,,,0,13,,17796,20,,,0,15,,17797,20,,,0,55,,17798,20,,,0,15,,17799,20,,,0,15,,17800,20,,,0,15,,17801,20,,,0,55,,17802,20,,,0,15,,17803,20,,,0,30,,17804,20,,,0,70,,17805,20,,,0,30,,17806,20,,,0,68,,17807,20,,,0,30,,17808,20,,,0,70,,17809,20,,,0,30,,17810,20,,,0
100,'259.0.3',617,,17812,20,,,0,10,,17813,20,,,0,10,,17814,20,,,0,10,,17815,20,,,0,10,,17816,20,,,0,50,,17817,20,,,0,10,,17818,20,,,0,11,,17819,20,,,0,11,,17820,20,,,0,13,,17821,20,,,0,50,,17822,20,,,0,10,,17823,20,,,0,10,,17824,20,,,0,10,,17825,20,,,0,10,,17826,20,,,0,10,,17827,20,,,0,50,,17828,20,,,0,10,,17829,20,,,0,9,,17830,20,,,0,9,,17831,20,,,0,9,,17832,20,,,0,10,,17833,20,,,0,10,,17834,20,,,0,50,,17835,20,,,0,10,,17836,20,,,0,10,,17837,20,,,0,10,,17838,20,,,0,10,,17839,20,,,0,10,,17840,20,,,0,50,,17841,20,,,0,10,,17842,20,,,0,10,,17843,20,,,0,10,,17844,20,,,0,10,,17845,20,,,0,10,,17846,20,,,0,50,,17847,20,,,0,10,,17848,20,,,0,10,,17849,20,,,0,10,,17850,20,,,0,10,,17851,20,,,0,10,,17852,20,,,0,50,,17853,20,,,0,10,,17854,20,,,0,10,,17855,20,,,0,10,,17856,20,,,0,10,,17857,20,,,0,10,,17858,20,,,0,50,,17859,20,,,0,10,,17860,20,,,0,10,,17861,20,,,0,10,,17862,20,,,0,10,,17863,20,,,0,10,,17864,20,,,0,51,,17865,20,,,0,10,,17866,20,,,0,12,,17867,20,,,0,10,,17868,20,,,0,10,,17869,20,,,0,50,,17870,20,,,0,10,,17871,20,,,0,10,,17872,20,,,0,10,,17873,20,,,0,10,,17874,20,,,0,10,,17875,20,,,0,50,,17876,20,,,0,10,,17877,20,,,0,10,,17878,20,,,0,10,,17879,20,,,0,10,,17880,20,,,0,10,,17881,20,,,0,49,,17882,20,,,0,8,,17883,20,,,0,8,,17884,20,,,0,10,,17885,20,,,0,10,,17886,20,,,0,10,,17887,20,,,0,10,,17888,20,,,0,50,,17889,20,,,0,10,,17890,20,,,0,10,,17891,20,,,0,10,,17892,20,,,0,10,,17893,20,,,0,10,,17894,20,,,0,50,,17895,20,,,0,10,,17896,20,,,0,10,,17897,20,,,0,10,,17898,20,,,0,10,,17899,20,,,0,10,,17900,20,,,0,50,,17901,20,,,0,10,,17902,20,,,0,10,,17903,20,,,0,10,,17904,20,,,0,10,,17905,20,,,0,10,,17906,20,,,0,50,,17907,20,,,0,8,,17908,20,,,0,15,,17909,20,,,0,15,,17910,20,,,0,55,,17911,20,,,0,15,,17912,20,,,0,15,,17913,20,,,0,15,,17914,20,,,0,55,,17915,20,,,0,15,,17916,20,,,0,15,,17917,20,,,0,15,,17918,20,,,0
801,'259.0.1',616,,19511,76,,,0,30,,19512,76,,,0,70,,19513,76,,,0,30,,19514,76,,,0,73,,19515,76,,,0,33,,19516,76,,,0,70,,19517,76,,,0,31,,19518,76,,,0,74,,19519,76,,,0,74,,19520,76,,,0,30,,19521,76,,,0,70,,19522,76,,,0,30,,19523,76,,,0,71,,19524,76,,,0,31,,19525,76,,,0,71,,19526,76,,,0,30,,19527,76,,,0,70,,19528,76,,,0,30,,19529,76,,,0,70,,19530,76,,,0,30,,19531,76,,,0,70,,19532,76,,,0,30,,19533,76,,,0,68,,19534,76,,,0,28,,19535,76,,,0,29,,19536,76,,,0,70,,19537,76,,,0,25,,19538,76,,,0,65,,19539,76,,,0,29,,19540,76,,,0,70,,19541,76,,,0,30,,19542,76,,,0,70,,19543,76,,,0,30,,19544,76,,,0,70,,19545,76,,,0,30,,19546,76,,,0,70,,19547,76,,,0,100,,19548,76,,,0
801,'259.0.2',622,,19549,76,,,0,30,,19550,76,,,0,70,,19551,76,,,0,30,,19552,76,,,0,70,,19553,76,,,0,30,,19554,76,,,0,72,,19555,76,,,0,35,,19556,76,,,0,70,,19557,76,,,0,72,,19558,76,,,0,33,,19559,76,,,0,70,,19560,76,,,0,30,,19561,76,,,0,70,,19562,76,,,0,30,,19563,76,,,0,70,,19564,76,,,0,30,,19565,76,,,0,70,,19566,76,,,0,30,,19567,76,,,0,70,,19568,76,,,0,30,,19569,76,,,0,70,,19570,76,,,0,30,,19571,76,,,0,70,,19572,76,,,0,26,,19573,76,,,0,28,,19574,76,,,0,70,,19575,76,,,0,30,,19576,76,,,0,70,,19577,76,,,0,30,,19578,76,,,0,65,,19579,76,,,0,27,,19580,76,,,0,70,,19581,76,,,0,30,,19582,76,,,0,100,,19583,76,,,0,100,,19584,76,,,0
801,'259.0.3',611,,19585,76,,,0,30,,19586,76,,,0,72,,19587,76,,,0,24,,19588,76,,,0,70,,19589,76,,,0,20,,19590,76,,,0,20,,19591,76,,,0,60,,19592,76,,,0,16,,19593,76,,,0,16,,19594,76,,,0,17,,19595,76,,,0,60,,19596,76,,,0,20,,19597,76,,,0,20,,19598,76,,,0,60,,19599,76,,,0,20,,19600,76,,,0,20,,19601,76,,,0,60,,19602,76,,,0,20,,19603,76,,,0,20,,19604,76,,,0,60,,19605,76,,,0,20,,19606,76,,,0,20,,19607,76,,,0,60,,19608,76,,,0,20,,19609,76,,,0,20,,19610,76,,,0,62,,19611,76,,,0,20,,19612,76,,,0,63,,19613,76,,,0,33,,19614,76,,,0,70,,19615,76,,,0,30,,19616,76,,,0,70,,19617,76,,,0,21,,19618,76,,,0,25,,19619,76,,,0,68,,19620,76,,,0,30,,19621,76,,,0,70,,19622,76,,,0,30,,19623,76,,,0,69,,19624,76,,,0,26,,19625,76,,,0,69,,19626,76,,,0,30,,19627,76,,,0,70,,19628,76,,,0,30,,19629,76,,,0,70,,19630,76,,,0,30,,19631,76,,,0,70,,19632,76,,,0
1000901,'259.0.1',717,,24620,50,,,0,100,,24621,50,,,0,103,,24622,50,,,0,100,,24623,50,,,0,100,,24624,50,,,0,100,,24625,50,,,0,100,,24626,50,,,0,100,,24627,50,,,0,100,,24628,50,,,0,100,,24629,50,,,0,100,,24630,50,,,0,96,,24631,50,,,0,100,,24632,50,,,0,100,,24633,50,,,0,97,,24634,50,,,0,100,,24635,50,,,0,100,,24636,50,,,0,100,,24637,50,,,0
1000901,'259.0.2',711,,24638,50,,,0,98,,24639,50,,,0,105,,24640,50,,,0,100,,24641,50,,,0,103,,24642,50,,,0,100,,24643,50,,,0,100,,24644,50,,,0,100,,24645,50,,,0,100,,24646,50,,,0,100,,24647,50,,,0,100,,24648,50,,,0,100,,24649,50,,,0,100,,24650,50,,,0,97,,24651,50,,,0,96,,24652,50,,,0,100,,24653,50,,,0,99,,24654,50,,,0,99,,24655,50,,,0
1000901,'259.0.3',601,,24656,50,,,0,27,,24657,50,,,0,25,,24658,50,,,0,50,,24659,50,,,0,6,,24660,50,,,0,17,,24661,50,,,0,23,,24662,50,,,0,5,,24663,50,,,0,55,,24664,50,,,0,10,,24665,50,,,0,20,,24666,50,,,0,10,,24667,50,,,0,59,,24668,50,,,0,9,,24669,50,,,0,8,,24670,50,,,0,10,,24671,50,,,0,65,,24672,50,,,0,15,,24673,50,,,0,15,,24674,50,,,0,70,,24675,50,,,0,15,,24676,50,,,0,15,,24677,50,,,0,70,,24678,50,,,0,15,,24679,50,,,0,15,,24680,50,,,0,70,,24681,50,,,0,15,,24682,50,,,0,15,,24683,50,,,0,70,,24684,50,,,0,15,,24685,50,,,0,15,,24686,50,,,0,70,,24687,50,,,0,17,,24688,50,,,0,15,,24689,50,,,0,69,,24690,50,,,0,25,,24691,50,,,0,5,,24692,50,,,0,25,,24693,50,,,0,50,,24694,50,,,0,20,,24695,50,,,0,10,,24696,50,,,0,20,,24697,50,,,0,50,,24698,50,,,0,18,,24699,50,,,0,9,,24700,50,,,0,17,,24701,50,,,0,50,,24702,50,,,0,25,,24703,50,,,0,30,,24704,50,,,0,71,,24705,50,,,0,29,,24706,50,,,0,68,,24707,50,,,0,25,,24708,50,,,0,70,,24709,50,,,0,35,,24710,50,,,0,60,,24711,50,,,0,40,,24712,50,,,0,60,,24713,50,,,0,40,,24714,50,,,0,60,,24715,50,,,0
2000901,'259.0.1',647,,25643,66,,,0,100,,25644,66,,,0,99,,25645,66,,,0,104,,25646,66,,,0,100,,25647,66,,,0,100,,25648,66,,,0,100,,25649,66,,,0,100,,25650,66,,,0,100,,25651,66,,,0,100,,25652,66,,,0,100,,25653,66,,,0,100,,25654,66,,,0,96,,25655,66,,,0,100,,25656,66,,,0,97,,25657,66,,,0,100,,25658,66,,,0,100,,25659,66,,,0,100,,25660,66,,,0,100,,25661,66,,,0
2000901,'259.0.2',641,,25662,66,,,0,100,,25663,66,,,0,98,,25664,66,,,0,105,,25665,66,,,0,100,,25666,66,,,0,103,,25667,66,,,0,100,,25668,66,,,0,100,,25669,66,,,0,100,,25670,66,,,0,100,,25671,66,,,0,100,,25672,66,,,0,100,,25673,66,,,0,100,,25674,66,,,0,100,,25675,66,,,0,93,,25676,66,,,0,100,,25677,66,,,0,100,,25678,66,,,0,97,,25679,66,,,0,100,,25680,66,,,0
2000901,'259.0.3',613,,25681,66,,,0,30,,25682,66,,,0,71,,25683,66,,,0,45,,25684,66,,,0,70,,25685,66,,,0,29,,25686,66,,,0,58,,25687,66,,,0,29,,25688,66,,,0,100,,25689,66,,,0,100,,25690,66,,,0,100,,25691,66,,,0,100,,25692,66,,,0,100,,25693,66,,,0,101,,25694,66,,,0,70,,25695,66,,,0,30,,25696,66,,,0,70,,25697,66,,,0,30,,25698,66,,,0,70,,25699,66,,,0,25,,25700,66,,,0,69,,25701,66,,,0,30,,25702,66,,,0,70,,25703,66,,,0,30,,25704,66,,,0,70,,25705,66,,,0,26,,25706,66,,,0,22,,25707,66,,,0,70,,25708,66,,,0,100,,25709,66,,,0,100,,25710,66,,,0
