18201,'259.0.3',611,,23862,49,,,0,15,,23863,49,,,0,15,,23864,49,,,0,16,,23865,49,,,0,59,,23866,49,,,0,15,,23867,49,,,0,16,,23868,49,,,0,12,,23874,49,,,0,55,,23869,49,,,0,15,,23870,49,,,0,15,,23871,49,,,0,15,,23873,49,,,0,55,,23872,49,,,0
18301,'259.0.3',644,,23882,25,,,0,72,,23883,25,,,0,33,,23884,25,,,0,70,,23885,25,,,0,30,,23886,25,,,0,70,,23887,25,,,0
18501,'259.0.3',622,,23902,30,,,0,17,,23912,30,,,0,14,,23903,30,,,0,56,,23904,30,,,0,15,,23905,30,,,0,17,,23911,30,,,0,17,,23906,30,,,0,54,,23907,30,,,0,15,,23908,30,,,0,15,,23909,30,,,0,15,,23910,30,,,0,55,,23913,30,,,0
18601,'259.0.3',629,,23920,29,,,0,72,,23921,29,,,0,30,,23922,29,,,0,74,,23923,29,,,0,29,,23924,29,,,0,70,,23925,29,,,0
19201,'259.0.3',643,,23937,20,,,0,70,,23932,20,,,0,30,,23933,20,,,0,70,,23934,20,,,0,30,,23935,20,,,0,70,,23936,20,,,0
19400,'259.0.3',712,,23938,16,,,0,30,,23939,16,,,0,69,,23940,16,,,0,30,,23941,16,,,0
19601,'259.0.3',715,,23950,31,,,0,29,,23951,31,,,0,65,,23952,31,,,0,34,,23953,31,,,0
32000,'259.0.1',420,,23954,1,,,0,100,,23955,1,,,0,100,,23956,1,,,0,100,,23957,1,,,0,100,,23958,1,,,0,100,,23959,1,,,0,100,,23960,1,,,0,100,,23961,1,,,0,100,,23962,1,,,0,100,,23963,1,,,0,100,,23964,1,,,0,100,,23965,1,,,0,100,,23966,1,,,0,100,,23967,1,,,0,100,,23968,1,,,0,100,,23969,1,,,0,100,,23970,1,,,0,100,,23971,1,,,0,100,,23972,1,,,0,100,,23973,1,,,0
32000,'259.0.2',420,,23974,1,,,0,100,,23975,1,,,0,100,,23976,1,,,0,100,,23977,1,,,0,100,,23978,1,,,0,100,,23979,1,,,0,100,,23980,1,,,0,100,,23981,1,,,0,100,,23982,1,,,0,100,,23983,1,,,0,100,,23984,1,,,0,100,,23985,1,,,0,100,,23986,1,,,0,100,,23987,1,,,0,100,,23988,1,,,0,100,,23989,1,,,0,100,,23990,1,,,0,100,,23991,1,,,0,100,,23992,1,,,0,100,,23993,1,,,0
32000,'259.0.3',440,,23994,1,,,0,80,,23995,1,,,0,30,,23996,1,,,0,70,,23997,1,,,0,30,,23998,1,,,0,70,,23999,1,,,0,30,,24000,1,,,0,70,,24001,1,,,0,100,,24002,1,,,0,100,,24003,1,,,0,100,,24004,1,,,0,100,,24005,1,,,0,100,,24006,1,,,0,100,,24007,1,,,0,95,,24008,1,,,0,30,,24009,1,,,0,70,,24010,1,,,0,30,,24011,1,,,0,70,,24012,1,,,0,30,,24013,1,,,0,70,,24014,1,,,0,105,,24015,1,,,0,100,,24016,1,,,0,100,,24017,1,,,0,100,,24018,1,,,0,100,,24019,1,,,0
32001,'259.0.1',603,,24020,10,4,,0,100,,24021,10,4,,0,100,,24022,10,4,,0,100,,24023,10,4,,0,100,,24024,10,4,,0,100,,24025,10,4,,0,100,,24026,10,4,,0,100,,24027,10,4,,0,100,,24028,10,4,,0,100,,24029,10,4,,0,100,,24030,10,4,,0,100,,24031,10,4,,0,100,,24032,10,4,,0,100,,24033,10,4,,0,100,,24034,10,4,,0,100,,24035,10,4,,0,100,,24036,10,4,,0,100,,24037,10,4,,0,100,,24038,10,4,,0,100,,24039,10,4,,0
32001,'259.0.2',603,,24040,10,4,,0,100,,24041,10,4,,0,100,,24042,10,4,,0,100,,24043,10,4,,0,100,,24044,10,4,,0,100,,24045,10,4,,0,100,,24046,10,4,,0,100,,24047,10,4,,0,100,,24048,10,4,,0,100,,24049,10,4,,0,100,,24050,10,4,,0,100,,24051,10,4,,0,100,,24052,10,4,,0,100,,24053,10,4,,0,100,,24054,10,4,,0,100,,24055,10,4,,0,100,,24056,10,4,,0,100,,24057,10,4,,0,100,,24058,10,4,,0,100,,24059,10,4,,0
32001,'259.0.3',611,,24060,3,4,,0,29,,24061,10,4,,0,70,,24062,10,4,,0,30,,24063,10,4,,0,70,,24064,10,4,,0,30,,24065,10,4,,0,70,,24066,10,4,,0,30,,24067,10,4,,0,69,,24068,10,4,,0,100,,24069,10,4,,0,100,,24070,10,4,,0,100,,24071,10,4,,0,100,,24072,10,4,,0,100,,24073,10,4,,0,101,,24074,10,4,,0,100,,24075,10,4,,0,30,,24076,10,4,,0,70,,24077,10,4,,0,30,,24078,10,4,,0,69,,24079,10,4,,0,30,,24080,10,4,,0,70,,24081,10,4,,0,100,,24082,10,4,,0,100,,24083,10,4,,0,100,,24084,10,4,,0,100,,24085,10,4,,0,100,,24086,10,4,,0
37000,'259.0.3',1348,,24087,1,,,0,170,,24088,1,,,0,27,,24089,1,,,0,70,,24090,1,,,0,30,,24091,1,,,0,70,,24092,1,,,0,105,,24093,1,,,0
37001,'259.0.3',625,,24094,5,4,,0,90,,24095,5,4,,0,30,,24096,5,4,,0,70,,24097,5,4,,0,30,,24098,5,4,,0,680,,24099,5,4,,0,130,,24100,5,4,,0
1000700,'259.0.1',620,,24206,23,4,,0,20,,24207,23,4,,0,60,,24208,23,4,,0,20,,24209,23,4,,0,20,,24210,23,4,,0,60,,24211,23,4,,0,20,,24212,23,4,,0,20,,24213,23,4,,0,60,,24214,23,4,,0,20,,24215,23,4,,0,20,,24216,23,4,,0,60,,24217,23,4,,0,20,,24218,23,4,,0,20,,24219,23,4,,0,60,,24220,23,4,,0,20,,24221,23,4,,0,20,,24222,23,4,,0,60,,24223,23,4,,0,20,,24224,23,4,,0,20,,24225,23,4,,0,60,,24226,23,4,,0,20,,24227,23,4,,0,20,,24228,23,4,,0,60,,24229,23,4,,0,20,,24230,23,4,,0,20,,24231,23,4,,0,60,,24232,23,4,,0,20,,24233,23,4,,0,20,,24234,23,4,,0,60,,24235,23,4,,0,20,,24236,23,4,,0,20,,24237,23,4,,0,60,,24238,23,4,,0,20,,24239,23,4,,0,20,,24240,23,4,,0,60,,24241,23,4,,0,20,,24242,23,4,,0,20,,24243,23,4,,0,60,,24244,23,4,,0,20,,24245,23,4,,0,20,,24246,23,4,,0,60,,24247,23,4,,0,20,,24248,23,4,,0,20,,24249,23,4,,0,60,,24250,23,4,,0,20,,24251,23,4,,0,20,,24252,23,4,,0,60,,24253,23,4,,0,20,,24254,23,4,,0,20,,24255,23,4,,0,60,,24256,23,4,,0,20,,24257,23,4,,0,20,,24258,23,4,,0,60,,24259,23,4,,0
1000700,'259.0.2',620,,24260,23,4,,0,30,,24261,23,4,,0,70,,24262,23,4,,0,30,,24263,23,4,,0,70,,24264,23,4,,0,30,,24265,23,4,,0,70,,24266,23,4,,0,30,,24267,23,4,,0,70,,24268,23,4,,0,30,,24269,23,4,,0,70,,24270,23,4,,0,30,,24271,23,4,,0,70,,24272,23,4,,0,30,,24273,23,4,,0,70,,24274,23,4,,0,30,,24275,23,4,,0,70,,24276,23,4,,0,30,,24277,23,4,,0,70,,24278,23,4,,0,30,,24279,23,4,,0,70,,24280,23,4,,0,30,,24281,23,4,,0,70,,24282,23,4,,0,30,,24283,23,4,,0,70,,24284,23,4,,0,30,,24285,23,4,,0,70,,24286,23,4,,0,30,,24287,23,4,,0,70,,24288,23,4,,0,30,,24289,23,4,,0,70,,24290,23,4,,0,30,,24291,23,4,,0,70,,24292,23,4,,0,30,,24293,23,4,,0,70,,24294,23,4,,0,30,,24295,23,4,,0
1000700,'259.0.3',604,,24296,23,4,,0,15,,24297,23,4,,0,15,,24298,23,4,,0,15,,24299,23,4,,0,55,,24300,23,4,,0,17,,24301,23,4,,0,19,,24302,23,4,,0,15,,24303,23,4,,0,55,,24304,23,4,,0,15,,24305,23,4,,0,15,,24306,23,4,,0,15,,24307,23,4,,0,55,,24308,23,4,,0,15,,24309,23,4,,0,14,,24310,23,4,,0,12,,24311,23,4,,0,55,,24312,23,4,,0,15,,24313,23,4,,0,15,,24314,23,4,,0,15,,24315,23,4,,0,55,,24316,23,4,,0,15,,24317,23,4,,0,15,,24318,23,4,,0,15,,24319,23,4,,0,55,,24320,23,4,,0,15,,24321,23,4,,0,15,,24322,23,4,,0,15,,24323,23,4,,0,55,,24324,23,4,,0,15,,24325,23,4,,0,15,,24326,23,4,,0,15,,24327,23,4,,0,55,,24328,23,4,,0,15,,24329,23,4,,0,15,,24330,23,4,,0,16,,24331,23,4,,0,55,,24332,23,4,,0,15,,24333,23,4,,0,15,,24334,23,4,,0,15,,24335,23,4,,0,55,,24336,23,4,,0,15,,24337,23,4,,0,15,,24338,23,4,,0,15,,24339,23,4,,0,55,,24340,23,4,,0,15,,24341,23,4,,0,15,,24342,23,4,,0,14,,24343,23,4,,0,54,,24344,23,4,,0,15,,24345,23,4,,0,15,,24346,23,4,,0,15,,24347,23,4,,0,55,,24348,23,4,,0,15,,24349,23,4,,0,15,,24350,23,4,,0,13,,24351,23,4,,0,55,,24352,23,4,,0,15,,24353,23,4,,0,15,,24354,23,4,,0,15,,24355,23,4,,0,55,,24356,23,4,,0,15,,24357,23,4,,0,15,,24358,23,4,,0,15,,24359,23,4,,0,55,,24360,23,4,,0,15,,24361,23,4,,0,15,,24362,23,4,,0,15,,24363,23,4,,0,55,,24364,23,4,,0,30,,24365,23,4,,0,70,,24366,23,4,,0,30,,24367,23,4,,0
1000701,'259.0.1',620,,24368,1,,,0,20,,24369,1,,,0,60,,24370,1,,,0,20,,24371,1,,,0,20,,24372,1,,,0,60,,24373,1,,,0,20,,24374,1,,,0,20,,24375,1,,,0,60,,24376,1,,,0,20,,24377,1,,,0,20,,24378,1,,,0,60,,24379,1,,,0,20,,24380,1,,,0,20,,24381,1,,,0,60,,24382,1,,,0,20,,24383,1,,,0,20,,24384,1,,,0,60,,24385,1,,,0,20,,24386,1,,,0,20,,24387,1,,,0,60,,24388,1,,,0,20,,24389,1,,,0,20,,24390,1,,,0,60,,24391,1,,,0,20,,24392,1,,,0,20,,24393,1,,,0,60,,24394,1,,,0,20,,24395,1,,,0,20,,24396,1,,,0,60,,24397,1,,,0,20,,24398,1,,,0,20,,24399,1,,,0,60,,24400,1,,,0,20,,24401,1,,,0,20,,24402,1,,,0,60,,24403,1,,,0,20,,24404,1,,,0,20,,24405,1,,,0,60,,24406,1,,,0,20,,24407,1,,,0,20,,24408,1,,,0,60,,24409,1,,,0,20,,24410,1,,,0,20,,24411,1,,,0,60,,24412,1,,,0,20,,24413,1,,,0,20,,24414,1,,,0,60,,24415,1,,,0,20,,24416,1,,,0,20,,24417,1,,,0,60,,24418,1,,,0,20,,24419,1,,,0,20,,24420,1,,,0,60,,24421,1,,,0
1000701,'259.0.2',620,,24422,1,,,0,30,,24423,1,,,0,70,,24424,1,,,0,30,,24425,1,,,0,70,,24426,1,,,0,30,,24427,1,,,0,70,,24428,1,,,0,30,,24429,1,,,0,70,,24430,1,,,0,30,,24431,1,,,0,70,,24432,1,,,0,30,,24433,1,,,0,70,,24434,1,,,0,30,,24435,1,,,0,70,,24436,1,,,0,30,,24437,1,,,0,70,,24438,1,,,0,30,,24439,1,,,0,70,,24440,1,,,0,30,,24441,1,,,0,70,,24442,1,,,0,30,,24443,1,,,0,70,,24444,1,,,0,30,,24445,1,,,0,70,,24446,1,,,0,30,,24447,1,,,0,70,,24448,1,,,0,30,,24449,1,,,0,70,,24450,1,,,0,30,,24451,1,,,0,70,,24452,1,,,0,30,,24453,1,,,0,70,,24454,1,,,0,30,,24455,1,,,0,70,,24456,1,,,0,30,,24457,1,,,0
1000701,'259.0.3',604,,24458,1,,,0,15,,24459,1,,,0,15,,24460,1,,,0,15,,24461,1,,,0,55,,24462,1,,,0,17,,24463,1,,,0,19,,24464,1,,,0,15,,24465,1,,,0,55,,24466,1,,,0,15,,24467,1,,,0,15,,24468,1,,,0,15,,24469,1,,,0,55,,24470,1,,,0,15,,24471,1,,,0,15,,24472,1,,,0,12,,24473,1,,,0,54,,24474,1,,,0,15,,24475,1,,,0,15,,24476,1,,,0,15,,24477,1,,,0,55,,24478,1,,,0,15,,24479,1,,,0,15,,24480,1,,,0,15,,24481,1,,,0,55,,24482,1,,,0,15,,24483,1,,,0,15,,24484,1,,,0,15,,24485,1,,,0,55,,24486,1,,,0,15,,24487,1,,,0,15,,24488,1,,,0,15,,24489,1,,,0,55,,24490,1,,,0,15,,24491,1,,,0,15,,24492,1,,,0,16,,24493,1,,,0,55,,24494,1,,,0,15,,24495,1,,,0,15,,24496,1,,,0,15,,24497,1,,,0,55,,24498,1,,,0,15,,24499,1,,,0,15,,24500,1,,,0,15,,24501,1,,,0,55,,24502,1,,,0,15,,24503,1,,,0,15,,24504,1,,,0,15,,24505,1,,,0,53,,24506,1,,,0,15,,24507,1,,,0,15,,24508,1,,,0,15,,24509,1,,,0,55,,24510,1,,,0,15,,24511,1,,,0,15,,24512,1,,,0,13,,24513,1,,,0,55,,24514,1,,,0,15,,24515,1,,,0,15,,24516,1,,,0,15,,24517,1,,,0,55,,24518,1,,,0,15,,24519,1,,,0,15,,24520,1,,,0,15,,24521,1,,,0,55,,24522,1,,,0,15,,24523,1,,,0,15,,24524,1,,,0,15,,24525,1,,,0,55,,24526,1,,,0,30,,24527,1,,,0,70,,24528,1,,,0,30,,24529,1,,,0
1033000,'259.0.3',1545,,25104,1,,,0,75,,25107,1,,,0,25,,25105,1,,,0,100,,25106,1,,,0
1033001,'259.0.3',741,,25111,2,4,,0,60,,25108,2,4,,0,20,,25109,2,4,,0,30,,25110,2,4,,0
2033000,'259.0.3',1345,,26127,1,,,0,175,,26128,1,,,0,90,,26129,1,,,0,27,,26130,1,,,0,78,,26131,1,,,0,100,,26132,1,,,0,125,,26133,1,,,0
2033001,'259.0.3',656,,26134,3,4,,0,80,,26135,3,4,,0,15,,26136,3,4,,0,65,,26137,3,4,,0,25,,26138,3,4,,0,675,,26139,3,4,,0
