101,'244.0.1',609,,9092,12,,,0,15,,9093,12,,,0,15,,9094,12,,,0,15,,9095,12,,,0,55,,9096,12,,,0,15,,9097,12,,,0,17,,9098,12,,,0,15,,9099,12,,,0,55,,9100,12,,,0,15,,9101,12,,,0,15,,9102,12,,,0,15,,9103,12,,,0,55,,9104,12,,,0,15,,9105,12,,,0,15,,9106,12,,,0,15,,9107,12,,,0,55,,9108,12,,,0,15,,9109,12,,,0,15,,9110,12,,,0,15,,9111,12,,,0,59,,9112,12,,,0,15,,9113,12,,,0,15,,9114,12,,,0,55,,9115,12,,,0,15,,9116,12,,,0,15,,9117,12,,,0,15,,9118,12,,,0,55,,9119,12,,,0,15,,9120,12,,,0,15,,9121,12,,,0,15,,9122,12,,,0,55,,9123,12,,,0,15,,9124,12,,,0,15,,9125,12,,,0,15,,9126,12,,,0,55,,9127,12,,,0,15,,9128,12,,,0,15,,9129,12,,,0,15,,9130,12,,,0,55,,9131,12,,,0,15,,9132,12,,,0,15,,9133,12,,,0,15,,9134,12,,,0,55,,9135,12,,,0,15,,9136,12,,,0,15,,9137,12,,,0,15,,9138,12,,,0,55,,9139,12,,,0,14,,9140,12,,,0,14,,9141,12,,,0,15,,9142,12,,,0,15,,9143,12,,,0,55,,9144,12,,,0,15,,9145,12,,,0,15,,9146,12,,,0,15,,9147,12,,,0,55,,9148,12,,,0,15,,9149,12,,,0,15,,9150,12,,,0,14,,9151,12,,,0,52,,9152,12,,,0,15,,9153,12,,,0,15,,9154,12,,,0,15,,9155,12,,,0,55,,9156,12,,,0,15,,9157,12,,,0,15,,9158,12,,,0,15,,9159,12,,,0,55,,9160,12,,,0,15,,9161,12,,,0,15,,9162,12,,,0,15,,9163,12,,,0,55,,9164,12,,,0,15,,9165,12,,,0,15,,9166,12,,,0
101,'244.0.2',608,,9167,12,,,0,25,,9168,12,,,0,15,,9169,12,,,0,55,,9170,12,,,0,15,,9171,12,,,0,15,,9172,12,,,0,15,,9173,12,,,0,55,,9174,12,,,0,15,,9175,12,,,0,16,,9176,12,,,0,16,,9177,12,,,0,55,,9178,12,,,0,15,,9179,12,,,0,15,,9180,12,,,0,15,,9181,12,,,0,55,,9182,12,,,0,15,,9183,12,,,0,15,,9184,12,,,0,15,,9185,12,,,0,55,,9186,12,,,0,16,,9187,12,,,0,16,,9188,12,,,0,15,,9189,12,,,0,55,,9190,12,,,0,15,,9191,12,,,0,15,,9192,12,,,0,15,,9193,12,,,0,55,,9194,12,,,0,15,,9195,12,,,0,15,,9196,12,,,0,15,,9197,12,,,0,55,,9198,12,,,0,15,,9199,12,,,0,15,,9200,12,,,0,15,,9201,12,,,0,55,,9202,12,,,0,15,,9203,12,,,0,15,,9204,12,,,0,15,,9205,12,,,0,55,,9206,12,,,0,15,,9207,12,,,0,15,,9208,12,,,0,15,,9209,12,,,0,55,,9210,12,,,0,15,,9211,12,,,0,15,,9212,12,,,0,15,,9213,12,,,0,55,,9214,12,,,0,14,,9215,12,,,0,13,,9216,12,,,0,15,,9217,12,,,0,55,,9218,12,,,0,15,,9219,12,,,0,15,,9220,12,,,0,15,,9221,12,,,0,55,,9222,12,,,0,30,,9223,12,,,0,70,,9224,12,,,0,30,,9225,12,,,0,70,,9226,12,,,0,30,,9227,12,,,0,70,,9228,12,,,0,30,,9229,12,,,0,70,,9230,12,,,0
101,'244.0.3',557,,9231,12,,,0,70,,9232,12,,,0,13,,9233,12,,,0,15,,9234,12,,,0,55,,9235,12,,,0,10,,9236,12,,,0,10,,9237,12,,,0,14,,9238,12,,,0,12,,9239,12,,,0,50,,9240,12,,,0,10,,9241,12,,,0,10,,9242,12,,,0,12,,9243,12,,,0,10,,9244,12,,,0,8,,9245,12,,,0,48,,9246,12,,,0,10,,9247,12,,,0,10,,9248,12,,,0,10,,9249,12,,,0,10,,9250,12,,,0,10,,9251,12,,,0,49,,9252,12,,,0,9,,9253,12,,,0,10,,9254,12,,,0,10,,9255,12,,,0,10,,9256,12,,,0,10,,9257,12,,,0,50,,9258,12,,,0,10,,9259,12,,,0,10,,9260,12,,,0,10,,9261,12,,,0,10,,9262,12,,,0,10,,9263,12,,,0,50,,9264,12,,,0,10,,9265,12,,,0,10,,9266,12,,,0,10,,9267,12,,,0,10,,9268,12,,,0,10,,9269,12,,,0,50,,9270,12,,,0,10,,9271,12,,,0,10,,9272,12,,,0,10,,9273,12,,,0,10,,9274,12,,,0,10,,9275,12,,,0,50,,9276,12,,,0,10,,9277,12,,,0,10,,9278,12,,,0,10,,9279,12,,,0,10,,9280,12,,,0,10,,9281,12,,,0,50,,9282,12,,,0,10,,9283,12,,,0,10,,9284,12,,,0,11,,9285,12,,,0,12,,9286,12,,,0,12,,9287,12,,,0,50,,9288,12,,,0,10,,9289,12,,,0,10,,9290,12,,,0,10,,9291,12,,,0,10,,9292,12,,,0,10,,9293,12,,,0,50,,9294,12,,,0,10,,9295,12,,,0,10,,9296,12,,,0,10,,9297,12,,,0,10,,9298,12,,,0,10,,9299,12,,,0,49,,9300,12,,,0,7,,9301,12,,,0,9,,9302,12,,,0,10,,9303,12,,,0,10,,9304,12,,,0,10,,9305,12,,,0,50,,9306,12,,,0,10,,9307,12,,,0,10,,9308,12,,,0,10,,9309,12,,,0,10,,9310,12,,,0,10,,9311,12,,,0,49,,9312,12,,,0,9,,9313,12,,,0,9,,9314,12,,,0,10,,9315,12,,,0,10,,9316,12,,,0,10,,9317,12,,,0,10,,9318,12,,,0,50,,9319,12,,,0,10,,9320,12,,,0,10,,9321,12,,,0,10,,9322,12,,,0,10,,9323,12,,,0,10,,9324,12,,,0,50,,9325,12,,,0,10,,9326,12,,,0,15,,9327,12,,,0,15,,9328,12,,,0,55,,9329,12,,,0,15,,9330,12,,,0,15,,9331,12,,,0,15,,9332,12,,,0,55,,9333,12,,,0,15,,9334,12,,,0,15,,9335,12,,,0,15,,9336,12,,,0,55,,9337,12,,,0
800,'244.0.1',543,,10559,6,,,0,70,,10560,6,,,0,30,,10561,6,,,0,70,,10562,6,,,0,30,,10563,6,,,0,60,,10564,6,,,0,21,,10565,6,,,0,30,,10566,6,,,0,70,,10567,6,,,0,30,,10568,6,,,0,70,,10569,6,,,0,26,,10570,6,,,0,70,,10571,6,,,0,30,,10572,6,,,0,70,,10573,6,,,0,30,,10574,6,,,0,70,,10575,6,,,0,30,,10576,6,,,0,71,,10577,6,,,0,30,,10578,6,,,0,70,,10579,6,,,0,30,,10580,6,,,0,70,,10581,6,,,0,30,,10582,6,,,0,70,,10583,6,,,0,30,,10584,6,,,0,73,,10585,6,,,0,30,,10586,6,,,0,70,,10587,6,,,0,30,,10588,6,,,0,70,,10589,6,,,0,30,,10590,6,,,0,70,,10591,6,,,0,30,,10592,6,,,0,70,,10593,6,,,0,30,,10594,6,,,0,70,,10595,6,,,0,100,,10596,6,,,0
800,'244.0.2',559,,10597,6,,,0,70,,10598,6,,,0,30,,10599,6,,,0,70,,10600,6,,,0,30,,10601,6,,,0,70,,10602,6,,,0,30,,10603,6,,,0,70,,10604,6,,,0,30,,10605,6,,,0,70,,10606,6,,,0,30,,10607,6,,,0,65,,10608,6,,,0,30,,10609,6,,,0,71,,10610,6,,,0,30,,10611,6,,,0,70,,10612,6,,,0,30,,10613,6,,,0,70,,10614,6,,,0,30,,10615,6,,,0,70,,10616,6,,,0,30,,10617,6,,,0,75,,10618,6,,,0,70,,10619,6,,,0,30,,10620,6,,,0,70,,10621,6,,,0,30,,10622,6,,,0,29,,10623,6,,,0,70,,10624,6,,,0,30,,10625,6,,,0,70,,10626,6,,,0,30,,10627,6,,,0,70,,10628,6,,,0,30,,10629,6,,,0,70,,10630,6,,,0,100,,10631,6,,,0,100,,10632,6,,,0
800,'244.0.3',531,,10635,6,,,0,70,,10636,6,,,0,30,,10637,6,,,0,70,,10638,6,,,0,31,,10639,6,,,0,71,,10640,6,,,0,30,,10641,6,,,0,70,,10642,6,,,0,30,,10643,6,,,0,20,,10644,6,,,0,60,,10645,6,,,0,20,,10646,6,,,0,20,,10647,6,,,0,60,,10648,6,,,0,20,,10649,6,,,0,20,,10650,6,,,0,60,,10651,6,,,0,20,,10652,6,,,0,20,,10653,6,,,0,60,,10654,6,,,0,20,,10655,6,,,0,20,,10656,6,,,0,60,,10657,6,,,0,20,,10658,6,,,0,20,,10659,6,,,0,61,,10660,6,,,0,20,,10661,6,,,0,20,,10662,6,,,0,60,,10663,6,,,0,20,,10664,6,,,0,20,,10665,6,,,0,60,,10666,6,,,0,20,,10667,6,,,0,78,,10668,6,,,0,10,,10683,6,,,0,10,,10669,6,,,0,70,,10670,6,,,0,30,,10671,6,,,0,70,,10672,6,,,0,30,,10673,6,,,0,70,,10674,6,,,0,29,,10675,6,,,0,70,,10676,6,,,0,30,,10677,6,,,0,70,,10678,6,,,0,30,,10679,6,,,0,70,,10680,6,,,0,30,,10681,6,,,0,70,,10682,6,,,0
1000900,'244.0.1',652,,15724,6,,,0,100,,15725,6,,,0,100,,15726,6,,,0,94,,15727,6,,,0,100,,15728,6,,,0,96,,15729,6,,,0,100,,15730,6,,,0,100,,15731,6,,,0,100,,15732,6,,,0,100,,15733,6,,,0,100,,15734,6,,,0,100,,15735,6,,,0,100,,15736,6,,,0,104,,15737,6,,,0,100,,15738,6,,,0,100,,15739,6,,,0,100,,15740,6,,,0,100,,15741,6,,,0
1000900,'244.0.2',650,,15742,6,,,0,96,,15743,6,,,0,100,,15744,6,,,0,100,,15745,6,,,0,100,,15746,6,,,0,100,,15747,6,,,0,100,,15748,6,,,0,100,,15749,6,,,0,100,,15750,6,,,0,100,,15751,6,,,0,100,,15752,6,,,0,100,,15753,6,,,0,100,,15754,6,,,0,100,,15755,6,,,0,102,,15756,6,,,0,100,,15757,6,,,0,100,,15758,6,,,0,100,,15759,6,,,0
1000900,'244.0.3',604,,15760,6,,,0,30,,15761,6,,,0,70,,15762,6,,,0,30,,15763,6,,,0,70,,15764,6,,,0,29,,15765,6,,,0,12,,15766,6,,,0,55,,15767,6,,,0,30,,15768,6,,,0,15,,15769,6,,,0,55,,15770,6,,,0,30,,15771,6,,,0,15,,15772,6,,,0,13,,15773,6,,,0,67,,15774,6,,,0,15,,15775,6,,,0,15,,15776,6,,,0,70,,15777,6,,,0,15,,15778,6,,,0,15,,15779,6,,,0,70,,15780,6,,,0,15,,15781,6,,,0,15,,15782,6,,,0,70,,15783,6,,,0,26,,15784,6,,,0,60,,15785,6,,,0,9,,15786,6,,,0,19,,15787,6,,,0,10,,15788,6,,,0,60,,15789,6,,,0,10,,15790,6,,,0,20,,15791,6,,,0,10,,15792,6,,,0,10,,15793,6,,,0,61,,15794,6,,,0,9,,15795,6,,,0,7,,15796,6,,,0,16,,15797,6,,,0,50,,15798,6,,,0,20,,15799,6,,,0,10,,15800,6,,,0,70,,15801,6,,,0,30,,15802,6,,,0,70,,15803,6,,,0,30,,15804,6,,,0,70,,15805,6,,,0,29,,15806,6,,,0,15,,15807,6,,,0,55,,15808,6,,,0,35,,15809,6,,,0,20,,15810,6,,,0,80,,15811,6,,,0,20,,15812,6,,,0,80,,15813,6,,,0
1001001,'244.0.3',647,,15933,12,,,0,64,,15934,12,,,0,20,,15935,12,,,0,20,,15936,12,,,0,60,,15937,12,,,0,20,,15938,12,,,0,20,,15939,12,,,0,57,,15940,12,,,0,20,,15941,12,,,0,507,,15942,12,,,0,15,,15943,12,,,0,64,,15944,12,,,0,21,,15945,12,,,0,20,,15946,12,,,0,60,,15947,12,,,0,20,,15948,12,,,0,65,,15949,12,,,0,24,,15950,12,,,0,22,,15951,12,,,0,60,,15952,12,,,0,9,,15953,12,,,0,20,,15954,12,,,0
2000900,'244.0.1',621,,16760,6,,,0,100,,16761,6,,,0,100,,16762,6,,,0,95,,16763,6,,,0,100,,16764,6,,,0,100,,16765,6,,,0,96,,16766,6,,,0,100,,16767,6,,,0,100,,16768,6,,,0,100,,16769,6,,,0,100,,16770,6,,,0,100,,16771,6,,,0,100,,16772,6,,,0,104,,16773,6,,,0,100,,16774,6,,,0,100,,16775,6,,,0,100,,16776,6,,,0,100,,16777,6,,,0,100,,16778,6,,,0
2000900,'244.0.2',620,,16779,6,,,0,97,,16780,6,,,0,98,,16781,6,,,0,100,,16782,6,,,0,101,,16783,6,,,0,100,,16784,6,,,0,100,,16785,6,,,0,100,,16786,6,,,0,100,,16787,6,,,0,100,,16788,6,,,0,100,,16789,6,,,0,100,,16790,6,,,0,100,,16791,6,,,0,100,,16792,6,,,0,101,,16793,6,,,0,100,,16794,6,,,0,100,,16795,6,,,0,100,,16796,6,,,0,100,,16797,6,,,0
2000900,'244.0.3',618,,16800,6,,,0,30,,16801,6,,,0,70,,16802,6,,,0,27,,16803,6,,,0,70,,16804,6,,,0,100,,16805,6,,,0,100,,16806,6,,,0,96,,16807,6,,,0,96,,16808,6,,,0,100,,16809,6,,,0,100,,16810,6,,,0,28,,16811,6,,,0,65,,16812,6,,,0,28,,16813,6,,,0,30,,16814,6,,,0,70,,16815,6,,,0,80,,16816,6,,,0,33,,16817,6,,,0,70,,16818,6,,,0,30,,16819,6,,,0,70,,16820,6,,,0,30,,16821,6,,,0,70,,16822,6,,,0,30,,16823,6,,,0,69,,16824,6,,,0,100,,16825,6,,,0,100,,16826,6,,,0,100,,16827,6,,,0,100,,16828,6,,,0
2001001,'244.0.1',656,,16998,23,,,0,94,,16999,23,,,0,87,,17000,23,,,0,72,,17001,23,,,0,30,,17002,23,,,0,71,,17003,23,,,0,33,,17004,23,,,0,71,,17005,23,,,0,31,,17006,23,,,0,72,,17007,23,,,0,33,,17008,23,,,0,72,,17009,23,,,0,30,,17010,23,,,0,70,,17011,23,,,0,30,,17012,23,,,0,70,,17013,23,,,0,30,,17014,23,,,0,70,,17015,23,,,0,30,,17016,23,,,0,70,,17017,23,,,0,30,,17018,23,,,0,70,,17019,23,,,0,30,,17020,23,,,0,67,,17021,23,,,0,26,,17022,23,,,0,70,,17023,23,,,0,30,,17024,23,,,0,100,,17025,23,,,0,98,,17026,23,,,0,99,,17027,23,,,0,100,,17028,23,,,0
2001001,'244.0.2',649,,17029,23,,,0,92,,17030,23,,,0,90,,17031,23,,,0,72,,17032,23,,,0,31,,17033,23,,,0,72,,17034,23,,,0,32,,17035,23,,,0,72,,17036,23,,,0,31,,17037,23,,,0,71,,17038,23,,,0,30,,17039,23,,,0,70,,17040,23,,,0,30,,17041,23,,,0,70,,17042,23,,,0,32,,17043,23,,,0,71,,17044,23,,,0,30,,17045,23,,,0,70,,17046,23,,,0,30,,17047,23,,,0,69,,17048,23,,,0,30,,17049,23,,,0,70,,17050,23,,,0,29,,17051,23,,,0,101,,17052,23,,,0,100,,17053,23,,,0,100,,17054,23,,,0,100,,17055,23,,,0,100,,17056,23,,,0,100,,17057,23,,,0
2001001,'244.0.3',608,,17058,23,,,0,30,,17059,23,,,0,63,,17060,23,,,0,23,,17061,23,,,0,22,,17096,23,,,0,60,,17062,23,,,0,20,,17063,23,,,0,20,,17064,23,,,0,61,,17065,23,,,0,50,,17066,23,,,0,60,,17067,23,,,0,24,,17068,23,,,0,70,,17069,23,,,0,31,,17070,23,,,0,70,,17071,23,,,0,30,,17072,23,,,0,70,,17073,23,,,0,30,,17074,23,,,0,79,,17075,23,,,0,21,,17076,23,,,0,64,,17077,23,,,0,15,,17078,23,,,0,21,,17079,23,,,0,60,,17080,23,,,0,20,,17081,23,,,0,21,,17082,23,,,0,64,,17083,23,,,0,25,,17084,23,,,0,21,,17085,23,,,0,60,,17086,23,,,0,9,,17087,23,,,0,20,,17088,23,,,0,70,,17089,23,,,0,26,,17090,23,,,0,72,,17091,23,,,0,30,,17092,23,,,0,70,,17093,23,,,0,30,,17094,23,,,0,70,,17095,23,,,0
3001001,'244.0.1',626,,17558,31,,,0,94,,17559,31,,,0,100,,17560,31,,,0,34,,17561,31,,,0,70,,17562,31,,,0,30,,17563,31,,,0,70,,17564,31,,,0,34,,17565,31,,,0,72,,17566,31,,,0,71,,17567,31,,,0,32,,17568,31,,,0,74,,17569,31,,,0,30,,17570,31,,,0,70,,17571,31,,,0,30,,17572,31,,,0,70,,17573,31,,,0,30,,17574,31,,,0,70,,17575,31,,,0,30,,17576,31,,,0,70,,17577,31,,,0,30,,17578,31,,,0,70,,17579,31,,,0,30,,17580,31,,,0,70,,17581,31,,,0,24,,17582,31,,,0,28,,17583,31,,,0,70,,17584,31,,,0,100,,17585,31,,,0,96,,17586,31,,,0,93,,17587,31,,,0,100,,17588,31,,,0
3001001,'244.0.2',624,,17590,31,,,0,90,,17591,31,,,0,100,,17592,31,,,0,30,,17593,31,,,0,70,,17594,31,,,0,30,,17595,31,,,0,73,,17596,31,,,0,33,,17597,31,,,0,74,,17598,31,,,0,30,,17599,31,,,0,71,,17600,31,,,0,30,,17601,31,,,0,71,,17602,31,,,0,30,,17603,31,,,0,70,,17604,31,,,0,30,,17605,31,,,0,73,,17606,31,,,0,30,,17607,31,,,0,70,,17608,31,,,0,30,,17609,31,,,0,70,,17610,31,,,0,30,,17611,31,,,0,70,,17612,31,,,0,29,,17613,31,,,0,67,,17614,31,,,0,100,,17615,31,,,0,94,,17616,31,,,0,100,,17617,31,,,0,100,,17618,31,,,0
3001001,'244.0.3',553,,17620,31,,,0,70,,17621,31,,,0,31,,17622,31,,,0,65,,17623,31,,,0,22,,17624,31,,,0,60,,17625,31,,,0,18,,17626,31,,,0,19,,17627,31,,,0,20,,17628,31,,,0,57,,17629,31,,,0,32,,17630,31,,,0,60,,17631,31,,,0,20,,17632,31,,,0,28,,17633,31,,,0,72,,17634,31,,,0,30,,17635,31,,,0,70,,17636,31,,,0,30,,17637,31,,,0,70,,17638,31,,,0,30,,17639,31,,,0,70,,17640,31,,,0,30,,17641,31,,,0,70,,17642,31,,,0,21,,17643,31,,,0,60,,17644,31,,,0,20,,17645,31,,,0,21,,17646,31,,,0,67,,17647,31,,,0,23,,17648,31,,,0,20,,17649,31,,,0,60,,17650,31,,,0,18,,17651,31,,,0,16,,17652,31,,,0,57,,17653,31,,,0,13,,17654,31,,,0,12,,17655,31,,,0,19,,17656,31,,,0,79,,17657,31,,,0,70,,17658,31,,,0,30,,17659,31,,,0,70,,17660,31,,,0,30,,17661,31,,,0,68,,17662,31,,,0,24,,17663,31,,,0
