200,'244.0.1',623,,9338,24,,,0,100,,9339,24,,,0,100,,9340,24,,,0,15,,9341,24,,,0,15,,9342,24,,,0,55,,9343,24,,,0,15,,9344,24,,,0,15,,9345,24,,,0,15,,9346,24,,,0,55,,9347,24,,,0,15,,9348,24,,,0,15,,9349,24,,,0,16,,9350,24,,,0,56,,9351,24,,,0,15,,9352,24,,,0,15,,9353,24,,,0,15,,9354,24,,,0,55,,9355,24,,,0,15,,9356,24,,,0,15,,9357,24,,,0,15,,9358,24,,,0,55,,9359,24,,,0,15,,9360,24,,,0,15,,9361,24,,,0,15,,9362,24,,,0,55,,9363,24,,,0,15,,9364,24,,,0,15,,9365,24,,,0,15,,9366,24,,,0,55,,9367,24,,,0,15,,9368,24,,,0,15,,9369,24,,,0,15,,9370,24,,,0,55,,9371,24,,,0,15,,9372,24,,,0,15,,9373,24,,,0,15,,9374,24,,,0,55,,9375,24,,,0,15,,9376,24,,,0,15,,9377,24,,,0,15,,9378,24,,,0,55,,9379,24,,,0,15,,9380,24,,,0,15,,9381,24,,,0,15,,9382,24,,,0,55,,9383,24,,,0,15,,9384,24,,,0,15,,9385,24,,,0,70,,9386,24,,,0,30,,9387,24,,,0,69,,9388,24,,,0,29,,9389,24,,,0,70,,9390,24,,,0,30,,9391,24,,,0,70,,9392,24,,,0,30,,9393,24,,,0,70,,9394,24,,,0,30,,9395,24,,,0
200,'244.0.2',611,,9396,24,,,0,100,,9397,24,,,0,100,,9398,24,,,0,30,,9399,24,,,0,60,,9400,24,,,0,20,,9401,24,,,0,20,,9402,24,,,0,60,,9403,24,,,0,20,,9404,24,,,0,20,,9405,24,,,0,63,,9406,24,,,0,20,,9407,24,,,0,20,,9408,24,,,0,60,,9409,24,,,0,20,,9410,24,,,0,20,,9411,24,,,0,60,,9412,24,,,0,20,,9413,24,,,0,20,,9414,24,,,0,60,,9415,24,,,0,20,,9416,24,,,0,20,,9417,24,,,0,60,,9418,24,,,0,20,,9419,24,,,0,20,,9420,24,,,0,60,,9421,24,,,0,20,,9422,24,,,0,20,,9423,24,,,0,60,,9424,24,,,0,20,,9425,24,,,0,20,,9426,24,,,0,60,,9427,24,,,0,20,,9428,24,,,0,27,,9429,24,,,0,69,,9430,24,,,0,30,,9431,24,,,0,70,,9432,24,,,0,30,,9433,24,,,0,70,,9434,24,,,0,30,,9435,24,,,0,70,,9436,24,,,0,30,,9437,24,,,0,70,,9438,24,,,0,30,,9439,24,,,0,70,,9440,24,,,0
200,'244.0.3',553,,9441,24,,,0,70,,9442,24,,,0,30,,9443,24,,,0,55,,9444,24,,,0,15,,9445,24,,,0,15,,9446,24,,,0,17,,9447,24,,,0,55,,9448,24,,,0,15,,9449,24,,,0,15,,9450,24,,,0,15,,9451,24,,,0,55,,9452,24,,,0,15,,9453,24,,,0,15,,9454,24,,,0,15,,9455,24,,,0,55,,9456,24,,,0,15,,9457,24,,,0,15,,9458,24,,,0,15,,9459,24,,,0,55,,9460,24,,,0,15,,9461,24,,,0,15,,9462,24,,,0,15,,9463,24,,,0,55,,9464,24,,,0,17,,9465,24,,,0,15,,9466,24,,,0,15,,9467,24,,,0,55,,9468,24,,,0,15,,9469,24,,,0,15,,9470,24,,,0,15,,9471,24,,,0,55,,9472,24,,,0,15,,9473,24,,,0,15,,9474,24,,,0,15,,9475,24,,,0,55,,9476,24,,,0,18,,9477,24,,,0,17,,9478,24,,,0,55,,9479,24,,,0,15,,9480,24,,,0,15,,9481,24,,,0,15,,9482,24,,,0,55,,9483,24,,,0,15,,9484,24,,,0,15,,9485,24,,,0,15,,9486,24,,,0,11,,9487,24,,,0,51,,9488,24,,,0,15,,9489,24,,,0,15,,9490,24,,,0,15,,9491,24,,,0,55,,9492,24,,,0,30,,9493,24,,,0,70,,9494,24,,,0,30,,9495,24,,,0,70,,9496,24,,,0,30,,9497,24,,,0,70,,9498,24,,,0,30,,9499,24,,,0,70,,9500,24,,,0,30,,9501,24,,,0,70,,9502,24,,,0,30,,9503,24,,,0
300,'244.0.1',658,,9670,46,,,0,100,,9671,46,,,0,100,,9672,46,,,0,70,,9673,46,,,0,30,,9674,46,,,0,70,,9675,46,,,0,30,,9676,46,,,0,70,,9677,46,,,0,30,,9678,46,,,0,71,,9679,46,,,0,30,,9680,46,,,0,70,,9681,46,,,0,30,,9682,46,,,0,70,,9683,46,,,0,30,,9684,46,,,0,70,,9685,46,,,0,30,,9686,46,,,0,70,,9687,46,,,0,30,,9688,46,,,0,70,,9689,46,,,0,30,,9690,46,,,0,70,,9691,46,,,0,30,,9692,46,,,0,67,,9693,46,,,0,29,,9694,46,,,0,70,,9695,46,,,0,30,,9696,46,,,0,70,,9697,46,,,0,30,,9698,46,,,0,70,,9699,46,,,0,30,,9700,46,,,0,70,,9701,46,,,0,30,,9702,46,,,0,70,,9703,46,,,0,30,,9704,46,,,0,60,,9705,46,,,0
300,'244.0.2',638,,9706,46,,,0,100,,9707,46,,,0,100,,9708,46,,,0,70,,9709,46,,,0,30,,9710,46,,,0,67,,9711,46,,,0,20,,9712,46,,,0,20,,9713,46,,,0,61,,9714,46,,,0,24,,9715,46,,,0,20,,9716,46,,,0,60,,9717,46,,,0,20,,9718,46,,,0,20,,9719,46,,,0,60,,9720,46,,,0,20,,9721,46,,,0,20,,9722,46,,,0,60,,9723,46,,,0,20,,9724,46,,,0,20,,9725,46,,,0,60,,9726,46,,,0,20,,9727,46,,,0,20,,9728,46,,,0,60,,9729,46,,,0,20,,9730,46,,,0,20,,9731,46,,,0,60,,9732,46,,,0,20,,9733,46,,,0,20,,9734,46,,,0,58,,9735,46,,,0,17,,9736,46,,,0,19,,9737,46,,,0,70,,9738,46,,,0,30,,9739,46,,,0,70,,9740,46,,,0,30,,9741,46,,,0,70,,9742,46,,,0,30,,9743,46,,,0,70,,9744,46,,,0,23,,9745,46,,,0,70,,9746,46,,,0,30,,9747,46,,,0,70,,9748,46,,,0,30,,9749,46,,,0
300,'244.0.3',612,,9750,46,,,0,30,,9751,46,,,0,15,,9752,46,,,0,55,,9753,46,,,0,15,,9754,46,,,0,19,,9755,46,,,0,57,,9756,46,,,0,19,,9757,46,,,0,15,,9758,46,,,0,14,,9759,46,,,0,54,,9760,46,,,0,15,,9761,46,,,0,15,,9762,46,,,0,15,,9763,46,,,0,60,,9764,46,,,0,20,,9765,46,,,0,20,,9766,46,,,0,60,,9767,46,,,0,20,,9768,46,,,0,20,,9769,46,,,0,60,,9770,46,,,0,20,,9771,46,,,0,20,,9772,46,,,0,60,,9773,46,,,0,20,,9774,46,,,0,20,,9775,46,,,0,60,,9776,46,,,0,20,,9777,46,,,0,20,,9778,46,,,0,60,,9779,46,,,0,20,,9780,46,,,0,10,,9781,46,,,0,12,,9782,46,,,0,61,,9783,46,,,0,15,,9784,46,,,0,15,,9785,46,,,0,15,,9786,46,,,0,55,,9787,46,,,0,15,,9788,46,,,0,15,,9789,46,,,0,13,,9790,46,,,0,53,,9791,46,,,0,13,,9792,46,,,0,13,,9793,46,,,0,15,,9794,46,,,0,54,,9795,46,,,0,7,,9796,46,,,0,17,,9797,46,,,0,20,,9798,46,,,0,60,,9799,46,,,0,20,,9800,46,,,0,20,,9801,46,,,0,60,,9802,46,,,0,20,,9803,46,,,0,10,,9804,46,,,0,70,,9805,46,,,0,30,,9806,46,,,0,70,,9807,46,,,0,30,,9808,46,,,0,70,,9809,46,,,0,30,,9810,46,,,0,70,,9811,46,,,0
2901,'244.0.1',703,,11809,42,,,0,30,,11810,42,,,0,70,,11811,42,,,0,30,,11812,42,,,0,70,,11813,42,,,0,30,,11814,42,,,0,70,,11815,42,,,0,31,,11816,42,,,0,73,,11817,42,,,0,28,,11818,42,,,0,70,,11819,42,,,0,30,,11820,42,,,0,70,,11821,42,,,0,30,,11822,42,,,0,70,,11823,42,,,0,30,,11824,42,,,0,67,,11825,42,,,0,33,,11826,42,,,0,70,,11827,42,,,0,30,,11828,42,,,0,70,,11829,42,,,0,30,,11830,42,,,0,70,,11831,42,,,0,30,,11832,42,,,0,67,,11833,42,,,0,31,,11834,42,,,0,68,,11835,42,,,0,100,,11836,42,,,0,100,,11837,42,,,0,100,,11838,42,,,0,100,,11839,42,,,0,41,,11840,42,,,0
2901,'244.0.2',700,,11841,42,,,0,30,,11842,42,,,0,70,,11843,42,,,0,30,,11844,42,,,0,70,,11845,42,,,0,30,,11846,42,,,0,71,,11847,42,,,0,32,,11848,42,,,0,69,,11849,42,,,0,30,,11850,42,,,0,70,,11851,42,,,0,30,,11852,42,,,0,70,,11853,42,,,0,30,,11854,42,,,0,70,,11855,42,,,0,30,,11856,42,,,0,70,,11857,42,,,0,30,,11858,42,,,0,70,,11859,42,,,0,30,,11860,42,,,0,70,,11861,42,,,0,30,,11862,42,,,0,70,,11863,42,,,0,30,,11864,42,,,0,70,,11865,42,,,0,98,,11866,42,,,0,100,,11867,42,,,0,100,,11868,42,,,0,100,,11869,42,,,0,100,,11870,42,,,0,43,,11871,42,,,0
2901,'244.0.3',648,,11872,42,,,0,55,,11873,42,,,0,17,,11874,42,,,0,17,,11875,42,,,0,15,,11876,42,,,0,55,,11877,42,,,0,15,,11878,42,,,0,15,,11879,42,,,0,13,,11880,42,,,0,54,,11881,42,,,0,16,,11882,42,,,0,28,,11883,42,,,0,70,,11884,42,,,0,30,,11885,42,,,0,70,,11886,42,,,0,30,,11887,42,,,0,70,,11888,42,,,0,30,,11889,42,,,0,70,,11890,42,,,0,30,,11891,42,,,0,70,,11892,42,,,0,35,,11893,42,,,0,72,,11894,42,,,0,30,,11895,42,,,0,55,,11896,42,,,0,15,,11897,42,,,0,15,,11898,42,,,0,15,,11899,42,,,0,53,,11900,42,,,0,15,,11901,42,,,0,15,,11902,42,,,0,11,,11903,42,,,0,53,,11904,42,,,0,15,,11905,42,,,0,15,,11906,42,,,0,15,,11907,42,,,0,55,,11908,42,,,0,15,,11909,42,,,0,30,,11910,42,,,0,70,,11911,42,,,0,30,,11912,42,,,0,70,,11913,42,,,0,30,,11914,42,,,0,70,,11915,42,,,0,30,,11916,42,,,0,100,,11917,42,,,0,94,,11918,42,,,0
9100,'244.0.1',713,,14751,5,,,0,100,,14752,5,,,0,100,,14753,5,,,0,100,,14754,5,,,0,100,,14755,5,,,0,100,,14756,5,,,0,100,,14757,5,,,0,100,,14758,5,,,0,100,,14759,5,,,0,100,,14760,5,,,0,100,,14761,5,,,0,100,,14762,5,,,0,100,,14763,5,,,0,100,,14764,5,,,0,100,,14765,5,,,0,100,,14766,5,,,0
9100,'244.0.2',742,,14767,5,,,0,100,,14768,5,,,0,100,,14769,5,,,0,100,,14770,5,,,0,100,,14771,5,,,0,100,,14772,5,,,0,100,,14773,5,,,0,100,,14774,5,,,0,100,,14775,5,,,0,100,,14776,5,,,0,100,,14777,5,,,0,100,,14778,5,,,0,100,,14779,5,,,0,100,,14780,5,,,0,100,,14781,5,,,0
9100,'244.0.3',623,,14782,5,,,0,24,,14783,5,,,0,66,,14784,5,,,0,36,,14785,5,,,0,69,,14786,5,,,0,31,,14787,5,,,0,100,,14788,5,,,0,103,,14789,5,,,0,100,,14790,5,,,0,99,,14791,5,,,0,100,,14792,5,,,0,100,,14793,5,,,0,70,,14794,5,,,0,30,,14795,5,,,0,70,,14796,5,,,0,30,,14797,5,,,0,70,,14798,5,,,0,31,,14799,5,,,0,70,,14800,5,,,0,100,,14801,5,,,0,100,,14802,5,,,0,100,,14803,5,,,0,100,,14804,5,,,0
