800,'244.0.1',603,,10558,18,,,0,31,,10559,78,,,0,70,,10560,78,,,0,30,,10561,78,,,0,70,,10562,78,,,0,36,,10563,78,,,0,63,,10564,78,,,0,22,,10565,78,,,0,30,,10566,78,,,0,70,,10567,78,,,0,33,,10568,78,,,0,72,,10569,78,,,0,29,,10570,78,,,0,70,,10571,78,,,0,30,,10572,78,,,0,70,,10573,78,,,0,30,,10574,78,,,0,70,,10575,78,,,0,29,,10576,78,,,0,72,,10577,78,,,0,70,,10578,78,,,0,30,,10579,78,,,0,70,,10580,78,,,0,30,,10581,78,,,0,70,,10582,78,,,0,30,,10583,78,,,0,25,,10584,78,,,0,70,,10585,78,,,0,30,,10586,78,,,0,70,,10587,78,,,0,30,,10588,78,,,0,70,,10589,78,,,0,30,,10590,78,,,0,70,,10591,78,,,0,29,,10592,78,,,0,63,,10593,78,,,0,29,,10594,78,,,0,70,,10595,78,,,0,100,,10596,78,,,0
800,'244.0.2',653,,10597,78,,,0,70,,10598,78,,,0,30,,10599,78,,,0,70,,10600,78,,,0,30,,10601,78,,,0,70,,10602,78,,,0,30,,10603,78,,,0,70,,10604,78,,,0,34,,10605,78,,,0,74,,10606,78,,,0,70,,10607,78,,,0,26,,10608,78,,,0,31,,10609,78,,,0,72,,10610,78,,,0,70,,10611,78,,,0,30,,10612,78,,,0,70,,10613,78,,,0,30,,10614,78,,,0,70,,10615,78,,,0,30,,10616,78,,,0,28,,10617,78,,,0,75,,10618,78,,,0,69,,10619,78,,,0,30,,10620,78,,,0,68,,10621,78,,,0,29,,10622,78,,,0,28,,10623,78,,,0,69,,10624,78,,,0,26,,10625,78,,,0,69,,10626,78,,,0,30,,10627,78,,,0,70,,10628,78,,,0,30,,10629,78,,,0,70,,10630,78,,,0,100,,10631,78,,,0,100,,10632,78,,,0
800,'244.0.3',523,,10633,18,,,0,30,,10634,18,,,0,72,,10635,78,,,0,30,,10636,78,,,0,73,,10637,78,,,0,80,,10638,78,,,0,32,,10639,78,,,0,71,,10640,78,,,0,30,,10641,78,,,0,70,,10642,78,,,0,30,,10643,78,,,0,60,,10644,78,,,0,20,,10645,78,,,0,20,,10646,78,,,0,60,,10647,78,,,0,20,,10648,78,,,0,20,,10649,78,,,0,60,,10650,78,,,0,20,,10651,78,,,0,20,,10652,78,,,0,60,,10653,78,,,0,20,,10654,78,,,0,20,,10655,78,,,0,60,,10656,78,,,0,20,,10657,78,,,0,24,,10658,78,,,0,69,,10659,78,,,0,24,,10660,78,,,0,20,,10661,78,,,0,60,,10662,78,,,0,20,,10663,78,,,0,20,,10664,78,,,0,59,,10665,78,,,0,18,,10666,78,,,0,14,,10667,78,,,0,66,,10668,78,,,0,10,,10683,78,,,0,10,,10669,78,,,0,70,,10670,78,,,0,30,,10671,78,,,0,70,,10672,78,,,0,26,,10673,78,,,0,28,,10674,78,,,0,69,,10675,78,,,0,30,,10676,78,,,0,70,,10677,78,,,0,30,,10678,78,,,0,70,,10679,78,,,0,30,,10680,78,,,0,70,,10681,78,,,0,30,,10682,78,,,0
8200,'244.0.1',630,,13753,36,,,0,100,,13754,36,,,0,100,,13755,36,,,0,100,,13756,36,,,0,100,,13757,36,,,0,100,,13758,36,,,0,100,,13759,36,,,0,100,,13760,36,,,0,100,,13761,36,,,0,100,,13762,36,,,0,100,,13763,36,,,0,100,,13764,36,,,0,100,,13765,36,,,0,100,,13766,36,,,0,100,,13767,36,,,0,100,,13768,36,,,0,100,,13769,36,,,0
8200,'244.0.2',632,,13770,36,,,0,100,,13771,36,,,0,100,,13772,36,,,0,100,,13773,36,,,0,100,,13774,36,,,0,100,,13775,36,,,0,100,,13776,36,,,0,100,,13777,36,,,0,100,,13778,36,,,0,100,,13779,36,,,0,100,,13780,36,,,0,100,,13781,36,,,0,100,,13782,36,,,0,100,,13783,36,,,0,100,,13784,36,,,0,100,,13785,36,,,0
8200,'244.0.3',618,,13786,36,,,0,26,,13787,36,,,0,69,,13788,36,,,0,30,,13789,36,,,0,70,,13790,36,,,0,92,,13791,36,,,0,29,,13792,36,,,0,100,,13793,36,,,0,100,,13794,36,,,0,100,,13795,36,,,0,100,,13796,36,,,0,100,,13797,36,,,0,103,,13798,36,,,0,466,,13799,36,,,0,100,,13800,36,,,0,100,,13801,36,,,0,100,,13802,36,,,0
8400,'244.0.1',711,,13955,34,,,0,100,,13956,34,,,0,100,,13957,34,,,0,100,,13958,34,,,0,103,,13959,34,,,0,97,,13960,34,,,0,100,,13961,34,,,0,100,,13962,34,,,0,100,,13963,34,,,0,100,,13964,34,,,0,100,,13965,34,,,0,100,,13966,34,,,0,96,,13967,34,,,0,105,,13968,34,,,0,100,,13969,34,,,0,100,,13970,34,,,0,100,,13971,34,,,0
8400,'244.0.2',716,,13972,34,,,0,100,,13973,34,,,0,100,,13974,34,,,0,100,,13975,34,,,0,102,,13976,34,,,0,96,,13977,34,,,0,100,,13978,34,,,0,100,,13979,34,,,0,100,,13980,34,,,0,100,,13981,34,,,0,103,,13982,34,,,0,100,,13983,34,,,0,100,,13984,34,,,0,100,,13985,34,,,0,98,,13986,34,,,0,100,,13987,34,,,0,100,,13988,34,,,0
8400,'244.0.3',624,,14019,34,,,0,30,,13989,34,,,0,70,,13990,34,,,0,31,,13991,34,,,0,71,,13992,34,,,0,30,,13993,34,,,0,70,,13994,34,,,0,102,,13995,34,,,0,100,,13996,34,,,0,100,,13997,34,,,0,100,,13998,34,,,0,100,,13999,34,,,0,108,,14000,34,,,0,70,,14001,34,,,0,15,,14002,34,,,0,15,,14003,34,,,0,15,,14004,34,,,0,55,,14005,34,,,0,15,,14006,34,,,0,15,,14007,34,,,0,11,,14008,34,,,0,54,,14009,34,,,0,15,,14010,34,,,0,12,,14011,34,,,0,15,,14020,34,,,0,13,,14012,34,,,0,98,,14013,34,,,0,100,,14014,34,,,0,100,,14015,34,,,0,100,,14016,34,,,0,103,,14017,34,,,0,143,,14018,34,,,0
8501,'244.0.1',637,,14145,24,,,0,100,,14146,24,,,0,101,,14147,24,,,0,101,,14148,24,,,0,101,,14149,24,,,0,102,,14150,24,,,0,100,,14151,24,,,0,100,,14152,24,,,0,100,,14153,24,,,0,98,,14154,24,,,0,100,,14155,24,,,0,100,,14156,24,,,0,99,,14157,24,,,0,99,,14158,24,,,0,99,,14159,24,,,0,100,,14160,24,,,0,100,,14161,24,,,0
8501,'244.0.2',641,,14162,24,,,0,100,,14163,24,,,0,101,,14164,24,,,0,100,,14165,24,,,0,100,,14166,24,,,0,102,,14167,24,,,0,100,,14168,24,,,0,100,,14169,24,,,0,100,,14170,24,,,0,101,,14171,24,,,0,98,,14172,24,,,0,100,,14173,24,,,0,100,,14174,24,,,0,98,,14175,24,,,0,100,,14176,24,,,0,100,,14177,24,,,0
8501,'244.0.3',855,,14178,24,,,0,101,,14179,24,,,0,101,,14180,24,,,0,101,,14181,24,,,0,100,,14182,24,,,0,100,,14183,24,,,0,100,,14184,24,,,0,100,,14185,24,,,0,53,,14186,24,,,0,16,,14187,24,,,0,15,,14188,24,,,0,61,,14189,24,,,0,15,,14190,24,,,0,20,,14191,24,,,0,15,,14192,24,,,0,55,,14193,24,,,0,7,,14194,24,,,0,13,,14201,24,,,0,9,,14195,24,,,0,15,,14202,24,,,0,55,,14196,24,,,0,14,,14203,24,,,0,92,,14197,24,,,0,100,,14198,24,,,0,100,,14199,24,,,0,100,,14200,24,,,0
8601,'244.0.1',646,,14255,23,,,0,100,,14256,23,,,0,100,,14257,23,,,0,102,,14258,23,,,0,100,,14259,23,,,0,100,,14260,23,,,0,100,,14261,23,,,0,101,,14262,23,,,0,100,,14263,23,,,0,100,,14264,23,,,0,98,,14265,23,,,0,100,,14266,23,,,0,100,,14267,23,,,0,100,,14268,23,,,0,100,,14269,23,,,0,100,,14270,23,,,0,100,,14271,23,,,0
8601,'244.0.2',652,,14272,23,,,0,100,,14273,23,,,0,100,,14274,23,,,0,101,,14275,23,,,0,100,,14276,23,,,0,100,,14277,23,,,0,100,,14278,23,,,0,100,,14279,23,,,0,99,,14280,23,,,0,100,,14281,23,,,0,100,,14282,23,,,0,100,,14283,23,,,0,100,,14284,23,,,0,100,,14285,23,,,0,100,,14286,23,,,0,100,,14287,23,,,0
8601,'244.0.3',856,,14288,23,,,0,100,,14289,23,,,0,100,,14290,23,,,0,100,,14291,23,,,0,100,,14292,23,,,0,100,,14293,23,,,0,100,,14294,23,,,0,145,,14295,23,,,0,31,,14296,23,,,0,75,,14297,23,,,0,34,,14298,23,,,0,67,,14299,23,,,0,22,,14300,23,,,0,25,,14301,23,,,0,160,,14302,23,,,0,100,,14303,23,,,0,100,,14304,23,,,0,100,,14305,23,,,0
8700,'244.0.1',708,,14306,35,,,0,30,,14307,35,,,0,70,,14308,35,,,0,30,,14309,35,,,0,70,,14310,35,,,0,30,,14311,35,,,0,67,,14312,35,,,0,30,,14313,35,,,0,71,,14314,35,,,0,32,,14315,35,,,0,70,,14316,35,,,0,30,,14317,35,,,0,70,,14318,35,,,0,30,,14319,35,,,0,70,,14320,35,,,0,30,,14321,35,,,0,70,,14322,35,,,0,30,,14323,35,,,0,70,,14324,35,,,0,30,,14325,35,,,0,69,,14326,35,,,0,30,,14327,35,,,0,70,,14328,35,,,0,30,,14329,35,,,0,68,,14330,35,,,0,102,,14331,35,,,0,100,,14332,35,,,0,100,,14333,35,,,0,100,,14334,35,,,0,100,,14335,35,,,0
8700,'244.0.2',709,,14336,35,,,0,100,,14337,35,,,0,102,,14338,35,,,0,100,,14339,35,,,0,101,,14340,35,,,0,101,,14341,35,,,0,100,,14342,35,,,0,100,,14343,35,,,0,100,,14344,35,,,0,100,,14345,35,,,0,100,,14346,35,,,0,100,,14347,35,,,0,98,,14348,35,,,0,100,,14349,35,,,0,100,,14350,35,,,0,100,,14351,35,,,0,100,,14352,35,,,0
8700,'244.0.3',714,,14353,35,,,0,30,,14354,35,,,0,70,,14355,35,,,0,31,,14356,35,,,0,70,,14357,35,,,0,30,,14358,35,,,0,70,,14359,35,,,0,30,,14360,35,,,0,70,,14361,35,,,0,30,,14362,35,,,0,71,,14363,35,,,0,30,,14364,35,,,0,70,,14365,35,,,0,30,,14366,35,,,0,70,,14367,35,,,0,30,,14368,35,,,0,70,,14369,35,,,0,30,,14370,35,,,0,76,,14371,35,,,0,33,,14372,35,,,0,70,,14373,35,,,0,27,,14374,35,,,0,69,,14375,35,,,0,25,,14376,35,,,0,86,,14377,35,,,0,100,,14378,35,,,0,100,,14379,35,,,0,100,,14380,35,,,0,100,,14381,35,,,0,100,,14382,35,,,0
18200,'244.0.3',1557,,15020,56,,,0,55,,15021,56,,,0,17,,15022,56,,,0,18,,15023,56,,,0,54,,15024,56,,,0,17,,15025,56,,,0,14,,15026,56,,,0,11,,15027,56,,,0,12,,15028,56,,,0,55,,15029,56,,,0,11,,15030,56,,,0,15,,15031,56,,,0,15,,15033,56,,,0,54,,15032,56,,,0,16,,15034,56,,,0
18501,'244.0.3',558,,15075,24,,,0,55,,15085,24,,,0,15,,15076,24,,,0,15,,15077,24,,,0,15,,15078,24,,,0,55,,15084,24,,,0,15,,15079,24,,,0,15,,15080,24,,,0,15,,15081,24,,,0,55,,15082,24,,,0,15,,15083,24,,,0,15,,15086,24,,,0
18601,'244.0.3',605,,15093,23,,,0,30,,15094,23,,,0,70,,15095,23,,,0,30,,15096,23,,,0,70,,15097,23,,,0,30,,15098,23,,,0
