200,'244.0.1',607,,9338,3,,,0,100,,9339,3,,,0,100,,9340,3,,,0,15,,9341,3,,,0,15,,9342,3,,,0,15,,9343,3,,,0,55,,9344,3,,,0,15,,9345,3,,,0,15,,9346,3,,,0,15,,9347,3,,,0,55,,9348,3,,,0,15,,9349,3,,,0,15,,9350,3,,,0,15,,9351,3,,,0,55,,9352,3,,,0,15,,9353,3,,,0,15,,9354,3,,,0,15,,9355,3,,,0,55,,9356,3,,,0,15,,9357,3,,,0,15,,9358,3,,,0,15,,9359,3,,,0,55,,9360,3,,,0,15,,9361,3,,,0,15,,9362,3,,,0,15,,9363,3,,,0,55,,9364,3,,,0,15,,9365,3,,,0,15,,9366,3,,,0,15,,9367,3,,,0,55,,9368,3,,,0,15,,9369,3,,,0,15,,9370,3,,,0,15,,9371,3,,,0,55,,9372,3,,,0,15,,9373,3,,,0,15,,9374,3,,,0,15,,9375,3,,,0,55,,9376,3,,,0,15,,9377,3,,,0,15,,9378,3,,,0,15,,9379,3,,,0,55,,9380,3,,,0,15,,9381,3,,,0,15,,9382,3,,,0,15,,9383,3,,,0,55,,9384,3,,,0,15,,9385,3,,,0,30,,9386,3,,,0,70,,9387,3,,,0,30,,9388,3,,,0,70,,9389,3,,,0,30,,9390,3,,,0,70,,9391,3,,,0,30,,9392,3,,,0,70,,9393,3,,,0,30,,9394,3,,,0,70,,9395,3,,,0
200,'244.0.2',557,,9396,3,,,0,100,,9397,3,,,0,100,,9398,3,,,0,70,,9399,3,,,0,20,,9400,3,,,0,60,,9401,3,,,0,20,,9402,3,,,0,20,,9403,3,,,0,60,,9404,3,,,0,20,,9405,3,,,0,20,,9406,3,,,0,60,,9407,3,,,0,20,,9408,3,,,0,20,,9409,3,,,0,60,,9410,3,,,0,20,,9411,3,,,0,20,,9412,3,,,0,60,,9413,3,,,0,20,,9414,3,,,0,20,,9415,3,,,0,60,,9416,3,,,0,20,,9417,3,,,0,20,,9418,3,,,0,60,,9419,3,,,0,20,,9420,3,,,0,20,,9421,3,,,0,60,,9422,3,,,0,20,,9423,3,,,0,20,,9424,3,,,0,60,,9425,3,,,0,20,,9426,3,,,0,20,,9427,3,,,0,60,,9428,3,,,0,30,,9429,3,,,0,70,,9430,3,,,0,30,,9431,3,,,0,70,,9432,3,,,0,30,,9433,3,,,0,70,,9434,3,,,0,30,,9435,3,,,0,70,,9436,3,,,0,30,,9437,3,,,0,70,,9438,3,,,0,30,,9439,3,,,0,70,,9440,3,,,0
200,'244.0.3',537,,9441,3,,,0,70,,9442,3,,,0,30,,9443,3,,,0,15,,9444,3,,,0,55,,9445,3,,,0,15,,9446,3,,,0,15,,9447,3,,,0,15,,9448,3,,,0,55,,9449,3,,,0,15,,9450,3,,,0,15,,9451,3,,,0,15,,9452,3,,,0,55,,9453,3,,,0,15,,9454,3,,,0,15,,9455,3,,,0,15,,9456,3,,,0,55,,9457,3,,,0,15,,9458,3,,,0,15,,9459,3,,,0,15,,9460,3,,,0,55,,9461,3,,,0,15,,9462,3,,,0,15,,9463,3,,,0,15,,9464,3,,,0,55,,9465,3,,,0,15,,9466,3,,,0,15,,9467,3,,,0,15,,9468,3,,,0,55,,9469,3,,,0,15,,9470,3,,,0,15,,9471,3,,,0,15,,9472,3,,,0,55,,9473,3,,,0,15,,9474,3,,,0,15,,9475,3,,,0,15,,9476,3,,,0,55,,9477,3,,,0,15,,9478,3,,,0,15,,9479,3,,,0,15,,9480,3,,,0,55,,9481,3,,,0,15,,9482,3,,,0,15,,9483,3,,,0,15,,9484,3,,,0,55,,9485,3,,,0,15,,9486,3,,,0,15,,9487,3,,,0,15,,9488,3,,,0,55,,9489,3,,,0,15,,9490,3,,,0,15,,9491,3,,,0,15,,9492,3,,,0,70,,9493,3,,,0,30,,9494,3,,,0,70,,9495,3,,,0,30,,9496,3,,,0,70,,9497,3,,,0,30,,9498,3,,,0,70,,9499,3,,,0,30,,9500,3,,,0,70,,9501,3,,,0,30,,9502,3,,,0,70,,9503,3,,,0
2901,'244.0.1',638,,11809,16,,,0,70,,11810,16,,,0,30,,11811,16,,,0,70,,11812,16,,,0,30,,11813,16,,,0,70,,11814,16,,,0,30,,11815,16,,,0,70,,11816,16,,,0,32,,11817,16,,,0,68,,11818,16,,,0,30,,11819,16,,,0,70,,11820,16,,,0,30,,11821,16,,,0,70,,11822,16,,,0,30,,11823,16,,,0,70,,11824,16,,,0,30,,11825,16,,,0,70,,11826,16,,,0,30,,11827,16,,,0,70,,11828,16,,,0,30,,11829,16,,,0,70,,11830,16,,,0,30,,11831,16,,,0,70,,11832,16,,,0,30,,11833,16,,,0,70,,11834,16,,,0,29,,11835,16,,,0,100,,11836,16,,,0,100,,11837,16,,,0,100,,11838,16,,,0,100,,11839,16,,,0,81,,11840,16,,,0
2901,'244.0.2',636,,11841,16,,,0,70,,11842,16,,,0,30,,11843,16,,,0,70,,11844,16,,,0,30,,11845,16,,,0,70,,11846,16,,,0,30,,11847,16,,,0,71,,11848,16,,,0,29,,11849,16,,,0,70,,11850,16,,,0,30,,11851,16,,,0,70,,11852,16,,,0,30,,11853,16,,,0,70,,11854,16,,,0,30,,11855,16,,,0,70,,11856,16,,,0,30,,11857,16,,,0,70,,11858,16,,,0,30,,11859,16,,,0,70,,11860,16,,,0,30,,11861,16,,,0,70,,11862,16,,,0,30,,11863,16,,,0,70,,11864,16,,,0,30,,11865,16,,,0,99,,11866,16,,,0,100,,11867,16,,,0,100,,11868,16,,,0,100,,11869,16,,,0,100,,11870,16,,,0,83,,11871,16,,,0
2901,'244.0.3',622,,11872,16,,,0,15,,11873,16,,,0,15,,11874,16,,,0,55,,11875,16,,,0,15,,11876,16,,,0,15,,11877,16,,,0,15,,11878,16,,,0,55,,11879,16,,,0,15,,11880,16,,,0,14,,11881,16,,,0,16,,11882,16,,,0,69,,11883,16,,,0,30,,11884,16,,,0,70,,11885,16,,,0,30,,11886,16,,,0,70,,11887,16,,,0,30,,11888,16,,,0,70,,11889,16,,,0,30,,11890,16,,,0,70,,11891,16,,,0,30,,11892,16,,,0,70,,11893,16,,,0,31,,11894,16,,,0,70,,11895,16,,,0,15,,11896,16,,,0,15,,11897,16,,,0,55,,11898,16,,,0,15,,11899,16,,,0,15,,11900,16,,,0,15,,11901,16,,,0,55,,11902,16,,,0,15,,11903,16,,,0,14,,11904,16,,,0,15,,11905,16,,,0,55,,11906,16,,,0,15,,11907,16,,,0,15,,11908,16,,,0,15,,11909,16,,,0,70,,11910,16,,,0,30,,11911,16,,,0,70,,11912,16,,,0,30,,11913,16,,,0,70,,11914,16,,,0,30,,11915,16,,,0,70,,11916,16,,,0,100,,11917,16,,,0,94,,11918,16,,,0
8400,'244.0.1',630,,13955,2,,,0,100,,13956,2,,,0,100,,13957,2,,,0,100,,13958,2,,,0,100,,13959,2,,,0,95,,13960,2,,,0,100,,13961,2,,,0,100,,13962,2,,,0,100,,13963,2,,,0,100,,13964,2,,,0,100,,13965,2,,,0,100,,13966,2,,,0,100,,13967,2,,,0,105,,13968,2,,,0,100,,13969,2,,,0,100,,13970,2,,,0,100,,13971,2,,,0
8400,'244.0.2',635,,13972,2,,,0,100,,13973,2,,,0,100,,13974,2,,,0,100,,13975,2,,,0,100,,13976,2,,,0,95,,13977,2,,,0,100,,13978,2,,,0,100,,13979,2,,,0,100,,13980,2,,,0,100,,13981,2,,,0,105,,13982,2,,,0,100,,13983,2,,,0,100,,13984,2,,,0,100,,13985,2,,,0,100,,13986,2,,,0,100,,13987,2,,,0,100,,13988,2,,,0
8400,'244.0.3',540,,14019,2,,,0,70,,13989,2,,,0,30,,13990,2,,,0,70,,13991,2,,,0,30,,13992,2,,,0,70,,13993,2,,,0,30,,13994,2,,,0,100,,13995,2,,,0,100,,13996,2,,,0,100,,13997,2,,,0,100,,13998,2,,,0,100,,13999,2,,,0,101,,14000,2,,,0,70,,14001,2,,,0,15,,14002,2,,,0,15,,14003,2,,,0,15,,14004,2,,,0,55,,14005,2,,,0,15,,14006,2,,,0,15,,14007,2,,,0,15,,14008,2,,,0,55,,14009,2,,,0,15,,14010,2,,,0,15,,14011,2,,,0,15,,14020,2,,,0,55,,14012,2,,,0,99,,14013,2,,,0,100,,14014,2,,,0,100,,14015,2,,,0,100,,14016,2,,,0,103,,14017,2,,,0,103,,14018,2,,,0
9300,'244.0.3',1518,,14860,2,,,0,26,,14861,2,,,0,76,,14862,2,,,0,23,,14863,2,,,0,79,,14864,2,,,0,22,,14865,2,,,0,73,,14866,2,,,0
