2401,'259.0.1',639,,20119,47,,,0,70,,20120,47,,,0,30,,20121,47,,,0,70,,20122,47,,,0,30,,20123,47,,,0,70,,20124,47,,,0,30,,20125,47,,,0,71,,20126,47,,,0,37,,20127,47,,,0,71,,20128,47,,,0,30,,20129,47,,,0,71,,20130,47,,,0,32,,20131,47,,,0,70,,20132,47,,,0,30,,20133,47,,,0,70,,20134,47,,,0,30,,20135,47,,,0,70,,20136,47,,,0,28,,20137,47,,,0,70,,20138,47,,,0,30,,20139,47,,,0,70,,20140,47,,,0,30,,20141,47,,,0,70,,20142,47,,,0,30,,20143,47,,,0,67,,20144,47,,,0,27,,20145,47,,,0,70,,20146,47,,,0,30,,20147,47,,,0,68,,20148,47,,,0,28,,20149,47,,,0,70,,20150,47,,,0,30,,20151,47,,,0,70,,20152,47,,,0,30,,20153,47,,,0,70,,20154,47,,,0
2401,'259.0.2',636,,20155,47,,,0,70,,20156,47,,,0,30,,20157,47,,,0,70,,20158,47,,,0,30,,20159,47,,,0,70,,20160,47,,,0,30,,20161,47,,,0,72,,20162,47,,,0,36,,20163,47,,,0,70,,20164,47,,,0,30,,20165,47,,,0,70,,20166,47,,,0,30,,20167,47,,,0,70,,20168,47,,,0,32,,20169,47,,,0,70,,20170,47,,,0,30,,20171,47,,,0,70,,20172,47,,,0,30,,20173,47,,,0,70,,20174,47,,,0,30,,20175,47,,,0,70,,20176,47,,,0,30,,20177,47,,,0,70,,20178,47,,,0,30,,20179,47,,,0,68,,20180,47,,,0,28,,20181,47,,,0,68,,20182,47,,,0,28,,20183,47,,,0,70,,20184,47,,,0,30,,20185,47,,,0,70,,20186,47,,,0,30,,20187,47,,,0,70,,20188,47,,,0,30,,20189,47,,,0,70,,20190,47,,,0
2401,'259.0.3',715,,20191,47,,,0,30,,20192,47,,,0,74,,20193,47,,,0,31,,20194,47,,,0,70,,20195,47,,,0,30,,20196,47,,,0,65,,20197,47,,,0,30,,20198,47,,,0,70,,20199,47,,,0,31,,20200,47,,,0,71,,20201,47,,,0,30,,20202,47,,,0,70,,20203,47,,,0,30,,20204,47,,,0,71,,20205,47,,,0,33,,20206,47,,,0,71,,20207,47,,,0,79,,20208,47,,,0,30,,20209,47,,,0,70,,20210,47,,,0,29,,20211,47,,,0,22,,20212,47,,,0,68,,20213,47,,,0,29,,20214,47,,,0,66,,20215,47,,,0,28,,20216,47,,,0,66,,20217,47,,,0,30,,20218,47,,,0,70,,20219,47,,,0,30,,20220,47,,,0,70,,20221,47,,,0,30,,20222,47,,,0,70,,20223,47,,,0,30,,20224,47,,,0,70,,20225,47,,,0,30,,20226,47,,,0
12701,'259.0.3',1610,,23729,18,,,0,16,,23730,18,,,0,16,,23731,18,,,0,81,,23732,18,,,0,15,,23733,18,,,0,14,,23734,18,,,0,55,,23735,18,,,0
12701,'259.1141.3',1652,,23736,18,,,0,58,,23737,18,,,0
12701,'259.1143.3',1652,,23738,18,,,0,58,,23739,18,,,0
1000900,'259.0.1',711,,24530,33,,,0,100,,24531,33,,,0,100,,24532,33,,,0,101,,24533,33,,,0,100,,24534,33,,,0,96,,24535,33,,,0,103,,24536,33,,,0,100,,24537,33,,,0,100,,24538,33,,,0,100,,24539,33,,,0,100,,24540,33,,,0,100,,24541,33,,,0,100,,24542,33,,,0,99,,24543,33,,,0,100,,24544,33,,,0,100,,24545,33,,,0,100,,24546,33,,,0,100,,24547,33,,,0
1000900,'259.0.2',709,,24548,33,,,0,96,,24549,33,,,0,100,,24550,33,,,0,100,,24551,33,,,0,108,,24552,33,,,0,100,,24553,33,,,0,100,,24554,33,,,0,100,,24555,33,,,0,100,,24556,33,,,0,100,,24557,33,,,0,100,,24558,33,,,0,100,,24559,33,,,0,100,,24560,33,,,0,100,,24561,33,,,0,97,,24562,33,,,0,100,,24563,33,,,0,100,,24564,33,,,0,100,,24565,33,,,0
1000900,'259.0.3',625,,24566,33,,,0,30,,24567,33,,,0,70,,24568,33,,,0,31,,24569,33,,,0,72,,24570,33,,,0,29,,24571,33,,,0,52,,24572,33,,,0,15,,24573,33,,,0,30,,24574,33,,,0,55,,24575,33,,,0,15,,24576,33,,,0,30,,24577,33,,,0,59,,24578,33,,,0,13,,24579,33,,,0,27,,24580,33,,,0,55,,24581,33,,,0,15,,24582,33,,,0,30,,24583,33,,,0,55,,24584,33,,,0,15,,24585,33,,,0,30,,24586,33,,,0,55,,24587,33,,,0,15,,24588,33,,,0,30,,24589,33,,,0,68,,24590,33,,,0,25,,24591,33,,,0,9,,24592,33,,,0,59,,24593,33,,,0,10,,24594,33,,,0,20,,24595,33,,,0,10,,24596,33,,,0,60,,24597,33,,,0,10,,24598,33,,,0,10,,24599,33,,,0,18,,24600,33,,,0,5,,24601,33,,,0,46,,24602,33,,,0,16,,24603,33,,,0,10,,24604,33,,,0,20,,24605,33,,,0,10,,24606,33,,,0,70,,24607,33,,,0,30,,24608,33,,,0,70,,24609,33,,,0,30,,24610,33,,,0,67,,24611,33,,,0,27,,24612,33,,,0,55,,24613,33,,,0,15,,24614,33,,,0,35,,24615,33,,,0,60,,24616,33,,,0,40,,24617,33,,,0,60,,24618,33,,,0,40,,24619,33,,,0
2000900,'259.0.1',641,,25574,33,,,0,100,,25575,33,,,0,100,,25576,33,,,0,101,,25577,33,,,0,100,,25578,33,,,0,100,,25579,33,,,0,99,,25580,33,,,0,100,,25581,33,,,0,100,,25582,33,,,0,100,,25583,33,,,0,100,,25584,33,,,0,100,,25585,33,,,0,100,,25586,33,,,0,99,,25587,33,,,0,100,,25588,33,,,0,100,,25589,33,,,0,100,,25590,33,,,0,100,,25591,33,,,0,100,,25592,33,,,0
2000900,'259.0.2',640,,25593,33,,,0,97,,25594,33,,,0,98,,25595,33,,,0,100,,25596,33,,,0,108,,25597,33,,,0,100,,25598,33,,,0,100,,25599,33,,,0,100,,25600,33,,,0,100,,25601,33,,,0,100,,25602,33,,,0,100,,25603,33,,,0,100,,25604,33,,,0,100,,25605,33,,,0,100,,25606,33,,,0,97,,25607,33,,,0,100,,25608,33,,,0,100,,25609,33,,,0,100,,25610,33,,,0,100,,25611,33,,,0
2000900,'259.0.3',540,,25612,14,,,0,70,,25613,14,,,0,30,,25614,33,,,0,70,,25615,33,,,0,30,,25616,33,,,0,69,,25617,33,,,0,30,,25618,33,,,0,100,,25619,33,,,0,100,,25620,33,,,0,100,,25621,33,,,0,96,,25622,33,,,0,100,,25623,33,,,0,100,,25624,33,,,0,68,,25625,33,,,0,32,,25626,33,,,0,69,,25627,33,,,0,30,,25628,33,,,0,70,,25629,33,,,0,36,,25630,33,,,0,67,,25631,33,,,0,30,,25632,33,,,0,70,,25633,33,,,0,30,,25634,33,,,0,70,,25635,33,,,0,30,,25636,33,,,0,69,,25637,33,,,0,27,,25638,33,,,0,100,,25639,33,,,0,100,,25640,33,,,0,100,,25641,33,,,0,100,,25642,33,,,0
