8201,'259.0.1',642,,22630,6,,,0,100,,22631,6,,,0,100,,22632,6,,,0,100,,22633,6,,,0,100,,22634,6,,,0,100,,22635,6,,,0,100,,22636,6,,,0,100,,22637,6,,,0,100,,22638,6,,,0,100,,22639,6,,,0,100,,22640,6,,,0,100,,22641,6,,,0,100,,22642,6,,,0,100,,22643,6,,,0,100,,22644,6,,,0,100,,22645,6,,,0,100,,22646,6,,,0
8201,'259.0.2',643,,22647,6,,,0,100,,22648,6,,,0,100,,22649,6,,,0,100,,22650,6,,,0,100,,22651,6,,,0,100,,22652,6,,,0,100,,22653,6,,,0,100,,22654,6,,,0,100,,22655,6,,,0,100,,22656,6,,,0,100,,22657,6,,,0,100,,22658,6,,,0,100,,22659,6,,,0,100,,22660,6,,,0,100,,22661,6,,,0,100,,22662,6,,,0
8201,'259.0.3',848,,22663,6,,,0,100,,22664,6,,,0,100,,22665,6,,,0,100,,22666,6,,,0,100,,22667,6,,,0,100,,22668,6,,,0,100,,22669,6,,,0,99,,22670,6,,,0,67,,22671,6,,,0,30,,22672,6,,,0,70,,22673,6,,,0,30,,22674,6,,,0,69,,22675,6,,,0,35,,22676,6,,,0,100,,22677,6,,,0,100,,22678,6,,,0,100,,22679,6,,,0,100,,22680,6,,,0
8401,'259.0.1',603,,22848,6,,,0,100,,22849,6,,,0,100,,22850,6,,,0,100,,22851,6,,,0,100,,22852,6,,,0,100,,22853,6,,,0,100,,22854,6,,,0,100,,22855,6,,,0,100,,22856,6,,,0,100,,22857,6,,,0,100,,22858,6,,,0,100,,22859,6,,,0,100,,22860,6,,,0,100,,22861,6,,,0,100,,22862,6,,,0,100,,22863,6,,,0,100,,22864,6,,,0
8401,'259.0.2',608,,22865,6,,,0,100,,22866,6,,,0,100,,22867,6,,,0,100,,22868,6,,,0,100,,22869,6,,,0,100,,22870,6,,,0,100,,22871,6,,,0,100,,22872,6,,,0,100,,22873,6,,,0,100,,22874,6,,,0,100,,22875,6,,,0,100,,22876,6,,,0,100,,22877,6,,,0,100,,22878,6,,,0,100,,22879,6,,,0,100,,22880,6,,,0,100,,22881,6,,,0
8401,'259.0.3',508,,22882,6,,,0,30,,22883,6,,,0,70,,22884,6,,,0,15,,22885,6,,,0,15,,22913,6,,,0,15,,22886,6,,,0,55,,22887,6,,,0,15,,22888,6,,,0,15,,22889,6,,,0,15,,22890,6,,,0,55,,22891,6,,,0,15,,22892,6,,,0,15,,22893,6,,,0,15,,22914,6,,,0,55,,22894,6,,,0,100,,22895,6,,,0,100,,22896,6,,,0,100,,22897,6,,,0,100,,22898,6,,,0,100,,22899,6,,,0,100,,22900,6,,,0,30,,22901,6,,,0,70,,22902,6,,,0,30,,22903,6,,,0,70,,22904,6,,,0,30,,22905,6,,,0,70,,22906,6,,,0,100,,22907,6,,,0,100,,22908,6,,,0,100,,22909,6,,,0,100,,22910,6,,,0,100,,22911,6,,,0,100,,22912,6,,,0
8500,'259.0.1',619,,22915,6,,,0,100,,22916,6,,,0,101,,22917,6,,,0,100,,22918,6,,,0,100,,22919,6,,,0,101,,22920,6,,,0,100,,22921,6,,,0,100,,22922,6,,,0,100,,22923,6,,,0,99,,22924,6,,,0,100,,22925,6,,,0,100,,22926,6,,,0,99,,22927,6,,,0,100,,22928,6,,,0,100,,22929,6,,,0,100,,22930,6,,,0,100,,22931,6,,,0
8500,'259.0.2',624,,22932,6,,,0,100,,22933,6,,,0,101,,22934,6,,,0,100,,22935,6,,,0,100,,22936,6,,,0,100,,22937,6,,,0,100,,22938,6,,,0,100,,22939,6,,,0,100,,22940,6,,,0,100,,22941,6,,,0,100,,22942,6,,,0,100,,22943,6,,,0,100,,22944,6,,,0,99,,22945,6,,,0,100,,22946,6,,,0,100,,22947,6,,,0
8500,'259.0.3',536,,22948,6,,,0,15,,22970,6,,,0,55,,22949,6,,,0,15,,22950,6,,,0,15,,22951,6,,,0,15,,22952,6,,,0,55,,22953,6,,,0,15,,22954,6,,,0,14,,22955,6,,,0,15,,22956,6,,,0,55,,22957,6,,,0,15,,22971,6,,,0,17,,22958,6,,,0,100,,22959,6,,,0,100,,22960,6,,,0,101,,22961,6,,,0,100,,22962,6,,,0,100,,22963,6,,,0,100,,22964,6,,,0,100,,22965,6,,,0,415,,22966,6,,,0,100,,22967,6,,,0,100,,22968,6,,,0,100,,22969,6,,,0
8600,'259.0.1',614,,23031,6,,,0,100,,23032,6,,,0,100,,23033,6,,,0,100,,23034,6,,,0,100,,23035,6,,,0,100,,23036,6,,,0,100,,23037,6,,,0,100,,23038,6,,,0,100,,23039,6,,,0,100,,23040,6,,,0,100,,23041,6,,,0,101,,23042,6,,,0,100,,23043,6,,,0,100,,23044,6,,,0,100,,23045,6,,,0,100,,23046,6,,,0,100,,23047,6,,,0
8600,'259.0.2',620,,23048,6,,,0,100,,23049,6,,,0,100,,23050,6,,,0,100,,23051,6,,,0,100,,23052,6,,,0,100,,23053,6,,,0,100,,23054,6,,,0,100,,23055,6,,,0,100,,23056,6,,,0,100,,23057,6,,,0,100,,23058,6,,,0,100,,23059,6,,,0,100,,23060,6,,,0,100,,23061,6,,,0,100,,23062,6,,,0,100,,23063,6,,,0
8600,'259.0.3',534,,23064,6,,,0,67,,23065,6,,,0,30,,23066,6,,,0,69,,23067,6,,,0,29,,23068,6,,,0,28,,23069,6,,,0,65,,23070,6,,,0,100,,23071,6,,,0,100,,23072,6,,,0,100,,23073,6,,,0,100,,23074,6,,,0,100,,23075,6,,,0,100,,23076,6,,,0,101,,23077,6,,,0,419,,23078,6,,,0,100,,23079,6,,,0,100,,23080,6,,,0,100,,23081,6,,,0
18201,'259.0.3',525,,23862,6,,,0,15,,23863,6,,,0,15,,23864,6,,,0,55,,23865,6,,,0,15,,23866,6,,,0,13,,23867,6,,,0,14,,23868,6,,,0,55,,23874,6,,,0,15,,23869,6,,,0,15,,23870,6,,,0,15,,23871,6,,,0,55,,23873,6,,,0,15,,23872,6,,,0
18500,'259.0.3',1550,,23888,15,,,0,55,,23889,15,,,0,15,,23890,15,,,0,20,,23891,15,,,0,15,,23892,15,,,0,60,,23893,15,,,0,15,,23894,15,,,0,15,,23895,15,,,0,8,,23896,15,,,0,48,,23899,15,,,0,15,,23897,15,,,0,15,,23900,15,,,0,15,,23898,15,,,0,55,,23901,15,,,0
18600,'259.0.3',1555,,23914,15,,,0,75,,23915,15,,,0,74,,23916,15,,,0,29,,23919,15,,,0,22,,23917,15,,,0,66,,23918,15,,,0
