200,'244.0.1',623,,9338,25,,,0,100,,9339,25,,,0,100,,9340,25,,,0,15,,9341,25,,,0,15,,9342,25,,,0,55,,9343,25,,,0,15,,9344,25,,,0,15,,9345,25,,,0,15,,9346,25,,,0,55,,9347,25,,,0,15,,9348,25,,,0,15,,9349,25,,,0,16,,9350,25,,,0,56,,9351,25,,,0,15,,9352,25,,,0,15,,9353,25,,,0,15,,9354,25,,,0,55,,9355,25,,,0,15,,9356,25,,,0,15,,9357,25,,,0,15,,9358,25,,,0,55,,9359,25,,,0,15,,9360,25,,,0,15,,9361,25,,,0,15,,9362,25,,,0,55,,9363,25,,,0,15,,9364,25,,,0,15,,9365,25,,,0,15,,9366,25,,,0,55,,9367,25,,,0,15,,9368,25,,,0,15,,9369,25,,,0,15,,9370,25,,,0,55,,9371,25,,,0,15,,9372,25,,,0,15,,9373,25,,,0,15,,9374,25,,,0,55,,9375,25,,,0,15,,9376,25,,,0,15,,9377,25,,,0,15,,9378,25,,,0,55,,9379,25,,,0,15,,9380,25,,,0,15,,9381,25,,,0,15,,9382,25,,,0,55,,9383,25,,,0,15,,9384,25,,,0,15,,9385,25,,,0,70,,9386,25,,,0,30,,9387,25,,,0,69,,9388,25,,,0,29,,9389,25,,,0,70,,9390,25,,,0,30,,9391,25,,,0,70,,9392,25,,,0,30,,9393,25,,,0,70,,9394,25,,,0,30,,9395,25,,,0
200,'244.0.2',611,,9396,25,,,0,100,,9397,25,,,0,100,,9398,25,,,0,30,,9399,25,,,0,60,,9400,25,,,0,20,,9401,25,,,0,20,,9402,25,,,0,60,,9403,25,,,0,20,,9404,25,,,0,20,,9405,25,,,0,63,,9406,25,,,0,20,,9407,25,,,0,20,,9408,25,,,0,60,,9409,25,,,0,20,,9410,25,,,0,20,,9411,25,,,0,60,,9412,25,,,0,20,,9413,25,,,0,20,,9414,25,,,0,60,,9415,25,,,0,20,,9416,25,,,0,20,,9417,25,,,0,60,,9418,25,,,0,20,,9419,25,,,0,20,,9420,25,,,0,60,,9421,25,,,0,20,,9422,25,,,0,20,,9423,25,,,0,60,,9424,25,,,0,20,,9425,25,,,0,20,,9426,25,,,0,60,,9427,25,,,0,20,,9428,25,,,0,27,,9429,25,,,0,69,,9430,25,,,0,30,,9431,25,,,0,70,,9432,25,,,0,30,,9433,25,,,0,70,,9434,25,,,0,30,,9435,25,,,0,70,,9436,25,,,0,30,,9437,25,,,0,70,,9438,25,,,0,30,,9439,25,,,0,70,,9440,25,,,0
200,'244.0.3',553,,9441,25,,,0,70,,9442,25,,,0,30,,9443,25,,,0,55,,9444,25,,,0,15,,9445,25,,,0,16,,9446,25,,,0,17,,9447,25,,,0,55,,9448,25,,,0,15,,9449,25,,,0,15,,9450,25,,,0,15,,9451,25,,,0,55,,9452,25,,,0,14,,9453,25,,,0,15,,9454,25,,,0,15,,9455,25,,,0,55,,9456,25,,,0,15,,9457,25,,,0,15,,9458,25,,,0,15,,9459,25,,,0,55,,9460,25,,,0,15,,9461,25,,,0,15,,9462,25,,,0,15,,9463,25,,,0,55,,9464,25,,,0,17,,9465,25,,,0,15,,9466,25,,,0,15,,9467,25,,,0,55,,9468,25,,,0,15,,9469,25,,,0,15,,9470,25,,,0,15,,9471,25,,,0,55,,9472,25,,,0,15,,9473,25,,,0,15,,9474,25,,,0,15,,9475,25,,,0,55,,9476,25,,,0,18,,9477,25,,,0,17,,9478,25,,,0,55,,9479,25,,,0,15,,9480,25,,,0,15,,9481,25,,,0,15,,9482,25,,,0,55,,9483,25,,,0,15,,9484,25,,,0,15,,9485,25,,,0,15,,9486,25,,,0,11,,9487,25,,,0,51,,9488,25,,,0,15,,9489,25,,,0,15,,9490,25,,,0,15,,9491,25,,,0,55,,9492,25,,,0,30,,9493,25,,,0,70,,9494,25,,,0,30,,9495,25,,,0,70,,9496,25,,,0,30,,9497,25,,,0,70,,9498,25,,,0,30,,9499,25,,,0,70,,9500,25,,,0,30,,9501,25,,,0,70,,9502,25,,,0,30,,9503,25,,,0
300,'244.0.1',658,,9670,47,,,0,100,,9671,47,,,0,100,,9672,47,,,0,70,,9673,47,,,0,30,,9674,47,,,0,70,,9675,47,,,0,30,,9676,47,,,0,70,,9677,47,,,0,30,,9678,47,,,0,72,,9679,47,,,0,70,,9680,47,,,0,30,,9681,47,,,0,70,,9682,47,,,0,30,,9683,47,,,0,70,,9684,47,,,0,30,,9685,47,,,0,70,,9686,47,,,0,30,,9687,47,,,0,70,,9688,47,,,0,30,,9689,47,,,0,70,,9690,47,,,0,30,,9691,47,,,0,70,,9692,47,,,0,26,,9693,47,,,0,29,,9694,47,,,0,70,,9695,47,,,0,30,,9696,47,,,0,70,,9697,47,,,0,30,,9698,47,,,0,70,,9699,47,,,0,30,,9700,47,,,0,70,,9701,47,,,0,30,,9702,47,,,0,70,,9703,47,,,0,30,,9704,47,,,0,60,,9705,47,,,0
300,'244.0.2',638,,9706,47,,,0,100,,9707,47,,,0,100,,9708,47,,,0,70,,9709,47,,,0,30,,9710,47,,,0,67,,9711,47,,,0,20,,9712,47,,,0,20,,9713,47,,,0,62,,9714,47,,,0,24,,9715,47,,,0,20,,9716,47,,,0,60,,9717,47,,,0,20,,9718,47,,,0,20,,9719,47,,,0,60,,9720,47,,,0,20,,9721,47,,,0,20,,9722,47,,,0,60,,9723,47,,,0,20,,9724,47,,,0,20,,9725,47,,,0,60,,9726,47,,,0,20,,9727,47,,,0,20,,9728,47,,,0,60,,9729,47,,,0,20,,9730,47,,,0,20,,9731,47,,,0,60,,9732,47,,,0,20,,9733,47,,,0,20,,9734,47,,,0,57,,9735,47,,,0,17,,9736,47,,,0,19,,9737,47,,,0,70,,9738,47,,,0,30,,9739,47,,,0,70,,9740,47,,,0,30,,9741,47,,,0,70,,9742,47,,,0,30,,9743,47,,,0,70,,9744,47,,,0,23,,9745,47,,,0,70,,9746,47,,,0,30,,9747,47,,,0,70,,9748,47,,,0,30,,9749,47,,,0
300,'244.0.3',613,,9750,47,,,0,30,,9751,47,,,0,15,,9752,47,,,0,55,,9753,47,,,0,15,,9754,47,,,0,19,,9755,47,,,0,57,,9756,47,,,0,19,,9757,47,,,0,15,,9758,47,,,0,14,,9759,47,,,0,54,,9760,47,,,0,15,,9761,47,,,0,15,,9762,47,,,0,15,,9763,47,,,0,60,,9764,47,,,0,20,,9765,47,,,0,20,,9766,47,,,0,60,,9767,47,,,0,20,,9768,47,,,0,20,,9769,47,,,0,60,,9770,47,,,0,20,,9771,47,,,0,20,,9772,47,,,0,60,,9773,47,,,0,20,,9774,47,,,0,20,,9775,47,,,0,60,,9776,47,,,0,20,,9777,47,,,0,20,,9778,47,,,0,60,,9779,47,,,0,20,,9780,47,,,0,10,,9781,47,,,0,12,,9782,47,,,0,61,,9783,47,,,0,15,,9784,47,,,0,15,,9785,47,,,0,15,,9786,47,,,0,55,,9787,47,,,0,15,,9788,47,,,0,14,,9789,47,,,0,14,,9790,47,,,0,53,,9791,47,,,0,13,,9792,47,,,0,13,,9793,47,,,0,15,,9794,47,,,0,53,,9795,47,,,0,7,,9796,47,,,0,17,,9797,47,,,0,20,,9798,47,,,0,60,,9799,47,,,0,20,,9800,47,,,0,20,,9801,47,,,0,60,,9802,47,,,0,20,,9803,47,,,0,10,,9804,47,,,0,70,,9805,47,,,0,30,,9806,47,,,0,70,,9807,47,,,0,30,,9808,47,,,0,70,,9809,47,,,0,30,,9810,47,,,0,70,,9811,47,,,0
2901,'244.0.1',703,,11809,43,,,0,30,,11810,43,,,0,70,,11811,43,,,0,30,,11812,43,,,0,70,,11813,43,,,0,30,,11814,43,,,0,70,,11815,43,,,0,32,,11816,43,,,0,73,,11817,43,,,0,28,,11818,43,,,0,70,,11819,43,,,0,30,,11820,43,,,0,70,,11821,43,,,0,30,,11822,43,,,0,70,,11823,43,,,0,30,,11824,43,,,0,67,,11825,43,,,0,33,,11826,43,,,0,70,,11827,43,,,0,30,,11828,43,,,0,70,,11829,43,,,0,30,,11830,43,,,0,70,,11831,43,,,0,30,,11832,43,,,0,67,,11833,43,,,0,31,,11834,43,,,0,68,,11835,43,,,0,100,,11836,43,,,0,100,,11837,43,,,0,100,,11838,43,,,0,100,,11839,43,,,0,41,,11840,43,,,0
2901,'244.0.2',700,,11841,43,,,0,30,,11842,43,,,0,70,,11843,43,,,0,30,,11844,43,,,0,70,,11845,43,,,0,30,,11846,43,,,0,72,,11847,43,,,0,32,,11848,43,,,0,69,,11849,43,,,0,30,,11850,43,,,0,70,,11851,43,,,0,30,,11852,43,,,0,70,,11853,43,,,0,30,,11854,43,,,0,70,,11855,43,,,0,30,,11856,43,,,0,70,,11857,43,,,0,30,,11858,43,,,0,70,,11859,43,,,0,30,,11860,43,,,0,70,,11861,43,,,0,30,,11862,43,,,0,70,,11863,43,,,0,29,,11864,43,,,0,70,,11865,43,,,0,98,,11866,43,,,0,100,,11867,43,,,0,100,,11868,43,,,0,100,,11869,43,,,0,100,,11870,43,,,0,43,,11871,43,,,0
2901,'244.0.3',649,,11872,43,,,0,55,,11873,43,,,0,17,,11874,43,,,0,17,,11875,43,,,0,15,,11876,43,,,0,55,,11877,43,,,0,15,,11878,43,,,0,15,,11879,43,,,0,13,,11880,43,,,0,54,,11881,43,,,0,15,,11882,43,,,0,28,,11883,43,,,0,70,,11884,43,,,0,30,,11885,43,,,0,70,,11886,43,,,0,30,,11887,43,,,0,70,,11888,43,,,0,30,,11889,43,,,0,70,,11890,43,,,0,30,,11891,43,,,0,71,,11892,43,,,0,35,,11893,43,,,0,72,,11894,43,,,0,30,,11895,43,,,0,55,,11896,43,,,0,15,,11897,43,,,0,15,,11898,43,,,0,15,,11899,43,,,0,52,,11900,43,,,0,15,,11901,43,,,0,15,,11902,43,,,0,11,,11903,43,,,0,53,,11904,43,,,0,15,,11905,43,,,0,15,,11906,43,,,0,15,,11907,43,,,0,55,,11908,43,,,0,15,,11909,43,,,0,30,,11910,43,,,0,70,,11911,43,,,0,30,,11912,43,,,0,70,,11913,43,,,0,30,,11914,43,,,0,70,,11915,43,,,0,30,,11916,43,,,0,100,,11917,43,,,0,94,,11918,43,,,0
9100,'244.0.1',713,,14751,6,,,0,100,,14752,6,,,0,100,,14753,6,,,0,100,,14754,6,,,0,100,,14755,6,,,0,100,,14756,6,,,0,100,,14757,6,,,0,100,,14758,6,,,0,100,,14759,6,,,0,100,,14760,6,,,0,100,,14761,6,,,0,100,,14762,6,,,0,100,,14763,6,,,0,100,,14764,6,,,0,100,,14765,6,,,0,100,,14766,6,,,0
9100,'244.0.2',743,,14767,6,,,0,100,,14768,6,,,0,100,,14769,6,,,0,100,,14770,6,,,0,100,,14771,6,,,0,100,,14772,6,,,0,100,,14773,6,,,0,100,,14774,6,,,0,100,,14775,6,,,0,100,,14776,6,,,0,100,,14777,6,,,0,100,,14778,6,,,0,100,,14779,6,,,0,100,,14780,6,,,0,100,,14781,6,,,0
9100,'244.0.3',624,,14782,6,,,0,24,,14783,6,,,0,66,,14784,6,,,0,36,,14785,6,,,0,69,,14786,6,,,0,31,,14787,6,,,0,100,,14788,6,,,0,103,,14789,6,,,0,100,,14790,6,,,0,99,,14791,6,,,0,100,,14792,6,,,0,100,,14793,6,,,0,70,,14794,6,,,0,30,,14795,6,,,0,70,,14796,6,,,0,30,,14797,6,,,0,70,,14798,6,,,0,31,,14799,6,,,0,70,,14800,6,,,0,99,,14801,6,,,0,100,,14802,6,,,0,100,,14803,6,,,0,100,,14804,6,,,0
