5401,'259.0.1',643,,21140,20,,,0,100,,21141,20,,,0,100,,21142,20,,,0,100,,21143,20,,,0,106,,21144,20,,,0,100,,21145,20,,,0,100,,21146,20,,,0,100,,21147,20,,,0,100,,21148,20,,,0,99,,21149,20,,,0,100,,21150,20,,,0,100,,21151,20,,,0,96,,21152,20,,,0,100,,21153,20,,,0,100,,21154,20,,,0,100,,21155,20,,,0,100,,21156,20,,,0
5401,'259.0.2',843,,21157,20,,,0,100,,21158,20,,,0,106,,21159,20,,,0,100,,21160,20,,,0,99,,21161,20,,,0,100,,21162,20,,,0,100,,21163,20,,,0,99,,21164,20,,,0,100,,21165,20,,,0,100,,21166,20,,,0,96,,21167,20,,,0,100,,21168,20,,,0,100,,21169,20,,,0,100,,21170,20,,,0
5401,'259.0.3',647,,21171,20,,,0,73,,21172,20,,,0,27,,21173,20,,,0,70,,21174,20,,,0,30,,21175,20,,,0,69,,21176,20,,,0,35,,21177,20,,,0,100,,21178,20,,,0,100,,21179,20,,,0,104,,21180,20,,,0,100,,21181,20,,,0,102,,21182,20,,,0,100,,21183,20,,,0,70,,21184,20,,,0,75,,21185,20,,,0,27,,21186,20,,,0,30,,21187,20,,,0,64,,21188,20,,,0,30,,21189,20,,,0,70,,21190,20,,,0,30,,21191,20,,,0,70,,21192,20,,,0,30,,21193,20,,,0,100,,21194,20,,,0
5501,'259.0.1',804,,21245,19,,,0,100,,21246,19,,,0,101,,21247,19,,,0,103,,21248,19,,,0,100,,21249,19,,,0,100,,21250,19,,,0,100,,21251,19,,,0,100,,21252,19,,,0,100,,21253,19,,,0,100,,21254,19,,,0,99,,21255,19,,,0,100,,21256,19,,,0,97,,21257,19,,,0,100,,21258,19,,,0,100,,21259,19,,,0
5501,'259.0.2',804,,21260,19,,,0,100,,21261,19,,,0,101,,21262,19,,,0,103,,21263,19,,,0,100,,21264,19,,,0,100,,21265,19,,,0,100,,21266,19,,,0,100,,21267,19,,,0,100,,21268,19,,,0,100,,21269,19,,,0,99,,21270,19,,,0,97,,21271,19,,,0,100,,21272,19,,,0,100,,21273,19,,,0,100,,21274,19,,,0
5501,'259.0.3',654,,21275,19,,,0,71,,21293,19,,,0,31,,21276,19,,,0,72,,21277,19,,,0,100,,21278,19,,,0,85,,21279,19,,,0,100,,21280,19,,,0,100,,21281,19,,,0,103,,21282,19,,,0,100,,21283,19,,,0,100,,21284,19,,,0,85,,21285,19,,,0,101,,21286,19,,,0,33,,21294,19,,,0,68,,21287,19,,,0,23,,21288,19,,,0,75,,21289,19,,,0,99,,21290,19,,,0,110,,21291,19,,,0,100,,21292,19,,,0
5600,'259.0.1',611,,21295,10,,,0,30,,21296,10,,,0,70,,21297,10,,,0,30,,21298,10,,,0,70,,21299,10,,,0,30,,21300,10,,,0,70,,21301,10,,,0,30,,21302,10,,,0,71,,21303,10,,,0,29,,21304,10,,,0,70,,21305,10,,,0,30,,21306,10,,,0,70,,21307,10,,,0,30,,21308,10,,,0,70,,21309,10,,,0,30,,21310,10,,,0,70,,21311,10,,,0,30,,21312,10,,,0,70,,21313,10,,,0,30,,21314,10,,,0,70,,21315,10,,,0,30,,21316,10,,,0,70,,21317,10,,,0,30,,21318,10,,,0,70,,21319,10,,,0,31,,21320,10,,,0,70,,21321,10,,,0,30,,21322,10,,,0,70,,21323,10,,,0,30,,21324,10,,,0,70,,21325,10,,,0,30,,21326,10,,,0,70,,21327,10,,,0,30,,21328,10,,,0,70,,21329,10,,,0,30,,21330,10,,,0
5600,'259.0.2',711,,21331,10,,,0,30,,21332,10,,,0,70,,21333,10,,,0,30,,21334,10,,,0,70,,21335,10,,,0,30,,21336,10,,,0,71,,21337,10,,,0,30,,21338,10,,,0,70,,21339,10,,,0,30,,21340,10,,,0,70,,21341,10,,,0,30,,21342,10,,,0,70,,21343,10,,,0,30,,21344,10,,,0,70,,21345,10,,,0,30,,21346,10,,,0,70,,21347,10,,,0,30,,21348,10,,,0,70,,21349,10,,,0,30,,21350,10,,,0,70,,21351,10,,,0,30,,21352,10,,,0,70,,21353,10,,,0,30,,21354,10,,,0,69,,21355,10,,,0,30,,21356,10,,,0,70,,21357,10,,,0,30,,21358,10,,,0,70,,21359,10,,,0,30,,21360,10,,,0,70,,21361,10,,,0
5600,'259.0.3',612,,21362,10,,,0,30,,21363,10,,,0,70,,21364,10,,,0,30,,21365,10,,,0,70,,21366,10,,,0,30,,21367,10,,,0,70,,21368,10,,,0,30,,21369,10,,,0,70,,21370,10,,,0,30,,21371,10,,,0,70,,21372,10,,,0,30,,21373,10,,,0,70,,21374,10,,,0,30,,21375,10,,,0,70,,21376,10,,,0,30,,21377,10,,,0,70,,21378,10,,,0,30,,21379,10,,,0,70,,21380,10,,,0,30,,21381,10,,,0,70,,21382,10,,,0,30,,21383,10,,,0,70,,21384,10,,,0,30,,21385,10,,,0,70,,21386,10,,,0,30,,21387,10,,,0,70,,21388,10,,,0,30,,21389,10,,,0,70,,21390,10,,,0,30,,21391,10,,,0,70,,21392,10,,,0,30,,21393,10,,,0,70,,21394,10,,,0,30,,21395,10,,,0,70,,21396,10,,,0,30,,21397,10,,,0
7200,'259.0.1',621,,22425,18,,,0,30,,22426,18,,,0,70,,22427,18,,,0,30,,22428,18,,,0,70,,22429,18,,,0,30,,22430,18,,,0,70,,22431,18,,,0,30,,22432,18,,,0,70,,22433,18,,,0,32,,22434,18,,,0,70,,22435,18,,,0,30,,22436,18,,,0,70,,22437,18,,,0,30,,22438,18,,,0,70,,22439,18,,,0,30,,22440,18,,,0,70,,22441,18,,,0,30,,22442,18,,,0,70,,22443,18,,,0,30,,22444,18,,,0,70,,22445,18,,,0,30,,22446,18,,,0,70,,22447,18,,,0,28,,22448,18,,,0,70,,22449,18,,,0,100,,22450,18,,,0,100,,22451,18,,,0,100,,22452,18,,,0,100,,22453,18,,,0,100,,22454,18,,,0
7200,'259.0.2',721,,22455,18,,,0,100,,22456,18,,,0,100,,22457,18,,,0,100,,22458,18,,,0,102,,22459,18,,,0,100,,22460,18,,,0,100,,22461,18,,,0,100,,22462,18,,,0,100,,22463,18,,,0,100,,22464,18,,,0,100,,22465,18,,,0,100,,22466,18,,,0,97,,22467,18,,,0,100,,22468,18,,,0,100,,22469,18,,,0,100,,22470,18,,,0
7200,'259.0.3',621,,22471,18,,,0,30,,22472,18,,,0,70,,22473,18,,,0,31,,22474,18,,,0,70,,22475,18,,,0,30,,22476,18,,,0,69,,22477,18,,,0,30,,22478,18,,,0,70,,22479,18,,,0,30,,22480,18,,,0,70,,22481,18,,,0,30,,22482,18,,,0,70,,22483,18,,,0,30,,22484,18,,,0,70,,22485,18,,,0,30,,22486,18,,,0,70,,22487,18,,,0,30,,22488,18,,,0,70,,22489,18,,,0,30,,22490,18,,,0,70,,22491,18,,,0,30,,22492,18,,,0,70,,22493,18,,,0,30,,22494,18,,,0,69,,22495,18,,,0,30,,22496,18,,,0,70,,22497,18,,,0,100,,22498,18,,,0,100,,22499,18,,,0,100,,22500,18,,,0,100,,22501,18,,,0
2001001,'259.0.1',638,,25812,1,,,0,94,,25813,1,,,0,87,,25814,1,,,0,30,,25815,1,,,0,70,,25816,1,,,0,31,,25817,1,,,0,73,,25818,1,,,0,30,,25819,1,,,0,70,,25820,1,,,0,32,,25821,1,,,0,73,,25822,1,,,0,72,,25823,1,,,0,30,,25824,1,,,0,70,,25825,1,,,0,30,,25826,1,,,0,70,,25827,1,,,0,30,,25828,1,,,0,70,,25829,1,,,0,30,,25830,1,,,0,70,,25831,1,,,0,30,,25832,1,,,0,70,,25833,1,,,0,30,,25834,1,,,0,28,,25835,1,,,0,67,,25836,1,,,0,30,,25837,1,,,0,70,,25838,1,,,0,100,,25839,1,,,0,100,,25840,1,,,0,100,,25841,1,,,0,100,,25842,1,,,0
2001001,'259.0.2',633,,25843,1,,,0,92,,25844,1,,,0,90,,25845,1,,,0,32,,25846,1,,,0,70,,25847,1,,,0,30,,25848,1,,,0,72,,25849,1,,,0,32,,25850,1,,,0,71,,25851,1,,,0,30,,25852,1,,,0,70,,25853,1,,,0,30,,25854,1,,,0,70,,25855,1,,,0,30,,25856,1,,,0,72,,25857,1,,,0,31,,25858,1,,,0,70,,25859,1,,,0,30,,25860,1,,,0,70,,25861,1,,,0,29,,25862,1,,,0,70,,25863,1,,,0,30,,25864,1,,,0,70,,25865,1,,,0,102,,25866,1,,,0,100,,25867,1,,,0,100,,25868,1,,,0,100,,25869,1,,,0,100,,25870,1,,,0,100,,25871,1,,,0
2001001,'259.0.3',547,,25872,1,,,0,70,,25873,1,,,0,22,,25874,1,,,0,18,,25875,1,,,0,62,,25910,1,,,0,20,,25876,1,,,0,20,,25877,1,,,0,60,,25878,1,,,0,21,,25879,1,,,0,94,,25880,1,,,0,20,,25881,1,,,0,64,,25882,1,,,0,29,,25883,1,,,0,70,,25884,1,,,0,30,,25885,1,,,0,70,,25886,1,,,0,30,,25887,1,,,0,70,,25888,1,,,0,39,,25889,1,,,0,61,,25890,1,,,0,24,,25891,1,,,0,15,,25892,1,,,0,61,,25893,1,,,0,20,,25894,1,,,0,20,,25895,1,,,0,61,,25896,1,,,0,24,,25897,1,,,0,65,,25898,1,,,0,21,,25899,1,,,0,20,,25900,1,,,0,9,,25901,1,,,0,60,,25902,1,,,0,30,,25903,1,,,0,70,,25904,1,,,0,32,,25905,1,,,0,70,,25906,1,,,0,30,,25907,1,,,0,70,,25908,1,,,0,30,,25909,1,,,0
3001001,'259.0.1',608,,26385,9,,,0,94,,26386,9,,,0,100,,26387,9,,,0,32,,26388,9,,,0,70,,26389,9,,,0,30,,26390,9,,,0,70,,26391,9,,,0,34,,26392,9,,,0,70,,26393,9,,,0,31,,26394,9,,,0,72,,26395,9,,,0,34,,26396,9,,,0,70,,26397,9,,,0,30,,26398,9,,,0,70,,26399,9,,,0,30,,26400,9,,,0,70,,26401,9,,,0,30,,26402,9,,,0,70,,26403,9,,,0,30,,26404,9,,,0,70,,26405,9,,,0,30,,26406,9,,,0,70,,26407,9,,,0,30,,26408,9,,,0,66,,26409,9,,,0,28,,26410,9,,,0,70,,26411,9,,,0,100,,26412,9,,,0,96,,26413,9,,,0,96,,26414,9,,,0,100,,26415,9,,,0,55,,26416,9,4,,0
3001001,'259.0.2',608,,26417,9,,,0,50,,26418,9,,,0,100,,26419,9,,,0,70,,26420,9,,,0,30,,26421,9,,,0,70,,26422,9,,,0,30,,26423,9,,,0,73,,26424,9,,,0,74,,26425,9,,,0,30,,26426,9,,,0,70,,26427,9,,,0,30,,26428,9,,,0,71,,26429,9,,,0,30,,26430,9,,,0,70,,26431,9,,,0,30,,26432,9,,,0,73,,26433,9,,,0,30,,26434,9,,,0,70,,26435,9,,,0,30,,26436,9,,,0,70,,26437,9,,,0,30,,26438,9,,,0,70,,26439,9,,,0,30,,26440,9,,,0,68,,26441,9,,,0,100,,26442,9,,,0,94,,26443,9,,,0,100,,26444,9,,,0,100,,26445,9,,,0,55,,26446,9,4,,0
3001001,'259.0.3',532,,26447,9,,,0,70,,26448,9,,,0,30,,26449,9,,,0,20,,26450,9,,,0,62,,26451,9,,,0,20,,26452,9,,,0,18,,26453,9,,,0,59,,26454,9,,,0,20,,26455,9,,,0,20,,26456,9,,,0,73,,26457,9,,,0,20,,26458,9,,,0,60,,26459,9,,,0,28,,26460,9,,,0,70,,26461,9,,,0,30,,26462,9,,,0,70,,26463,9,,,0,30,,26464,9,,,0,70,,26465,9,,,0,30,,26466,9,,,0,70,,26467,9,,,0,30,,26468,9,,,0,70,,26469,9,,,0,21,,26470,9,,,0,20,,26471,9,,,0,60,,26472,9,,,0,21,,26473,9,,,0,27,,26474,9,,,0,63,,26475,9,,,0,20,,26476,9,,,0,20,,26477,9,,,0,58,,26478,9,,,0,16,,26479,9,,,0,17,,26480,9,,,0,14,,26481,9,,,0,55,,26482,9,,,0,19,,26483,9,,,0,79,,26484,9,,,0,30,,26485,9,,,0,70,,26486,9,,,0,30,,26487,9,,,0,70,,26488,9,,,0,27,,26489,9,,,0,65,,26490,9,,,0,30,,26491,9,4,,0,25,,26492,9,4,,0,70,,26493,9,4,,0,30,,26494,9,4,,0
