6700,'244.0.1',816,,13380,29,,,0,100,,13381,29,,,0,104,,13382,29,,,0,103,,13383,29,,,0,100,,13384,29,,,0,100,,13385,29,,,0,100,,13386,29,,,0,100,,13387,29,,,0,100,,13388,29,,,0,100,,13389,29,,,0,100,,13390,29,,,0,94,,13391,29,,,0,99,,13392,29,,,0,100,,13393,29,,,0,100,,13394,29,,,0,100,,13395,29,,,0
6700,'244.0.2',814,,13396,29,,,0,100,,13397,29,,,0,100,,13398,29,,,0,106,,13399,29,,,0,102,,13400,29,,,0,100,,13401,29,,,0,100,,13402,29,,,0,100,,13403,29,,,0,100,,13404,29,,,0,100,,13405,29,,,0,97,,13406,29,,,0,98,,13407,29,,,0,100,,13408,29,,,0,100,,13409,29,,,0,97,,13410,29,,,0,100,,13411,29,,,0
6700,'244.0.3',630,,13412,29,,,0,70,,13413,29,,,0,30,,13414,29,,,0,70,,13415,29,,,0,30,,13416,29,,,0,70,,13417,29,,,0,30,,13418,29,,,0,100,,13419,29,,,0,100,,13420,29,,,0,100,,13421,29,,,0,100,,13422,29,,,0,100,,13423,29,,,0,100,,13424,29,,,0,70,,13425,29,,,0,30,,13426,29,,,0,70,,13427,29,,,0,30,,13428,29,,,0,70,,13429,29,,,0,30,,13430,29,,,0,70,,13431,29,,,0,100,,13432,29,,,0,100,,13433,29,,,0,100,,13434,29,,,0,100,,13435,29,,,0
1000601,'244.0.3',543,,15372,15,,,0,70,,15373,15,,,0,30,,15374,15,,,0,70,,15375,15,,,0,30,,15376,15,,,0,70,,15377,15,,,0,30,,15378,15,,,0,70,,15379,15,,,0,15,,15380,15,,,0,30,,15381,15,,,0,70,,15382,15,,,0,30,,15383,15,,,0,70,,15384,15,,,0,30,,15385,15,,,0,70,,15386,15,,,0,30,,15387,15,,,0,70,,15388,15,,,0,30,,15389,15,,,0,70,,15390,15,,,0,30,,15391,15,,,0,55,,15392,15,,,0,30,,15393,15,,,0,70,,15394,15,,,0,30,,15395,15,,,0,70,,15396,15,,,0,30,,15397,15,,,0,70,,15398,15,,,0,30,,15399,15,,,0
2000601,'244.0.1',608,,16367,15,,,0,100,,16368,15,,,0,101,,16369,15,,,0,100,,16370,15,,,0,101,,16371,15,,,0,100,,16372,15,,,0,100,,16373,15,,,0,100,,16374,15,,,0,100,,16375,15,,,0,100,,16376,15,,,0,100,,16377,15,,,0,99,,16378,15,,,0,100,,16379,15,,,0,100,,16380,15,,,0,100,,16381,15,,,0,100,,16382,15,,,0,100,,16383,15,,,0,100,,16384,15,,,0,100,,16385,15,,,0
2000601,'244.0.2',608,,16387,15,,,0,100,,16388,15,,,0,100,,16389,15,,,0,102,,16390,15,,,0,100,,16391,15,,,0,100,,16392,15,,,0,100,,16393,15,,,0,100,,16394,15,,,0,100,,16395,15,,,0,100,,16396,15,,,0,100,,16397,15,,,0,100,,16398,15,,,0,100,,16399,15,,,0,99,,16400,15,,,0,100,,16401,15,,,0,100,,16402,15,,,0,100,,16403,15,,,0,100,,16404,15,,,0,100,,16405,15,,,0
2000601,'244.0.3',549,,16408,15,,,0,70,,16409,15,,,0,31,,16410,15,,,0,70,,16411,15,,,0,30,,16412,15,,,0,70,,16413,15,,,0,31,,16414,15,,,0,65,,16415,15,,,0,100,,16416,15,,,0,100,,16417,15,,,0,100,,16418,15,,,0,100,,16419,15,,,0,100,,16420,15,,,0,104,,16421,15,,,0,30,,16422,15,,,0,70,,16423,15,,,0,30,,16424,15,,,0,69,,16425,15,,,0,30,,16426,15,,,0,70,,16427,15,,,0,100,,16428,15,,,0,100,,16429,15,,,0,100,,16430,15,,,0,99,,16431,15,,,0,100,,16432,15,,,0,100,,16433,15,,,0
3000601,'244.0.1',638,,17381,15,,,0,100,,17382,15,,,0,100,,17383,15,,,0,100,,17384,15,,,0,101,,17385,15,,,0,100,,17386,15,,,0,101,,17387,15,,,0,100,,17388,15,,,0,100,,17389,15,,,0,100,,17390,15,,,0,100,,17391,15,,,0,100,,17392,15,,,0,99,,17393,15,,,0,100,,17394,15,,,0,100,,17395,15,,,0,100,,17396,15,,,0,100,,17397,15,,,0,100,,17398,15,,,0,100,,17399,15,,,0
3000601,'244.0.2',638,,17401,15,,,0,100,,17402,15,,,0,100,,17403,15,,,0,100,,17404,15,,,0,102,,17405,15,,,0,100,,17406,15,,,0,100,,17407,15,,,0,100,,17408,15,,,0,100,,17409,15,,,0,100,,17410,15,,,0,100,,17411,15,,,0,100,,17412,15,,,0,100,,17413,15,,,0,100,,17414,15,,,0,99,,17415,15,,,0,100,,17416,15,,,0,100,,17417,15,,,0,100,,17418,15,,,0,100,,17419,15,,,0
3000601,'244.0.3',604,,17421,15,,,0,30,,17422,15,,,0,70,,17423,15,,,0,31,,17424,15,,,0,70,,17425,15,,,0,30,,17426,15,,,0,70,,17427,15,,,0,40,,17428,15,,,0,100,,17429,15,,,0,100,,17430,15,,,0,101,,17431,15,,,0,100,,17432,15,,,0,100,,17433,15,,,0,89,,17434,15,,,0,70,,17435,15,,,0,30,,17436,15,,,0,70,,17437,15,,,0,30,,17438,15,,,0,69,,17439,15,,,0,30,,17440,15,,,0,116,,17441,15,,,0,100,,17442,15,,,0,100,,17443,15,,,0,99,,17444,15,,,0,100,,17445,15,,,0,100,,17446,15,,,0
