200,'259.0.1',608,,18165,5,,,0,100,,18166,5,,,0,100,,18167,5,,,0,15,,18168,5,,,0,15,,18169,5,,,0,15,,18170,5,,,0,55,,18171,5,,,0,15,,18172,5,,,0,15,,18173,5,,,0,15,,18174,5,,,0,55,,18175,5,,,0,15,,18176,5,,,0,15,,18177,5,,,0,15,,18178,5,,,0,55,,18179,5,,,0,15,,18180,5,,,0,15,,18181,5,,,0,15,,18182,5,,,0,55,,18183,5,,,0,15,,18184,5,,,0,15,,18185,5,,,0,15,,18186,5,,,0,55,,18187,5,,,0,15,,18188,5,,,0,15,,18189,5,,,0,15,,18190,5,,,0,55,,18191,5,,,0,15,,18192,5,,,0,15,,18193,5,,,0,15,,18194,5,,,0,55,,18195,5,,,0,15,,18196,5,,,0,15,,18197,5,,,0,15,,18198,5,,,0,55,,18199,5,,,0,15,,18200,5,,,0,15,,18201,5,,,0,15,,18202,5,,,0,55,,18203,5,,,0,15,,18204,5,,,0,15,,18205,5,,,0,15,,18206,5,,,0,55,,18207,5,,,0,15,,18208,5,,,0,15,,18209,5,,,0,15,,18210,5,,,0,55,,18211,5,,,0,15,,18212,5,,,0,30,,18213,5,,,0,70,,18214,5,,,0,30,,18215,5,,,0,70,,18216,5,,,0,30,,18217,5,,,0,70,,18218,5,,,0,30,,18219,5,,,0,70,,18220,5,,,0,30,,18221,5,,,0,70,,18222,5,,,0
200,'259.0.2',557,,18223,5,,,0,100,,18224,5,,,0,100,,18225,5,,,0,70,,18226,5,,,0,20,,18227,5,,,0,60,,18228,5,,,0,20,,18229,5,,,0,20,,18230,5,,,0,60,,18231,5,,,0,20,,18232,5,,,0,20,,18233,5,,,0,60,,18234,5,,,0,20,,18235,5,,,0,20,,18236,5,,,0,60,,18237,5,,,0,20,,18238,5,,,0,20,,18239,5,,,0,60,,18240,5,,,0,20,,18241,5,,,0,20,,18242,5,,,0,60,,18243,5,,,0,20,,18244,5,,,0,20,,18245,5,,,0,60,,18246,5,,,0,20,,18247,5,,,0,20,,18248,5,,,0,60,,18249,5,,,0,20,,18250,5,,,0,20,,18251,5,,,0,60,,18252,5,,,0,20,,18253,5,,,0,20,,18254,5,,,0,60,,18255,5,,,0,30,,18256,5,,,0,70,,18257,5,,,0,30,,18258,5,,,0,70,,18259,5,,,0,30,,18260,5,,,0,70,,18261,5,,,0,30,,18262,5,,,0,70,,18263,5,,,0,30,,18264,5,,,0,70,,18265,5,,,0,30,,18266,5,,,0,70,,18267,5,,,0
200,'259.0.3',538,,18268,5,,,0,70,,18269,5,,,0,30,,18270,5,,,0,15,,18271,5,,,0,55,,18272,5,,,0,15,,18273,5,,,0,15,,18274,5,,,0,15,,18275,5,,,0,55,,18276,5,,,0,15,,18277,5,,,0,15,,18278,5,,,0,15,,18279,5,,,0,55,,18280,5,,,0,15,,18281,5,,,0,15,,18282,5,,,0,15,,18283,5,,,0,55,,18284,5,,,0,15,,18285,5,,,0,15,,18286,5,,,0,15,,18287,5,,,0,55,,18288,5,,,0,15,,18289,5,,,0,15,,18290,5,,,0,15,,18291,5,,,0,55,,18292,5,,,0,15,,18293,5,,,0,15,,18294,5,,,0,15,,18295,5,,,0,55,,18296,5,,,0,15,,18297,5,,,0,15,,18298,5,,,0,15,,18299,5,,,0,55,,18300,5,,,0,15,,18301,5,,,0,15,,18302,5,,,0,15,,18303,5,,,0,55,,18304,5,,,0,15,,18305,5,,,0,15,,18306,5,,,0,15,,18307,5,,,0,55,,18308,5,,,0,15,,18309,5,,,0,15,,18310,5,,,0,15,,18311,5,,,0,55,,18312,5,,,0,15,,18313,5,,,0,15,,18314,5,,,0,15,,18315,5,,,0,55,,18316,5,,,0,15,,18317,5,,,0,15,,18318,5,,,0,15,,18319,5,,,0,70,,18320,5,,,0,30,,18321,5,,,0,70,,18322,5,,,0,30,,18323,5,,,0,70,,18324,5,,,0,30,,18325,5,,,0,70,,18326,5,,,0,30,,18327,5,,,0,70,,18328,5,,,0,30,,18329,5,,,0,70,,18330,5,,,0
2901,'259.0.1',639,,20636,17,,,0,70,,20637,17,,,0,30,,20638,17,,,0,70,,20639,17,,,0,30,,20640,17,,,0,70,,20641,17,,,0,30,,20642,17,,,0,70,,20643,17,,,0,32,,20644,17,,,0,68,,20645,17,,,0,30,,20646,17,,,0,70,,20647,17,,,0,30,,20648,17,,,0,70,,20649,17,,,0,30,,20650,17,,,0,70,,20651,17,,,0,30,,20652,17,,,0,70,,20653,17,,,0,30,,20654,17,,,0,70,,20655,17,,,0,30,,20656,17,,,0,70,,20657,17,,,0,30,,20658,17,,,0,70,,20659,17,,,0,30,,20660,17,,,0,70,,20661,17,,,0,29,,20662,17,,,0,100,,20663,17,,,0,100,,20664,17,,,0,100,,20665,17,,,0,100,,20666,17,,,0,81,,20667,17,,,0
2901,'259.0.2',637,,20668,17,,,0,70,,20669,17,,,0,30,,20670,17,,,0,70,,20671,17,,,0,30,,20672,17,,,0,70,,20673,17,,,0,30,,20674,17,,,0,71,,20675,17,,,0,29,,20676,17,,,0,70,,20677,17,,,0,30,,20678,17,,,0,70,,20679,17,,,0,30,,20680,17,,,0,70,,20681,17,,,0,30,,20682,17,,,0,70,,20683,17,,,0,30,,20684,17,,,0,70,,20685,17,,,0,30,,20686,17,,,0,70,,20687,17,,,0,30,,20688,17,,,0,70,,20689,17,,,0,30,,20690,17,,,0,70,,20691,17,,,0,30,,20692,17,,,0,99,,20693,17,,,0,100,,20694,17,,,0,100,,20695,17,,,0,100,,20696,17,,,0,100,,20697,17,,,0,83,,20698,17,,,0
2901,'259.0.3',623,,20699,17,,,0,15,,20700,17,,,0,15,,20701,17,,,0,55,,20702,17,,,0,15,,20703,17,,,0,15,,20704,17,,,0,15,,20705,17,,,0,55,,20706,17,,,0,15,,20707,17,,,0,14,,20708,17,,,0,16,,20709,17,,,0,69,,20710,17,,,0,30,,20711,17,,,0,70,,20712,17,,,0,30,,20713,17,,,0,70,,20714,17,,,0,30,,20715,17,,,0,70,,20716,17,,,0,30,,20717,17,,,0,70,,20718,17,,,0,30,,20719,17,,,0,70,,20720,17,,,0,31,,20721,17,,,0,70,,20722,17,,,0,15,,20723,17,,,0,15,,20724,17,,,0,55,,20725,17,,,0,15,,20726,17,,,0,15,,20727,17,,,0,15,,20728,17,,,0,55,,20729,17,,,0,15,,20730,17,,,0,14,,20731,17,,,0,15,,20732,17,,,0,55,,20733,17,,,0,15,,20734,17,,,0,15,,20735,17,,,0,15,,20736,17,,,0,70,,20737,17,,,0,30,,20738,17,,,0,70,,20739,17,,,0,30,,20740,17,,,0,70,,20741,17,,,0,30,,20742,17,,,0,70,,20743,17,,,0,100,,20744,17,,,0,94,,20745,17,,,0
8400,'259.0.1',631,,22782,4,,,0,100,,22783,4,,,0,100,,22784,4,,,0,100,,22785,4,,,0,100,,22786,4,,,0,95,,22787,4,,,0,100,,22788,4,,,0,100,,22789,4,,,0,100,,22790,4,,,0,100,,22791,4,,,0,100,,22792,4,,,0,100,,22793,4,,,0,100,,22794,4,,,0,105,,22795,4,,,0,100,,22796,4,,,0,100,,22797,4,,,0,100,,22798,4,,,0
8400,'259.0.2',636,,22799,4,,,0,100,,22800,4,,,0,100,,22801,4,,,0,100,,22802,4,,,0,100,,22803,4,,,0,95,,22804,4,,,0,100,,22805,4,,,0,100,,22806,4,,,0,100,,22807,4,,,0,100,,22808,4,,,0,105,,22809,4,,,0,100,,22810,4,,,0,100,,22811,4,,,0,100,,22812,4,,,0,100,,22813,4,,,0,100,,22814,4,,,0,100,,22815,4,,,0
8400,'259.0.3',541,,22846,4,,,0,70,,22816,4,,,0,30,,22817,4,,,0,70,,22818,4,,,0,30,,22819,4,,,0,70,,22820,4,,,0,30,,22821,4,,,0,100,,22822,4,,,0,100,,22823,4,,,0,100,,22824,4,,,0,100,,22825,4,,,0,100,,22826,4,,,0,101,,22827,4,,,0,70,,22828,4,,,0,15,,22829,4,,,0,15,,22830,4,,,0,15,,22831,4,,,0,55,,22832,4,,,0,15,,22833,4,,,0,15,,22834,4,,,0,15,,22835,4,,,0,55,,22836,4,,,0,15,,22837,4,,,0,14,,22838,4,,,0,15,,22847,4,,,0,55,,22839,4,,,0,100,,22840,4,,,0,100,,22841,4,,,0,100,,22842,4,,,0,100,,22843,4,,,0,103,,22844,4,,,0,103,,22845,4,,,0
9300,'259.0.3',1519,,23687,4,,,0,26,,23688,4,,,0,76,,23689,4,,,0,23,,23690,4,,,0,79,,23691,4,,,0,22,,23692,4,,,0,73,,23693,4,,,0
