201,'259.0.1',605,,18331,14,,,0,100,,18332,14,,,0,100,,18333,14,,,0,15,,18334,14,,,0,15,,18335,14,,,0,15,,18336,14,,,0,55,,18337,14,,,0,15,,18338,14,,,0,15,,18339,14,,,0,15,,18340,14,,,0,55,,18341,14,,,0,16,,18342,14,,,0,15,,18343,14,,,0,15,,18344,14,,,0,55,,18345,14,,,0,15,,18346,14,,,0,15,,18347,14,,,0,15,,18348,14,,,0,55,,18349,14,,,0,15,,18350,14,,,0,15,,18351,14,,,0,15,,18352,14,,,0,55,,18353,14,,,0,15,,18354,14,,,0,15,,18355,14,,,0,15,,18356,14,,,0,55,,18357,14,,,0,15,,18358,14,,,0,15,,18359,14,,,0,15,,18360,14,,,0,55,,18361,14,,,0,15,,18362,14,,,0,15,,18363,14,,,0,15,,18364,14,,,0,55,,18365,14,,,0,15,,18366,14,,,0,14,,18367,14,,,0,15,,18368,14,,,0,55,,18369,14,,,0,15,,18370,14,,,0,15,,18371,14,,,0,15,,18372,14,,,0,55,,18373,14,,,0,15,,18374,14,,,0,15,,18375,14,,,0,14,,18376,14,,,0,55,,18377,14,,,0,30,,18378,14,,,0,70,,18379,14,,,0,30,,18380,14,,,0,70,,18381,14,,,0,30,,18382,14,,,0,70,,18383,14,,,0,30,,18384,14,,,0,70,,18385,14,,,0,30,,18386,14,,,0,70,,18387,14,,,0,30,,18388,14,,,0
201,'259.0.2',614,,18389,14,,,0,100,,18390,14,,,0,95,,18391,14,,,0,20,,18392,14,,,0,20,,18393,14,,,0,60,,18394,14,,,0,20,,18395,14,,,0,21,,18396,14,,,0,60,,18397,14,,,0,20,,18398,14,,,0,20,,18399,14,,,0,60,,18400,14,,,0,20,,18401,14,,,0,20,,18402,14,,,0,60,,18403,14,,,0,20,,18404,14,,,0,20,,18405,14,,,0,60,,18406,14,,,0,20,,18407,14,,,0,20,,18408,14,,,0,60,,18409,14,,,0,20,,18410,14,,,0,20,,18411,14,,,0,60,,18412,14,,,0,20,,18413,14,,,0,20,,18414,14,,,0,60,,18415,14,,,0,20,,18416,14,,,0,20,,18417,14,,,0,60,,18418,14,,,0,20,,18419,14,,,0,20,,18420,14,,,0,55,,18421,14,,,0,30,,18422,14,,,0,69,,18423,14,,,0,30,,18424,14,,,0,70,,18425,14,,,0,30,,18426,14,,,0,70,,18427,14,,,0,30,,18428,14,,,0,70,,18429,14,,,0,30,,18430,14,,,0,70,,18431,14,,,0,30,,18432,14,,,0,70,,18433,14,,,0
201,'259.0.3',535,,18434,14,,,0,70,,18435,14,,,0,30,,18436,14,,,0,15,,18437,14,,,0,55,,18438,14,,,0,17,,18439,14,,,0,17,,18440,14,,,0,15,,18441,14,,,0,55,,18442,14,,,0,15,,18443,14,,,0,15,,18444,14,,,0,15,,18445,14,,,0,54,,18446,14,,,0,15,,18447,14,,,0,15,,18448,14,,,0,15,,18449,14,,,0,55,,18450,14,,,0,15,,18451,14,,,0,15,,18452,14,,,0,15,,18453,14,,,0,55,,18454,14,,,0,15,,18455,14,,,0,15,,18456,14,,,0,15,,18457,14,,,0,55,,18458,14,,,0,15,,18459,14,,,0,15,,18460,14,,,0,15,,18461,14,,,0,55,,18462,14,,,0,15,,18463,14,,,0,15,,18464,14,,,0,15,,18465,14,,,0,55,,18466,14,,,0,15,,18467,14,,,0,15,,18468,14,,,0,15,,18469,14,,,0,55,,18470,14,,,0,15,,18471,14,,,0,15,,18472,14,,,0,15,,18473,14,,,0,55,,18474,14,,,0,15,,18475,14,,,0,15,,18476,14,,,0,15,,18477,14,,,0,55,,18478,14,,,0,15,,18479,14,,,0,15,,18480,14,,,0,14,,18481,14,,,0,55,,18482,14,,,0,15,,18483,14,,,0,15,,18484,14,,,0,70,,18485,14,,,0,30,,18486,14,,,0,70,,18487,14,,,0,30,,18488,14,,,0,70,,18489,14,,,0,30,,18490,14,,,0,70,,18491,14,,,0,30,,18492,14,,,0,70,,18493,14,,,0,30,,18494,14,,,0,70,,18495,14,,,0,30,,18496,14,,,0
301,'259.0.1',612,,18639,12,,,0,100,,18640,12,,,0,100,,18641,12,,,0,30,,18642,12,,,0,70,,18643,12,,,0,30,,18644,12,,,0,70,,18645,12,,,0,31,,18646,12,,,0,70,,18647,12,,,0,30,,18648,12,,,0,70,,18649,12,,,0,30,,18650,12,,,0,70,,18651,12,,,0,30,,18652,12,,,0,70,,18653,12,,,0,30,,18654,12,,,0,70,,18655,12,,,0,30,,18656,12,,,0,70,,18657,12,,,0,30,,18658,12,,,0,70,,18659,12,,,0,30,,18660,12,,,0,68,,18661,12,,,0,30,,18662,12,,,0,70,,18663,12,,,0,30,,18664,12,,,0,70,,18665,12,,,0,30,,18666,12,,,0,70,,18667,12,,,0,30,,18668,12,,,0,70,,18669,12,,,0,30,,18670,12,,,0,70,,18671,12,,,0,30,,18672,12,,,0,70,,18673,12,,,0,30,,18674,12,,,0
301,'259.0.2',611,,18675,12,,,0,100,,18676,12,,,0,100,,18677,12,,,0,30,,18678,12,,,0,70,,18679,12,,,0,20,,18680,12,,,0,20,,18681,12,,,0,60,,18682,12,,,0,20,,18683,12,,,0,20,,18684,12,,,0,60,,18685,12,,,0,20,,18686,12,,,0,20,,18687,12,,,0,60,,18688,12,,,0,20,,18689,12,,,0,20,,18690,12,,,0,60,,18691,12,,,0,20,,18692,12,,,0,20,,18693,12,,,0,60,,18694,12,,,0,20,,18695,12,,,0,20,,18696,12,,,0,60,,18697,12,,,0,20,,18698,12,,,0,20,,18699,12,,,0,60,,18700,12,,,0,20,,18701,12,,,0,20,,18702,12,,,0,60,,18703,12,,,0,20,,18704,12,,,0,20,,18705,12,,,0,60,,18706,12,,,0,30,,18707,12,,,0,70,,18708,12,,,0,30,,18709,12,,,0,70,,18710,12,,,0,30,,18711,12,,,0,69,,18712,12,,,0,30,,18713,12,,,0,70,,18714,12,,,0,30,,18715,12,,,0,70,,18716,12,,,0,30,,18717,12,,,0,70,,18718,12,,,0
301,'259.0.3',541,,18719,12,,,0,70,,18720,12,,,0,15,,18721,12,,,0,15,,18722,12,,,0,15,,18723,12,,,0,55,,18724,12,,,0,15,,18725,12,,,0,16,,18726,12,,,0,15,,18727,12,,,0,55,,18728,12,,,0,15,,18729,12,,,0,15,,18730,12,,,0,15,,18731,12,,,0,55,,18732,12,,,0,20,,18733,12,,,0,20,,18734,12,,,0,60,,18735,12,,,0,20,,18736,12,,,0,20,,18737,12,,,0,60,,18738,12,,,0,20,,18739,12,,,0,20,,18740,12,,,0,60,,18741,12,,,0,20,,18742,12,,,0,20,,18743,12,,,0,60,,18744,12,,,0,20,,18745,12,,,0,20,,18746,12,,,0,60,,18747,12,,,0,20,,18748,12,,,0,20,,18749,12,,,0,61,,18750,12,,,0,15,,18751,12,,,0,15,,18752,12,,,0,15,,18753,12,,,0,55,,18754,12,,,0,15,,18755,12,,,0,15,,18756,12,,,0,15,,18757,12,,,0,55,,18758,12,,,0,15,,18759,12,,,0,15,,18760,12,,,0,14,,18761,12,,,0,54,,18762,12,,,0,15,,18763,12,,,0,15,,18764,12,,,0,60,,18765,12,,,0,20,,18766,12,,,0,20,,18767,12,,,0,60,,18768,12,,,0,20,,18769,12,,,0,20,,18770,12,,,0,60,,18771,12,,,0,10,,18772,12,,,0,30,,18773,12,,,0,70,,18774,12,,,0,29,,18775,12,,,0,70,,18776,12,,,0,33,,18777,12,,,0,70,,18778,12,,,0,30,,18779,12,,,0
401,'259.0.1',611,,18926,12,,,0,100,,18927,12,,,0,100,,18928,12,,,0,30,,18929,12,,,0,70,,18930,12,,,0,30,,18931,12,,,0,70,,18932,12,,,0,30,,18933,12,,,0,72,,18934,12,,,0,30,,18935,12,,,0,70,,18936,12,,,0,30,,18937,12,,,0,70,,18938,12,,,0,30,,18939,12,,,0,70,,18940,12,,,0,30,,18941,12,,,0,70,,18942,12,,,0,30,,18943,12,,,0,70,,18944,12,,,0,30,,18945,12,,,0,70,,18946,12,,,0,30,,18947,12,,,0,68,,18948,12,,,0,30,,18949,12,,,0,70,,18950,12,,,0,30,,18951,12,,,0,70,,18952,12,,,0,30,,18953,12,,,0,70,,18954,12,,,0,30,,18955,12,,,0,69,,18956,12,,,0,100,,18957,12,,,0,100,,18958,12,,,0
401,'259.0.2',711,,18959,12,,,0,30,,18960,12,,,0,70,,18961,12,,,0,30,,18962,12,,,0,70,,18963,12,,,0,30,,18964,12,,,0,70,,18965,12,,,0,30,,18966,12,,,0,68,,18967,12,,,0,30,,18968,12,,,0,70,,18969,12,,,0,30,,18970,12,,,0,70,,18971,12,,,0,30,,18972,12,,,0,70,,18973,12,,,0,30,,18974,12,,,0,70,,18975,12,,,0,30,,18976,12,,,0,70,,18977,12,,,0,30,,18978,12,,,0,70,,18979,12,,,0,30,,18980,12,,,0,70,,18981,12,,,0,30,,18982,12,,,0,70,,18983,12,,,0,32,,18984,12,,,0,69,,18985,12,,,0,100,,18986,12,,,0,100,,18987,12,,,0,100,,18988,12,,,0,100,,18989,12,,,0
401,'259.0.3',552,,18990,12,,,0,55,,18991,12,,,0,15,,18992,12,,,0,15,,18993,12,,,0,15,,18994,12,,,0,56,,18995,12,,,0,8,,18996,12,,,0,8,,18997,12,,,0,8,,18998,12,,,0,8,,18999,12,,,0,8,,19000,12,,,0,8,,19001,12,,,0,48,,19002,12,,,0,8,,19003,12,,,0,8,,19004,12,,,0,8,,19005,12,,,0,8,,19006,12,,,0,8,,19007,12,,,0,8,,19008,12,,,0,48,,19009,12,,,0,8,,19010,12,,,0,8,,19011,12,,,0,8,,19012,12,,,0,8,,19013,12,,,0,8,,19014,12,,,0,8,,19015,12,,,0,8,,19016,12,,,0,48,,19017,12,,,0,8,,19018,12,,,0,11,,19019,12,,,0,15,,19020,12,,,0,15,,19021,12,,,0,55,,19022,12,,,0,15,,19023,12,,,0,15,,19024,12,,,0,15,,19025,12,,,0,55,,19026,12,,,0,15,,19027,12,,,0,15,,19028,12,,,0,15,,19029,12,,,0,55,,19030,12,,,0,15,,19031,12,,,0,15,,19032,12,,,0,15,,19033,12,,,0,55,,19034,12,,,0,15,,19035,12,,,0,15,,19036,12,,,0,15,,19037,12,,,0,55,,19038,12,,,0,15,,19039,12,,,0,15,,19040,12,,,0,15,,19041,12,,,0,55,,19042,12,,,0,15,,19043,12,,,0,15,,19044,12,,,0,15,,19045,12,,,0,55,,19046,12,,,0,15,,19047,12,,,0,15,,19048,12,,,0,15,,19049,12,,,0,54,,19050,12,,,0,15,,19051,12,,,0,15,,19052,12,,,0,20,,19053,12,,,0,60,,19054,12,,,0,20,,19055,12,,,0,20,,19056,12,,,0,60,,19057,12,,,0,20,,19058,12,,,0,20,,19059,12,,,0,60,,19060,12,,,0,20,,19061,12,,,0,20,,19062,12,,,0,68,,19063,12,,,0,30,,19064,12,,,0,70,,19065,12,,,0,30,,19066,12,,,0,70,,19067,12,,,0,30,,19068,12,,,0
13500,'259.0.3',640,,23740,24,,,0,70,,23741,24,,,0,27,,23742,24,,,0,15,,23743,24,,,0,55,,23744,24,,,0,15,,23745,24,,,0
13500,'259.1141.3',723,,23746,24,,,0
13500,'259.1143.3',723,,23747,24,,,0
13600,'259.0.3',632,,23755,28,,,0,27,,23756,28,,,0,55,,23757,28,,,0,13,,23758,28,,,0,15,,23759,28,,,0,16,,23760,28,,,0,49,,23761,28,,,0,19,,23762,28,,,0
13800,'259.0.3',621,,23783,31,,,0,29,,23784,31,,,0,54,,23785,31,,,0,14,,23786,31,,,0,29,,23787,31,,,0,5,,23788,31,,,0,64,,23789,31,,,0
