801,'259.0.1',554,,19511,50,,,0,70,,19512,50,,,0,30,,19513,50,,,0,70,,19514,50,,,0,30,,19515,50,,,0,73,,19516,50,,,0,30,,19517,50,,,0,70,,19518,50,,,0,31,,19519,50,,,0,74,,19520,50,,,0,70,,19521,50,,,0,30,,19522,50,,,0,70,,19523,50,,,0,30,,19524,50,,,0,71,,19525,50,,,0,31,,19526,50,,,0,70,,19527,50,,,0,30,,19528,50,,,0,70,,19529,50,,,0,30,,19530,50,,,0,70,,19531,50,,,0,30,,19532,50,,,0,70,,19533,50,,,0,30,,19534,50,,,0,68,,19535,50,,,0,29,,19536,50,,,0,70,,19537,50,,,0,29,,19538,50,,,0,25,,19539,50,,,0,69,,19540,50,,,0,30,,19541,50,,,0,70,,19542,50,,,0,30,,19543,50,,,0,70,,19544,50,,,0,30,,19545,50,,,0,70,,19546,50,,,0,30,,19547,50,,,0,100,,19548,50,,,0
801,'259.0.2',558,,19549,50,,,0,70,,19550,50,,,0,30,,19551,50,,,0,70,,19552,50,,,0,30,,19553,50,,,0,70,,19554,50,,,0,30,,19555,50,,,0,75,,19556,50,,,0,70,,19557,50,,,0,30,,19558,50,,,0,71,,19559,50,,,0,30,,19560,50,,,0,70,,19561,50,,,0,30,,19562,50,,,0,70,,19563,50,,,0,30,,19564,50,,,0,70,,19565,50,,,0,30,,19566,50,,,0,70,,19567,50,,,0,30,,19568,50,,,0,70,,19569,50,,,0,30,,19570,50,,,0,70,,19571,50,,,0,30,,19572,50,,,0,69,,19573,50,,,0,28,,19574,50,,,0,70,,19575,50,,,0,30,,19576,50,,,0,70,,19577,50,,,0,30,,19578,50,,,0,70,,19579,50,,,0,27,,19580,50,,,0,30,,19581,50,,,0,70,,19582,50,,,0,100,,19583,50,,,0,100,,19584,50,,,0
801,'259.0.3',544,,19585,50,,,0,70,,19586,50,,,0,30,,19587,50,,,0,60,,19588,50,,,0,24,,19589,50,,,0,20,,19590,50,,,0,60,,19591,50,,,0,20,,19592,50,,,0,20,,19593,50,,,0,60,,19594,50,,,0,17,,19595,50,,,0,20,,19596,50,,,0,60,,19597,50,,,0,20,,19598,50,,,0,20,,19599,50,,,0,60,,19600,50,,,0,20,,19601,50,,,0,20,,19602,50,,,0,60,,19603,50,,,0,20,,19604,50,,,0,20,,19605,50,,,0,60,,19606,50,,,0,20,,19607,50,,,0,20,,19608,50,,,0,60,,19609,50,,,0,20,,19610,50,,,0,20,,19611,50,,,0,60,,19612,50,,,0,23,,19613,50,,,0,73,,19614,50,,,0,30,,19615,50,,,0,70,,19616,50,,,0,30,,19617,50,,,0,69,,19618,50,,,0,25,,19619,50,,,0,28,,19620,50,,,0,70,,19621,50,,,0,30,,19622,50,,,0,70,,19623,50,,,0,30,,19624,50,,,0,67,,19625,50,,,0,29,,19626,50,,,0,70,,19627,50,,,0,30,,19628,50,,,0,70,,19629,50,,,0,30,,19630,50,,,0,70,,19631,50,,,0,30,,19632,50,,,0
3900,'259.0.1',616,,20746,26,,,0,30,,20747,26,,,0,70,,20748,26,,,0,30,,20749,26,,,0,70,,20750,26,,,0,30,,20751,26,,,0,70,,20752,26,,,0,30,,20753,26,,,0,70,,20754,26,,,0,31,,20755,26,,,0,70,,20756,26,,,0,30,,20757,26,,,0,70,,20758,26,,,0,30,,20759,26,,,0,70,,20760,26,,,0,30,,20761,26,,,0,70,,20762,26,,,0,30,,20763,26,,,0,70,,20764,26,,,0,30,,20765,26,,,0,70,,20766,26,,,0,30,,20767,26,,,0,70,,20768,26,,,0,30,,20769,26,,,0,70,,20770,26,,,0,30,,20771,26,,,0,70,,20772,26,,,0,30,,20773,26,,,0,70,,20774,26,,,0,30,,20775,26,,,0,70,,20776,26,,,0,30,,20777,26,,,0,70,,20778,26,,,0,30,,20779,26,,,0,70,,20780,26,,,0
3900,'259.0.2',617,,20781,26,,,0,100,,20782,26,,,0,100,,20783,26,,,0,100,,20784,26,,,0,100,,20785,26,,,0,100,,20786,26,,,0,101,,20787,26,,,0,100,,20788,26,,,0,100,,20789,26,,,0,100,,20790,26,,,0,100,,20791,26,,,0,100,,20792,26,,,0,100,,20793,26,,,0,100,,20794,26,,,0,100,,20795,26,,,0,100,,20796,26,,,0
3900,'259.0.3',620,,20797,26,,,0,30,,20798,26,,,0,71,,20799,26,,,0,31,,20800,26,,,0,70,,20801,26,,,0,30,,20802,26,,,0,68,,20803,26,,,0,30,,20804,26,,,0,70,,20805,26,,,0,30,,20806,26,,,0,70,,20807,26,,,0,30,,20808,26,,,0,70,,20809,26,,,0,30,,20810,26,,,0,70,,20811,26,,,0,30,,20812,26,,,0,70,,20813,26,,,0,30,,20814,26,,,0,72,,20815,26,,,0,30,,20816,26,,,0,70,,20817,26,,,0,30,,20818,26,,,0,70,,20819,26,,,0,30,,20820,26,,,0,68,,20821,26,,,0,30,,20822,26,,,0,100,,20823,26,,,0,100,,20824,26,,,0,100,,20825,26,,,0,100,,20826,26,,,0
9001,'259.0.1',618,,23481,35,,,0,30,,23482,35,,,0,70,,23483,35,,,0,25,,23484,35,,,0,70,,23485,35,,,0,30,,23486,35,,,0,70,,23487,35,,,0,25,,23488,35,,,0,71,,23489,35,,,0,31,,23490,35,,,0,70,,23491,35,,,0,30,,23492,35,,,0,70,,23493,35,,,0,30,,23494,35,,,0,70,,23495,35,,,0,30,,23496,35,,,0,70,,23497,35,,,0,30,,23498,35,,,0,70,,23499,35,,,0,30,,23500,35,,,0,70,,23501,35,,,0,30,,23502,35,,,0,70,,23503,35,,,0,35,,23504,35,,,0,68,,23505,35,,,0,29,,23506,35,,,0,70,,23507,35,,,0,30,,23508,35,,,0,70,,23509,35,,,0,100,,23510,35,,,0,100,,23511,35,,,0,100,,23512,35,,,0,100,,23513,35,,,0
9001,'259.0.2',605,,23514,35,,,0,100,,23515,35,,,0,100,,23516,35,,,0,100,,23517,35,,,0,96,,23518,35,,,0,102,,23519,35,,,0,100,,23520,35,,,0,102,,23521,35,,,0,100,,23522,35,,,0,98,,23523,35,,,0,100,,23524,35,,,0,100,,23525,35,,,0,98,,23526,35,,,0,103,,23527,35,,,0,105,,23528,35,,,0,98,,23529,35,,,0,100,,23530,35,,,0,99,,23531,35,,,0
9001,'259.0.3',550,,23532,35,,,0,70,,23533,35,,,0,30,,23534,35,,,0,62,,23566,35,,,0,13,,23535,35,,,0,15,,23567,35,,,0,10,,23536,35,,,0,55,,23568,35,,,0,15,,23537,35,,,0,16,,23569,35,,,0,11,,23538,35,,,0,55,,23570,35,,,0,15,,23539,35,,,0,30,,23540,35,,,0,65,,23541,35,,,0,30,,23542,35,,,0,70,,23543,35,,,0,30,,23544,35,,,0,70,,23545,35,,,0,30,,23546,35,,,0,70,,23547,35,,,0,30,,23548,35,,,0,70,,23549,35,,,0,30,,23550,35,,,0,70,,23551,35,,,0,33,,23552,35,,,0,61,,23571,35,,,0,22,,23553,35,,,0,8,,23572,35,,,0,65,,23554,35,,,0,15,,23573,35,,,0,15,,23555,35,,,0,15,,23574,35,,,0,12,,23556,35,,,0,53,,23575,35,,,0,13,,23557,35,,,0,12,,23576,35,,,0,13,,23558,35,,,0,52,,23577,35,,,0,13,,23559,35,,,0,30,,23560,35,,,0,69,,23561,35,,,0,30,,23562,35,,,0,100,,23563,35,,,0,100,,23564,35,,,0,100,,23565,35,,,0
9101,'259.0.1',812,,23632,39,,,0,100,,23633,39,,,0,101,,23634,39,,,0,100,,23635,39,,,0,100,,23636,39,,,0,100,,23637,39,,,0,100,,23638,39,,,0,100,,23639,39,,,0,100,,23640,39,,,0,100,,23641,39,,,0,100,,23642,39,,,0,99,,23643,39,,,0,100,,23644,39,,,0,100,,23645,39,,,0,100,,23646,39,,,0,100,,23647,39,,,0
9101,'259.0.2',841,,23648,39,,,0,100,,23649,39,,,0,101,,23650,39,,,0,100,,23651,39,,,0,100,,23652,39,,,0,100,,23653,39,,,0,100,,23654,39,,,0,100,,23655,39,,,0,100,,23656,39,,,0,99,,23657,39,,,0,100,,23658,39,,,0,100,,23659,39,,,0,100,,23660,39,,,0,100,,23661,39,,,0,100,,23662,39,,,0
9101,'259.0.3',615,,23663,39,,,0,30,,23664,39,,,0,77,,23665,39,,,0,24,,23666,39,,,0,70,,23667,39,,,0,37,,23668,39,,,0,67,,23669,39,,,0,29,,23670,39,,,0,100,,23671,39,,,0,103,,23672,39,,,0,100,,23673,39,,,0,99,,23674,39,,,0,149,,23675,39,,,0,101,,23676,39,,,0,31,,23677,39,,,0,70,,23678,39,,,0,32,,23679,39,,,0,70,,23680,39,,,0,23,,23681,39,,,0,94,,23682,39,,,0,100,,23683,39,,,0,100,,23684,39,,,0,100,,23685,39,,,0,100,,23686,39,,,0
9301,'259.0.3',621,,23694,36,,,0,30,,23695,36,,,0,71,,23696,36,,,0,30,,23697,36,,,0,71,,23698,36,,,0,30,,23699,36,,,0
