5600,'244.0.1',612,,12468,12,,,0,30,,12469,12,,,0,70,,12470,12,,,0,30,,12471,12,,,0,70,,12472,12,,,0,30,,12473,12,,,0,70,,12474,12,,,0,30,,12475,12,,,0,71,,12476,12,,,0,29,,12477,12,,,0,70,,12478,12,,,0,30,,12479,12,,,0,70,,12480,12,,,0,30,,12481,12,,,0,70,,12482,12,,,0,30,,12483,12,,,0,70,,12484,12,,,0,30,,12485,12,,,0,70,,12486,12,,,0,30,,12487,12,,,0,70,,12488,12,,,0,30,,12489,12,,,0,70,,12490,12,,,0,30,,12491,12,,,0,70,,12492,12,,,0,31,,12493,12,,,0,70,,12494,12,,,0,30,,12495,12,,,0,70,,12496,12,,,0,30,,12497,12,,,0,70,,12498,12,,,0,30,,12499,12,,,0,70,,12500,12,,,0,30,,12501,12,,,0,70,,12502,12,,,0,30,,12503,12,,,0
5600,'244.0.2',712,,12504,12,,,0,30,,12505,12,,,0,70,,12506,12,,,0,30,,12507,12,,,0,70,,12508,12,,,0,30,,12509,12,,,0,71,,12510,12,,,0,30,,12511,12,,,0,70,,12512,12,,,0,30,,12513,12,,,0,70,,12514,12,,,0,30,,12515,12,,,0,70,,12516,12,,,0,30,,12517,12,,,0,70,,12518,12,,,0,30,,12519,12,,,0,70,,12520,12,,,0,30,,12521,12,,,0,70,,12522,12,,,0,30,,12523,12,,,0,70,,12524,12,,,0,30,,12525,12,,,0,70,,12526,12,,,0,30,,12527,12,,,0,69,,12528,12,,,0,30,,12529,12,,,0,70,,12530,12,,,0,30,,12531,12,,,0,70,,12532,12,,,0,30,,12533,12,,,0,70,,12534,12,,,0
5600,'244.0.3',613,,12535,12,,,0,30,,12536,12,,,0,70,,12537,12,,,0,30,,12538,12,,,0,70,,12539,12,,,0,30,,12540,12,,,0,70,,12541,12,,,0,30,,12542,12,,,0,70,,12543,12,,,0,30,,12544,12,,,0,70,,12545,12,,,0,30,,12546,12,,,0,70,,12547,12,,,0,30,,12548,12,,,0,70,,12549,12,,,0,30,,12550,12,,,0,70,,12551,12,,,0,30,,12552,12,,,0,70,,12553,12,,,0,30,,12554,12,,,0,70,,12555,12,,,0,30,,12556,12,,,0,70,,12557,12,,,0,30,,12558,12,,,0,70,,12559,12,,,0,30,,12560,12,,,0,70,,12561,12,,,0,30,,12562,12,,,0,70,,12563,12,,,0,30,,12564,12,,,0,70,,12565,12,,,0,30,,12566,12,,,0,70,,12567,12,,,0,30,,12568,12,,,0,70,,12569,12,,,0,30,,12570,12,,,0
7200,'244.0.1',622,,13598,20,,,0,30,,13599,20,,,0,70,,13600,20,,,0,30,,13601,20,,,0,70,,13602,20,,,0,30,,13603,20,,,0,70,,13604,20,,,0,30,,13605,20,,,0,70,,13606,20,,,0,33,,13607,20,,,0,70,,13608,20,,,0,30,,13609,20,,,0,70,,13610,20,,,0,30,,13611,20,,,0,70,,13612,20,,,0,30,,13613,20,,,0,70,,13614,20,,,0,30,,13615,20,,,0,70,,13616,20,,,0,30,,13617,20,,,0,70,,13618,20,,,0,30,,13619,20,,,0,70,,13620,20,,,0,27,,13621,20,,,0,70,,13622,20,,,0,100,,13623,20,,,0,100,,13624,20,,,0,100,,13625,20,,,0,100,,13626,20,,,0,100,,13627,20,,,0
7200,'244.0.2',722,,13628,20,,,0,100,,13629,20,,,0,100,,13630,20,,,0,100,,13631,20,,,0,103,,13632,20,,,0,100,,13633,20,,,0,100,,13634,20,,,0,100,,13635,20,,,0,100,,13636,20,,,0,100,,13637,20,,,0,100,,13638,20,,,0,100,,13639,20,,,0,96,,13640,20,,,0,100,,13641,20,,,0,100,,13642,20,,,0,100,,13643,20,,,0
7200,'244.0.3',623,,13644,20,,,0,30,,13645,20,,,0,70,,13646,20,,,0,31,,13647,20,,,0,70,,13648,20,,,0,30,,13649,20,,,0,68,,13650,20,,,0,30,,13651,20,,,0,70,,13652,20,,,0,30,,13653,20,,,0,70,,13654,20,,,0,30,,13655,20,,,0,70,,13656,20,,,0,30,,13657,20,,,0,70,,13658,20,,,0,30,,13659,20,,,0,70,,13660,20,,,0,31,,13661,20,,,0,70,,13662,20,,,0,30,,13663,20,,,0,70,,13664,20,,,0,30,,13665,20,,,0,70,,13666,20,,,0,30,,13667,20,,,0,69,,13668,20,,,0,30,,13669,20,,,0,70,,13670,20,,,0,100,,13671,20,,,0,100,,13672,20,,,0,100,,13673,20,,,0,100,,13674,20,,,0
2001001,'244.0.1',639,,16998,3,,,0,94,,16999,3,,,0,87,,17000,3,,,0,30,,17001,3,,,0,70,,17002,3,,,0,31,,17003,3,,,0,73,,17004,3,,,0,30,,17005,3,,,0,70,,17006,3,,,0,32,,17007,3,,,0,73,,17008,3,,,0,72,,17009,3,,,0,30,,17010,3,,,0,70,,17011,3,,,0,30,,17012,3,,,0,70,,17013,3,,,0,30,,17014,3,,,0,70,,17015,3,,,0,30,,17016,3,,,0,70,,17017,3,,,0,30,,17018,3,,,0,70,,17019,3,,,0,30,,17020,3,,,0,28,,17021,3,,,0,67,,17022,3,,,0,30,,17023,3,,,0,70,,17024,3,,,0,100,,17025,3,,,0,100,,17026,3,,,0,100,,17027,3,,,0,100,,17028,3,,,0
2001001,'244.0.2',634,,17029,3,,,0,92,,17030,3,,,0,90,,17031,3,,,0,32,,17032,3,,,0,70,,17033,3,,,0,30,,17034,3,,,0,72,,17035,3,,,0,32,,17036,3,,,0,71,,17037,3,,,0,30,,17038,3,,,0,70,,17039,3,,,0,30,,17040,3,,,0,70,,17041,3,,,0,30,,17042,3,,,0,72,,17043,3,,,0,31,,17044,3,,,0,70,,17045,3,,,0,30,,17046,3,,,0,70,,17047,3,,,0,29,,17048,3,,,0,70,,17049,3,,,0,30,,17050,3,,,0,70,,17051,3,,,0,102,,17052,3,,,0,100,,17053,3,,,0,100,,17054,3,,,0,100,,17055,3,,,0,100,,17056,3,,,0,100,,17057,3,,,0
2001001,'244.0.3',548,,17058,3,,,0,70,,17059,3,,,0,22,,17060,3,,,0,19,,17061,3,,,0,62,,17096,3,,,0,20,,17062,3,,,0,60,,17063,3,,,0,20,,17064,3,,,0,21,,17065,3,,,0,94,,17066,3,,,0,20,,17067,3,,,0,64,,17068,3,,,0,29,,17069,3,,,0,70,,17070,3,,,0,30,,17071,3,,,0,70,,17072,3,,,0,30,,17073,3,,,0,70,,17074,3,,,0,39,,17075,3,,,0,61,,17076,3,,,0,24,,17077,3,,,0,15,,17078,3,,,0,61,,17079,3,,,0,20,,17080,3,,,0,20,,17081,3,,,0,61,,17082,3,,,0,24,,17083,3,,,0,65,,17084,3,,,0,21,,17085,3,,,0,20,,17086,3,,,0,9,,17087,3,,,0,60,,17088,3,,,0,30,,17089,3,,,0,69,,17090,3,,,0,32,,17091,3,,,0,70,,17092,3,,,0,30,,17093,3,,,0,70,,17094,3,,,0,30,,17095,3,,,0
3001001,'244.0.1',609,,17558,11,,,0,94,,17559,11,,,0,100,,17560,11,,,0,32,,17561,11,,,0,70,,17562,11,,,0,30,,17563,11,,,0,70,,17564,11,,,0,34,,17565,11,,,0,70,,17566,11,,,0,31,,17567,11,,,0,72,,17568,11,,,0,34,,17569,11,,,0,70,,17570,11,,,0,30,,17571,11,,,0,70,,17572,11,,,0,30,,17573,11,,,0,70,,17574,11,,,0,30,,17575,11,,,0,70,,17576,11,,,0,30,,17577,11,,,0,70,,17578,11,,,0,30,,17579,11,,,0,70,,17580,11,,,0,30,,17581,11,,,0,66,,17582,11,,,0,28,,17583,11,,,0,70,,17584,11,,,0,100,,17585,11,,,0,96,,17586,11,,,0,96,,17587,11,,,0,100,,17588,11,,,0
3001001,'244.0.2',609,,17590,11,,,0,50,,17591,11,,,0,100,,17592,11,,,0,70,,17593,11,,,0,30,,17594,11,,,0,70,,17595,11,,,0,30,,17596,11,,,0,73,,17597,11,,,0,74,,17598,11,,,0,30,,17599,11,,,0,70,,17600,11,,,0,30,,17601,11,,,0,71,,17602,11,,,0,30,,17603,11,,,0,70,,17604,11,,,0,30,,17605,11,,,0,73,,17606,11,,,0,30,,17607,11,,,0,70,,17608,11,,,0,30,,17609,11,,,0,70,,17610,11,,,0,30,,17611,11,,,0,70,,17612,11,,,0,30,,17613,11,,,0,68,,17614,11,,,0,100,,17615,11,,,0,94,,17616,11,,,0,100,,17617,11,,,0,100,,17618,11,,,0
3001001,'244.0.3',533,,17620,11,,,0,70,,17621,11,,,0,30,,17622,11,,,0,21,,17623,11,,,0,62,,17624,11,,,0,20,,17625,11,,,0,18,,17626,11,,,0,59,,17627,11,,,0,20,,17628,11,,,0,20,,17629,11,,,0,73,,17630,11,,,0,20,,17631,11,,,0,60,,17632,11,,,0,28,,17633,11,,,0,70,,17634,11,,,0,30,,17635,11,,,0,70,,17636,11,,,0,30,,17637,11,,,0,70,,17638,11,,,0,30,,17639,11,,,0,70,,17640,11,,,0,30,,17641,11,,,0,70,,17642,11,,,0,21,,17643,11,,,0,20,,17644,11,,,0,60,,17645,11,,,0,21,,17646,11,,,0,27,,17647,11,,,0,63,,17648,11,,,0,20,,17649,11,,,0,20,,17650,11,,,0,58,,17651,11,,,0,16,,17652,11,,,0,17,,17653,11,,,0,54,,17654,11,,,0,14,,17655,11,,,0,19,,17656,11,,,0,79,,17657,11,,,0,30,,17658,11,,,0,70,,17659,11,,,0,30,,17660,11,,,0,70,,17661,11,,,0,27,,17662,11,,,0,65,,17663,11,,,0
