200,'244.0.1',641,,9338,41,,,0,100,,9339,41,,,0,100,,9340,41,,,0,15,,9341,41,,,0,55,,9342,41,,,0,15,,9343,41,,,0,15,,9344,41,,,0,15,,9345,41,,,0,55,,9346,41,,,0,15,,9347,41,,,0,15,,9348,41,,,0,16,,9349,41,,,0,56,,9350,41,,,0,16,,9351,41,,,0,15,,9352,41,,,0,15,,9353,41,,,0,55,,9354,41,,,0,15,,9355,41,,,0,15,,9356,41,,,0,15,,9357,41,,,0,55,,9358,41,,,0,15,,9359,41,,,0,15,,9360,41,,,0,15,,9361,41,,,0,55,,9362,41,,,0,15,,9363,41,,,0,15,,9364,41,,,0,15,,9365,41,,,0,55,,9366,41,,,0,15,,9367,41,,,0,15,,9368,41,,,0,15,,9369,41,,,0,55,,9370,41,,,0,15,,9371,41,,,0,15,,9372,41,,,0,15,,9373,41,,,0,55,,9374,41,,,0,15,,9375,41,,,0,15,,9376,41,,,0,15,,9377,41,,,0,55,,9378,41,,,0,15,,9379,41,,,0,15,,9380,41,,,0,15,,9381,41,,,0,55,,9382,41,,,0,15,,9383,41,,,0,15,,9384,41,,,0,15,,9385,41,,,0,70,,9386,41,,,0,30,,9387,41,,,0,68,,9388,41,,,0,29,,9389,41,,,0,70,,9390,41,,,0,30,,9391,41,,,0,70,,9392,41,,,0,30,,9393,41,,,0,70,,9394,41,,,0,30,,9395,41,,,0
200,'244.0.2',627,,9396,41,,,0,100,,9397,41,,,0,100,,9398,41,,,0,30,,9399,41,,,0,60,,9400,41,,,0,20,,9401,41,,,0,20,,9402,41,,,0,62,,9403,41,,,0,18,,9404,41,,,0,22,,9405,41,,,0,64,,9406,41,,,0,20,,9407,41,,,0,60,,9408,41,,,0,20,,9409,41,,,0,20,,9410,41,,,0,60,,9411,41,,,0,20,,9412,41,,,0,20,,9413,41,,,0,60,,9414,41,,,0,20,,9415,41,,,0,20,,9416,41,,,0,60,,9417,41,,,0,20,,9418,41,,,0,20,,9419,41,,,0,60,,9420,41,,,0,20,,9421,41,,,0,20,,9422,41,,,0,60,,9423,41,,,0,20,,9424,41,,,0,20,,9425,41,,,0,60,,9426,41,,,0,20,,9427,41,,,0,20,,9428,41,,,0,63,,9429,41,,,0,30,,9430,41,,,0,70,,9431,41,,,0,30,,9432,41,,,0,70,,9433,41,,,0,30,,9434,41,,,0,70,,9435,41,,,0,30,,9436,41,,,0,70,,9437,41,,,0,30,,9438,41,,,0,70,,9439,41,,,0,30,,9440,41,,,0
200,'244.0.3',609,,9441,41,,,0,30,,9442,41,,,0,70,,9443,41,,,0,15,,9444,41,,,0,17,,9445,41,,,0,59,,9446,41,,,0,17,,9447,41,,,0,15,,9448,41,,,0,15,,9449,41,,,0,55,,9450,41,,,0,14,,9451,41,,,0,13,,9452,41,,,0,14,,9453,41,,,0,15,,9454,41,,,0,55,,9455,41,,,0,15,,9456,41,,,0,15,,9457,41,,,0,15,,9458,41,,,0,55,,9459,41,,,0,15,,9460,41,,,0,15,,9461,41,,,0,15,,9462,41,,,0,56,,9463,41,,,0,17,,9464,41,,,0,17,,9465,41,,,0,55,,9466,41,,,0,15,,9467,41,,,0,15,,9468,41,,,0,15,,9469,41,,,0,55,,9470,41,,,0,15,,9471,41,,,0,15,,9472,41,,,0,15,,9473,41,,,0,55,,9474,41,,,0,15,,9475,41,,,0,15,,9476,41,,,0,19,,9477,41,,,0,57,,9478,41,,,0,15,,9479,41,,,0,15,,9480,41,,,0,15,,9481,41,,,0,55,,9482,41,,,0,15,,9483,41,,,0,15,,9484,41,,,0,15,,9485,41,,,0,53,,9486,41,,,0,10,,9487,41,,,0,11,,9488,41,,,0,15,,9489,41,,,0,15,,9490,41,,,0,55,,9491,41,,,0,15,,9492,41,,,0,30,,9493,41,,,0,70,,9494,41,,,0,30,,9495,41,,,0,70,,9496,41,,,0,30,,9497,41,,,0,70,,9498,41,,,0,30,,9499,41,,,0,70,,9500,41,,,0,30,,9501,41,,,0,70,,9502,41,,,0,30,,9503,41,,,0
300,'244.0.1',708,,9670,61,,,0,100,,9671,61,,,0,100,,9672,61,,,0,30,,9673,61,,,0,70,,9674,61,,,0,30,,9675,61,,,0,70,,9676,61,,,0,30,,9677,61,,,0,72,,9678,61,,,0,32,,9679,61,,,0,70,,9680,61,,,0,30,,9681,61,,,0,70,,9682,61,,,0,30,,9683,61,,,0,70,,9684,61,,,0,30,,9685,61,,,0,70,,9686,61,,,0,30,,9687,61,,,0,70,,9688,61,,,0,30,,9689,61,,,0,70,,9690,61,,,0,30,,9691,61,,,0,68,,9692,61,,,0,26,,9693,61,,,0,69,,9694,61,,,0,30,,9695,61,,,0,70,,9696,61,,,0,30,,9697,61,,,0,70,,9698,61,,,0,30,,9699,61,,,0,70,,9700,61,,,0,30,,9701,61,,,0,70,,9702,61,,,0,30,,9703,61,,,0,70,,9704,61,,,0,20,,9705,61,,,0
300,'244.0.2',648,,9706,61,,,0,100,,9707,61,,,0,100,,9708,61,,,0,70,,9709,61,,,0,30,,9710,61,,,0,67,,9711,61,,,0,20,,9712,61,,,0,20,,9713,61,,,0,63,,9714,61,,,0,24,,9715,61,,,0,60,,9716,61,,,0,20,,9717,61,,,0,20,,9718,61,,,0,60,,9719,61,,,0,20,,9720,61,,,0,20,,9721,61,,,0,60,,9722,61,,,0,20,,9723,61,,,0,20,,9724,61,,,0,60,,9725,61,,,0,20,,9726,61,,,0,20,,9727,61,,,0,60,,9728,61,,,0,20,,9729,61,,,0,20,,9730,61,,,0,60,,9731,61,,,0,20,,9732,61,,,0,20,,9733,61,,,0,59,,9734,61,,,0,16,,9735,61,,,0,17,,9736,61,,,0,19,,9737,61,,,0,70,,9738,61,,,0,30,,9739,61,,,0,70,,9740,61,,,0,30,,9741,61,,,0,70,,9742,61,,,0,30,,9743,61,,,0,70,,9744,61,,,0,23,,9745,61,,,0,70,,9746,61,,,0,30,,9747,61,,,0,70,,9748,61,,,0,30,,9749,61,,,0
300,'244.0.3',623,,9750,61,,,0,30,,9751,61,,,0,55,,9752,61,,,0,15,,9753,61,,,0,17,,9754,61,,,0,60,,9755,61,,,0,17,,9756,61,,,0,19,,9757,61,,,0,14,,9758,61,,,0,53,,9759,61,,,0,14,,9760,61,,,0,15,,9761,61,,,0,15,,9762,61,,,0,55,,9763,61,,,0,20,,9764,61,,,0,20,,9765,61,,,0,60,,9766,61,,,0,20,,9767,61,,,0,20,,9768,61,,,0,60,,9769,61,,,0,20,,9770,61,,,0,20,,9771,61,,,0,60,,9772,61,,,0,20,,9773,61,,,0,20,,9774,61,,,0,60,,9775,61,,,0,20,,9776,61,,,0,20,,9777,61,,,0,60,,9778,61,,,0,20,,9779,61,,,0,20,,9780,61,,,0,13,,9781,61,,,0,53,,9782,61,,,0,21,,9783,61,,,0,15,,9784,61,,,0,15,,9785,61,,,0,55,,9786,61,,,0,15,,9787,61,,,0,14,,9788,61,,,0,12,,9789,61,,,0,53,,9790,61,,,0,13,,9791,61,,,0,13,,9792,61,,,0,13,,9793,61,,,0,55,,9794,61,,,0,12,,9795,61,,,0,7,,9796,61,,,0,17,,9797,61,,,0,20,,9798,61,,,0,60,,9799,61,,,0,20,,9800,61,,,0,20,,9801,61,,,0,60,,9802,61,,,0,20,,9803,61,,,0,10,,9804,61,,,0,70,,9805,61,,,0,30,,9806,61,,,0,70,,9807,61,,,0,30,,9808,61,,,0,70,,9809,61,,,0,30,,9810,61,,,0,70,,9811,61,,,0
400,'244.0.1',621,,9953,39,,,0,100,,9954,39,,,0,100,,9955,39,,,0,30,,9956,39,,,0,70,,9957,39,,,0,33,,9958,39,,,0,72,,9959,39,,,0,30,,9960,39,,,0,70,,9961,39,,,0,30,,9962,39,,,0,70,,9963,39,,,0,30,,9964,39,,,0,70,,9965,39,,,0,30,,9966,39,,,0,70,,9967,39,,,0,30,,9968,39,,,0,70,,9969,39,,,0,30,,9970,39,,,0,70,,9971,39,,,0,30,,9972,39,,,0,70,,9973,39,,,0,30,,9974,39,,,0,70,,9975,39,,,0,30,,9976,39,,,0,70,,9977,39,,,0,30,,9978,39,,,0,70,,9979,39,,,0,30,,9980,39,,,0,67,,9981,39,,,0,28,,9982,39,,,0,70,,9983,39,,,0,100,,9984,39,,,0,100,,9985,39,,,0
400,'244.0.2',715,,9986,39,,,0,30,,9987,39,,,0,70,,9988,39,,,0,30,,9989,39,,,0,70,,9990,39,,,0,30,,9991,39,,,0,70,,9992,39,,,0,30,,9993,39,,,0,70,,9994,39,,,0,33,,9995,39,,,0,72,,9996,39,,,0,30,,9997,39,,,0,70,,9998,39,,,0,30,,9999,39,,,0,70,,10000,39,,,0,30,,10001,39,,,0,70,,10002,39,,,0,30,,10003,39,,,0,70,,10004,39,,,0,30,,10005,39,,,0,70,,10006,39,,,0,30,,10007,39,,,0,68,,10008,39,,,0,28,,10009,39,,,0,70,,10010,39,,,0,30,,10011,39,,,0,70,,10012,39,,,0,100,,10013,39,,,0,100,,10014,39,,,0,100,,10015,39,,,0,100,,10016,39,,,0
400,'244.0.3',631,,10017,39,,,0,20,,10018,39,,,0,60,,10019,39,,,0,20,,10020,39,,,0,17,,10021,39,,,0,58,,10022,39,,,0,15,,10023,39,,,0,15,,10024,39,,,0,15,,10025,39,,,0,55,,10026,39,,,0,15,,10027,39,,,0,15,,10028,39,,,0,15,,10029,39,,,0,55,,10030,39,,,0,15,,10031,39,,,0,15,,10032,39,,,0,15,,10033,39,,,0,55,,10034,39,,,0,15,,10035,39,,,0,15,,10036,39,,,0,15,,10037,39,,,0,57,,10038,39,,,0,15,,10039,39,,,0,15,,10040,39,,,0,15,,10041,39,,,0,55,,10042,39,,,0,15,,10043,39,,,0,15,,10044,39,,,0,10,,10045,39,,,0,10,,10046,39,,,0,50,,10047,39,,,0,10,,10048,39,,,0,10,,10049,39,,,0,10,,10050,39,,,0,8,,10051,39,,,0,8,,10052,39,,,0,49,,10053,39,,,0,11,,10054,39,,,0,9,,10055,39,,,0,8,,10056,39,,,0,9,,10057,39,,,0,8,,10058,39,,,0,8,,10059,39,,,0,48,,10060,39,,,0,8,,10061,39,,,0,8,,10062,39,,,0,8,,10063,39,,,0,8,,10064,39,,,0,8,,10065,39,,,0,8,,10066,39,,,0,48,,10067,39,,,0,8,,10068,39,,,0,8,,10069,39,,,0,8,,10070,39,,,0,16,,10071,39,,,0,8,,10072,39,,,0,8,,10073,39,,,0,47,,10074,39,,,0,6,,10075,39,,,0,6,,10076,39,,,0,8,,10077,39,,,0,13,,10078,39,,,0,15,,10079,39,,,0,55,,10080,39,,,0,20,,10081,39,,,0,20,,10082,39,,,0,60,,10083,39,,,0,20,,10084,39,,,0,20,,10085,39,,,0,60,,10086,39,,,0,17,,10087,39,,,0,18,,10088,39,,,0,60,,10089,39,,,0,20,,10090,39,,,0,30,,10091,39,,,0,70,,10092,39,,,0,30,,10093,39,,,0,70,,10094,39,,,0,30,,10095,39,,,0,70,,10096,39,,,0
400,'244.1141.3',1732,,10097,39,,,0
400,'244.1143.3',1732,,10098,39,,,0
13501,'244.0.3',1553,,14921,27,,,0,70,,14922,27,,,0,30,,14923,27,,,0,70,,14924,27,,,0,26,,14925,27,,,0,69,,14926,27,,,0,26,,14927,27,,,0
13601,'244.0.3',1545,,14936,26,,,0,70,,14937,26,,,0,35,,14938,26,,,0,55,,14939,26,,,0,15,,14940,26,,,0,23,,14941,26,,,0,66,,14942,26,,,0,30,,14943,26,,,0
13701,'244.0.3',1605,,14950,29,,,0,34,,14951,29,,,0,70,,14952,29,,,0,29,,14953,29,,,0,65,,14954,29,,,0,27,,14955,29,,,0
13801,'244.0.3',1610,,14963,28,,,0,34,,14964,28,,,0,71,,14965,28,,,0,25,,14966,28,,,0,64,,14967,28,,,0,30,,14968,28,,,0,20,,14969,28,,,0
43300,'244.0.3',728,,15336,44,,,0,89,,15337,44,,,0,1014,,15338,44,,,0,95,,15339,44,,,0
1003001,'244.0.1',639,,16044,11,,,0,70,,16045,11,,,0,30,,16046,11,,,0,70,,16047,11,,,0,30,,16048,11,,,0,70,,16049,11,,,0,30,,16050,11,,,0,72,,16051,11,,,0,30,,16052,11,,,0,70,,16053,11,,,0,30,,16054,11,,,0,70,,16055,11,,,0,30,,16056,11,,,0,70,,16057,11,,,0,30,,16058,11,,,0,70,,16059,11,,,0,30,,16060,11,,,0,70,,16061,11,,,0,30,,16062,11,,,0,70,,16063,11,,,0,30,,16064,11,,,0,70,,16065,11,,,0,30,,16066,11,,,0,70,,16067,11,,,0,30,,16068,11,,,0,70,,16069,11,,,0,30,,16070,11,,,0,70,,16071,11,,,0,30,,16072,11,,,0,70,,16073,11,,,0,28,,16074,11,,,0,70,,16075,11,,,0,30,,16076,11,,,0,70,,16077,11,,,0,30,,16078,11,,,0
1003001,'244.0.2',621,,16079,11,,,0,100,,16080,11,,,0,100,,16081,11,,,0,100,,16082,11,,,0,101,,16083,11,,,0,101,,16084,11,,,0,100,,16085,11,,,0,100,,16086,11,,,0,100,,16087,11,,,0,100,,16088,11,,,0,100,,16089,11,,,0,100,,16090,11,,,0,100,,16091,11,,,0,100,,16092,11,,,0,99,,16093,11,,,0,100,,16094,11,,,0,100,,16095,11,,,0,100,,16096,11,,,0
1003001,'244.0.3',552,,16097,11,,,0,70,,16098,11,,,0,30,,16099,11,,,0,70,,16100,11,,,0,30,,16101,11,,,0,70,,16102,11,,,0,30,,16103,11,,,0,70,,16104,11,,,0,29,,16105,11,,,0,70,,16106,11,,,0,30,,16107,11,,,0,70,,16108,11,,,0,30,,16109,11,,,0,70,,16110,11,,,0,30,,16111,11,,,0,70,,16112,11,,,0,30,,16113,11,,,0,70,,16114,11,,,0,30,,16115,11,,,0,72,,16116,11,,,0,30,,16117,11,,,0,70,,16118,11,,,0,30,,16119,11,,,0,70,,16120,11,,,0,30,,16121,11,,,0,70,,16122,11,,,0,30,,16123,11,,,0,70,,16124,11,,,0,30,,16125,11,,,0,68,,16126,11,,,0,30,,16127,11,,,0,70,,16128,11,,,0,30,,16129,11,,,0,70,,16130,11,,,0,30,,16131,11,,,0,70,,16132,11,,,0
