8200,'259.0.1',626,,22580,31,,,0,100,,22581,31,,,0,100,,22582,31,,,0,100,,22583,31,,,0,100,,22584,31,,,0,100,,22585,31,,,0,100,,22586,31,,,0,100,,22587,31,,,0,100,,22588,31,,,0,100,,22589,31,,,0,100,,22590,31,,,0,100,,22591,31,,,0,100,,22592,31,,,0,100,,22593,31,,,0,100,,22594,31,,,0,100,,22595,31,,,0,100,,22596,31,,,0
8200,'259.0.2',628,,22597,31,,,0,100,,22598,31,,,0,100,,22599,31,,,0,100,,22600,31,,,0,100,,22601,31,,,0,100,,22602,31,,,0,100,,22603,31,,,0,100,,22604,31,,,0,100,,22605,31,,,0,100,,22606,31,,,0,100,,22607,31,,,0,100,,22608,31,,,0,100,,22609,31,,,0,100,,22610,31,,,0,100,,22611,31,,,0,100,,22612,31,,,0
8200,'259.0.3',615,,22613,31,,,0,26,,22614,31,,,0,69,,22615,31,,,0,30,,22616,31,,,0,70,,22617,31,,,0,92,,22618,31,,,0,28,,22619,31,,,0,100,,22620,31,,,0,100,,22621,31,,,0,100,,22622,31,,,0,100,,22623,31,,,0,100,,22624,31,,,0,103,,22625,31,,,0,426,,22626,31,,,0,100,,22627,31,,,0,100,,22628,31,,,0,100,,22629,31,,,0
8400,'259.0.1',708,,22782,29,,,0,100,,22783,29,,,0,100,,22784,29,,,0,100,,22785,29,,,0,103,,22786,29,,,0,97,,22787,29,,,0,100,,22788,29,,,0,100,,22789,29,,,0,100,,22790,29,,,0,100,,22791,29,,,0,100,,22792,29,,,0,100,,22793,29,,,0,96,,22794,29,,,0,105,,22795,29,,,0,100,,22796,29,,,0,100,,22797,29,,,0,100,,22798,29,,,0
8400,'259.0.2',713,,22799,29,,,0,100,,22800,29,,,0,100,,22801,29,,,0,100,,22802,29,,,0,102,,22803,29,,,0,96,,22804,29,,,0,100,,22805,29,,,0,100,,22806,29,,,0,100,,22807,29,,,0,100,,22808,29,,,0,103,,22809,29,,,0,100,,22810,29,,,0,100,,22811,29,,,0,100,,22812,29,,,0,98,,22813,29,,,0,100,,22814,29,,,0,100,,22815,29,,,0
8400,'259.0.3',621,,22846,29,,,0,30,,22816,29,,,0,70,,22817,29,,,0,31,,22818,29,,,0,71,,22819,29,,,0,30,,22820,29,,,0,70,,22821,29,,,0,102,,22822,29,,,0,100,,22823,29,,,0,100,,22824,29,,,0,100,,22825,29,,,0,100,,22826,29,,,0,107,,22827,29,,,0,70,,22828,29,,,0,15,,22829,29,,,0,15,,22830,29,,,0,15,,22831,29,,,0,55,,22832,29,,,0,15,,22833,29,,,0,15,,22834,29,,,0,12,,22835,29,,,0,14,,22836,29,,,0,55,,22837,29,,,0,12,,22838,29,,,0,15,,22847,29,,,0,13,,22839,29,,,0,98,,22840,29,,,0,100,,22841,29,,,0,100,,22842,29,,,0,100,,22843,29,,,0,103,,22844,29,,,0,103,,22845,29,,,0
8601,'259.0.1',645,,23082,18,,,0,100,,23083,18,,,0,100,,23084,18,,,0,101,,23085,18,,,0,100,,23086,18,,,0,100,,23087,18,,,0,100,,23088,18,,,0,101,,23089,18,,,0,100,,23090,18,,,0,100,,23091,18,,,0,99,,23092,18,,,0,100,,23093,18,,,0,100,,23094,18,,,0,100,,23095,18,,,0,100,,23096,18,,,0,100,,23097,18,,,0,100,,23098,18,,,0
8601,'259.0.2',651,,23099,18,,,0,100,,23100,18,,,0,100,,23101,18,,,0,100,,23102,18,,,0,100,,23103,18,,,0,100,,23104,18,,,0,100,,23105,18,,,0,100,,23106,18,,,0,100,,23107,18,,,0,100,,23108,18,,,0,100,,23109,18,,,0,100,,23110,18,,,0,100,,23111,18,,,0,100,,23112,18,,,0,100,,23113,18,,,0,100,,23114,18,,,0
8601,'259.0.3',854,,23115,18,,,0,100,,23116,18,,,0,100,,23117,18,,,0,100,,23118,18,,,0,100,,23119,18,,,0,100,,23120,18,,,0,100,,23121,18,,,0,105,,23122,18,,,0,71,,23123,18,,,0,75,,23124,18,,,0,34,,23125,18,,,0,67,,23126,18,,,0,22,,23127,18,,,0,25,,23128,18,,,0,160,,23129,18,,,0,100,,23130,18,,,0,100,,23131,18,,,0,100,,23132,18,,,0
18200,'259.0.3',1553,,23847,51,,,0,55,,23848,51,,,0,17,,23849,51,,,0,18,,23850,51,,,0,14,,23851,51,,,0,57,,23852,51,,,0,14,,23853,51,,,0,11,,23854,51,,,0,12,,23855,51,,,0,55,,23856,51,,,0,11,,23857,51,,,0,15,,23858,51,,,0,15,,23860,51,,,0,54,,23859,51,,,0,16,,23861,51,,,0
18601,'259.0.3',603,,23920,18,,,0,30,,23921,18,,,0,70,,23922,18,,,0,30,,23923,18,,,0,70,,23924,18,,,0,30,,23925,18,,,0
