100,'259.0.1',554,,17670,1,,,0,55,,17671,1,,,0,15,,17672,1,,,0,15,,17673,1,,,0,15,,17674,1,,,0,55,,17675,1,,,0,15,,17676,1,,,0,15,,17677,1,,,0,15,,17678,1,,,0,55,,17679,1,,,0,15,,17680,1,,,0,15,,17681,1,,,0,15,,17682,1,,,0,55,,17683,1,,,0,15,,17684,1,,,0,15,,17685,1,,,0,15,,17686,1,,,0,55,,17687,1,,,0,15,,17688,1,,,0,15,,17689,1,,,0,15,,17690,1,,,0,55,,17691,1,,,0,15,,17692,1,,,0,15,,17693,1,,,0,15,,17694,1,,,0,55,,17695,1,,,0,15,,17696,1,,,0,15,,17697,1,,,0,15,,17698,1,,,0,55,,17699,1,,,0,15,,17700,1,,,0,15,,17701,1,,,0,15,,17702,1,,,0,55,,17703,1,,,0,15,,17704,1,,,0,15,,17705,1,,,0,15,,17706,1,,,0,55,,17707,1,,,0,15,,17708,1,,,0,15,,17709,1,,,0,15,,17710,1,,,0,55,,17711,1,,,0,15,,17712,1,,,0,15,,17713,1,,,0,15,,17714,1,,,0,55,,17715,1,,,0,15,,17716,1,,,0,15,,17717,1,,,0,15,,17718,1,,,0,55,,17719,1,,,0,15,,17720,1,,,0,15,,17721,1,,,0,15,,17722,1,,,0,55,,17723,1,,,0,15,,17724,1,,,0,15,,17725,1,,,0,15,,17726,1,,,0,55,,17727,1,,,0,15,,17728,1,,,0,15,,17729,1,,,0,15,,17730,1,,,0,55,,17731,1,,,0,15,,17732,1,,,0,15,,17733,1,,,0,15,,17734,1,,,0,55,,17735,1,,,0,15,,17736,1,,,0,15,,17737,1,,,0,15,,17738,1,,,0,55,,17739,1,,,0,15,,17740,1,,,0,15,,17741,1,,,0,15,,17742,1,,,0,55,,17743,1,,,0,15,,17744,1,,,0,15,,17745,1,,,0
100,'259.0.2',555,,17746,1,,,0,55,,17747,1,,,0,15,,17748,1,,,0,15,,17749,1,,,0,15,,17750,1,,,0,55,,17751,1,,,0,15,,17752,1,,,0,15,,17753,1,,,0,15,,17754,1,,,0,55,,17755,1,,,0,15,,17756,1,,,0,15,,17757,1,,,0,15,,17758,1,,,0,55,,17759,1,,,0,15,,17760,1,,,0,15,,17761,1,,,0,15,,17762,1,,,0,55,,17763,1,,,0,15,,17764,1,,,0,15,,17765,1,,,0,15,,17766,1,,,0,55,,17767,1,,,0,15,,17768,1,,,0,15,,17769,1,,,0,15,,17770,1,,,0,55,,17771,1,,,0,15,,17772,1,,,0,15,,17773,1,,,0,15,,17774,1,,,0,55,,17775,1,,,0,15,,17776,1,,,0,15,,17777,1,,,0,15,,17778,1,,,0,55,,17779,1,,,0,15,,17780,1,,,0,15,,17781,1,,,0,15,,17782,1,,,0,55,,17783,1,,,0,15,,17784,1,,,0,15,,17785,1,,,0,15,,17786,1,,,0,55,,17787,1,,,0,15,,17788,1,,,0,15,,17789,1,,,0,15,,17790,1,,,0,55,,17791,1,,,0,15,,17792,1,,,0,15,,17793,1,,,0,15,,17794,1,,,0,55,,17795,1,,,0,15,,17796,1,,,0,15,,17797,1,,,0,15,,17798,1,,,0,55,,17799,1,,,0,15,,17800,1,,,0,15,,17801,1,,,0,15,,17802,1,,,0,55,,17803,1,,,0,30,,17804,1,,,0,70,,17805,1,,,0,30,,17806,1,,,0,70,,17807,1,,,0,30,,17808,1,,,0,70,,17809,1,,,0,30,,17810,1,,,0
100,'259.0.3',600,,17812,1,,,0,10,,17813,1,,,0,10,,17814,1,,,0,10,,17815,1,,,0,10,,17816,1,,,0,10,,17817,1,,,0,50,,17818,1,,,0,10,,17819,1,,,0,10,,17820,1,,,0,10,,17821,1,,,0,10,,17822,1,,,0,10,,17823,1,,,0,50,,17824,1,,,0,10,,17825,1,,,0,10,,17826,1,,,0,10,,17827,1,,,0,10,,17828,1,,,0,10,,17829,1,,,0,50,,17830,1,,,0,10,,17831,1,,,0,10,,17832,1,,,0,10,,17833,1,,,0,10,,17834,1,,,0,10,,17835,1,,,0,50,,17836,1,,,0,10,,17837,1,,,0,10,,17838,1,,,0,10,,17839,1,,,0,10,,17840,1,,,0,10,,17841,1,,,0,50,,17842,1,,,0,10,,17843,1,,,0,10,,17844,1,,,0,10,,17845,1,,,0,10,,17846,1,,,0,10,,17847,1,,,0,50,,17848,1,,,0,10,,17849,1,,,0,10,,17850,1,,,0,10,,17851,1,,,0,10,,17852,1,,,0,10,,17853,1,,,0,50,,17854,1,,,0,10,,17855,1,,,0,10,,17856,1,,,0,10,,17857,1,,,0,10,,17858,1,,,0,10,,17859,1,,,0,50,,17860,1,,,0,10,,17861,1,,,0,10,,17862,1,,,0,10,,17863,1,,,0,10,,17864,1,,,0,10,,17865,1,,,0,50,,17866,1,,,0,10,,17867,1,,,0,10,,17868,1,,,0,10,,17869,1,,,0,10,,17870,1,,,0,10,,17871,1,,,0,50,,17872,1,,,0,10,,17873,1,,,0,10,,17874,1,,,0,10,,17875,1,,,0,10,,17876,1,,,0,10,,17877,1,,,0,50,,17878,1,,,0,10,,17879,1,,,0,10,,17880,1,,,0,10,,17881,1,,,0,10,,17882,1,,,0,10,,17883,1,,,0,50,,17884,1,,,0,10,,17885,1,,,0,10,,17886,1,,,0,10,,17887,1,,,0,10,,17888,1,,,0,10,,17889,1,,,0,50,,17890,1,,,0,10,,17891,1,,,0,10,,17892,1,,,0,10,,17893,1,,,0,10,,17894,1,,,0,10,,17895,1,,,0,50,,17896,1,,,0,10,,17897,1,,,0,10,,17898,1,,,0,10,,17899,1,,,0,10,,17900,1,,,0,10,,17901,1,,,0,50,,17902,1,,,0,10,,17903,1,,,0,10,,17904,1,,,0,10,,17905,1,,,0,10,,17906,1,,,0,10,,17907,1,,,0,50,,17908,1,,,0,15,,17909,1,,,0,15,,17910,1,,,0,15,,17911,1,,,0,55,,17912,1,,,0,15,,17913,1,,,0,15,,17914,1,,,0,15,,17915,1,,,0,55,,17916,1,,,0,15,,17917,1,,,0,15,,17918,1,,,0
101,'259.0.1',625,,17919,32,4,,0,15,,17920,32,4,,0,15,,17921,32,4,,0,55,,17922,32,4,,0,15,,17923,32,4,,0,18,,17924,32,4,,0,57,,17925,32,4,,0,15,,17926,32,4,,0,15,,17927,32,4,,0,15,,17928,32,4,,0,55,,17929,32,4,,0,15,,17930,32,4,,0,15,,17931,32,4,,0,15,,17932,32,4,,0,55,,17933,32,4,,0,15,,17934,32,4,,0,15,,17935,32,4,,0,15,,17936,32,4,,0,58,,17937,32,4,,0,17,,17938,32,4,,0,20,,17939,32,4,,0,15,,17940,32,4,,0,55,,17941,32,4,,0,15,,17942,32,4,,0,15,,17943,32,4,,0,15,,17944,32,4,,0,55,,17945,32,4,,0,15,,17946,32,4,,0,15,,17947,32,4,,0,15,,17948,32,4,,0,55,,17949,32,4,,0,15,,17950,32,4,,0,15,,17951,32,4,,0,15,,17952,32,4,,0,55,,17953,32,4,,0,15,,17954,32,4,,0,15,,17955,32,4,,0,15,,17956,32,4,,0,55,,17957,32,4,,0,15,,17958,32,4,,0,15,,17959,32,4,,0,15,,17960,32,4,,0,55,,17961,32,4,,0,15,,17962,32,4,,0,15,,17963,32,4,,0,15,,17964,32,4,,0,55,,17965,32,4,,0,14,,17966,32,4,,0,13,,17967,32,4,,0,14,,17968,32,4,,0,55,,17969,32,4,,0,15,,17970,32,4,,0,15,,17971,32,4,,0,15,,17972,32,4,,0,55,,17973,32,4,,0,15,,17974,32,4,,0,15,,17975,32,4,,0,15,,17976,32,4,,0,51,,17977,32,4,,0,14,,17978,32,4,,0,12,,17979,32,4,,0,15,,17980,32,4,,0,15,,17981,32,4,,0,55,,17982,32,4,,0,15,,17983,32,4,,0,15,,17984,32,4,,0,15,,17985,32,4,,0,55,,17986,32,4,,0,15,,17987,32,4,,0,15,,17988,32,4,,0,15,,17989,32,4,,0,55,,17990,32,4,,0,15,,17991,32,4,,0,15,,17992,32,4,,0,15,,17993,32,4,,0
101,'259.0.2',623,,17994,32,4,,0,25,,17995,32,4,,0,55,,17996,32,4,,0,15,,17997,32,4,,0,15,,17998,32,4,,0,15,,17999,32,4,,0,55,,18000,32,4,,0,15,,18001,32,4,,0,16,,18002,32,4,,0,18,,18003,32,4,,0,56,,18004,32,4,,0,15,,18005,32,4,,0,15,,18006,32,4,,0,15,,18007,32,4,,0,55,,18008,32,4,,0,15,,18009,32,4,,0,15,,18010,32,4,,0,15,,18011,32,4,,0,55,,18012,32,4,,0,18,,18013,32,4,,0,19,,18014,32,4,,0,56,,18015,32,4,,0,15,,18016,32,4,,0,15,,18017,32,4,,0,15,,18018,32,4,,0,55,,18019,32,4,,0,15,,18020,32,4,,0,15,,18021,32,4,,0,15,,18022,32,4,,0,55,,18023,32,4,,0,15,,18024,32,4,,0,15,,18025,32,4,,0,15,,18026,32,4,,0,55,,18027,32,4,,0,15,,18028,32,4,,0,15,,18029,32,4,,0,15,,18030,32,4,,0,55,,18031,32,4,,0,15,,18032,32,4,,0,15,,18033,32,4,,0,15,,18034,32,4,,0,55,,18035,32,4,,0,15,,18036,32,4,,0,15,,18037,32,4,,0,15,,18038,32,4,,0,55,,18039,32,4,,0,15,,18040,32,4,,0,12,,18041,32,4,,0,13,,18042,32,4,,0,13,,18043,32,4,,0,55,,18044,32,4,,0,15,,18045,32,4,,0,15,,18046,32,4,,0,15,,18047,32,4,,0,55,,18048,32,4,,0,15,,18049,32,4,,0,30,,18050,32,4,,0,70,,18051,32,4,,0,30,,18052,32,4,,0,70,,18053,32,4,,0,30,,18054,32,4,,0,70,,18055,32,4,,0,30,,18056,32,4,,0,70,,18057,32,4,,0
101,'259.0.3',614,,18058,32,4,,0,30,,18059,32,4,,0,13,,18060,32,4,,0,55,,18061,32,4,,0,15,,18062,32,4,,0,13,,18063,32,4,,0,12,,18064,32,4,,0,54,,18065,32,4,,0,12,,18066,32,4,,0,10,,18067,32,4,,0,10,,18068,32,4,,0,10,,18069,32,4,,0,11,,18070,32,4,,0,50,,18071,32,4,,0,8,,18072,32,4,,0,8,,18073,32,4,,0,10,,18074,32,4,,0,10,,18075,32,4,,0,10,,18076,32,4,,0,50,,18077,32,4,,0,10,,18078,32,4,,0,9,,18079,32,4,,0,9,,18080,32,4,,0,10,,18081,32,4,,0,10,,18082,32,4,,0,50,,18083,32,4,,0,10,,18084,32,4,,0,10,,18085,32,4,,0,11,,18086,32,4,,0,12,,18087,32,4,,0,12,,18088,32,4,,0,50,,18089,32,4,,0,10,,18090,32,4,,0,10,,18091,32,4,,0,10,,18092,32,4,,0,10,,18093,32,4,,0,10,,18094,32,4,,0,50,,18095,32,4,,0,10,,18096,32,4,,0,10,,18097,32,4,,0,10,,18098,32,4,,0,10,,18099,32,4,,0,10,,18100,32,4,,0,50,,18101,32,4,,0,10,,18102,32,4,,0,10,,18103,32,4,,0,10,,18104,32,4,,0,10,,18105,32,4,,0,10,,18106,32,4,,0,50,,18107,32,4,,0,10,,18108,32,4,,0,10,,18109,32,4,,0,11,,18110,32,4,,0,12,,18111,32,4,,0,51,,18112,32,4,,0,12,,18113,32,4,,0,12,,18114,32,4,,0,10,,18115,32,4,,0,10,,18116,32,4,,0,10,,18117,32,4,,0,50,,18118,32,4,,0,10,,18119,32,4,,0,10,,18120,32,4,,0,10,,18121,32,4,,0,10,,18122,32,4,,0,10,,18123,32,4,,0,49,,18124,32,4,,0,8,,18125,32,4,,0,8,,18126,32,4,,0,8,,18127,32,4,,0,7,,18128,32,4,,0,9,,18129,32,4,,0,10,,18130,32,4,,0,50,,18131,32,4,,0,10,,18132,32,4,,0,10,,18133,32,4,,0,10,,18134,32,4,,0,10,,18135,32,4,,0,10,,18136,32,4,,0,50,,18137,32,4,,0,10,,18138,32,4,,0,8,,18139,32,4,,0,9,,18140,32,4,,0,9,,18141,32,4,,0,10,,18142,32,4,,0,50,,18143,32,4,,0,10,,18144,32,4,,0,10,,18145,32,4,,0,10,,18146,32,4,,0,10,,18147,32,4,,0,10,,18148,32,4,,0,50,,18149,32,4,,0,10,,18150,32,4,,0,10,,18151,32,4,,0,10,,18152,32,4,,0,10,,18153,32,4,,0,15,,18154,32,4,,0,55,,18155,32,4,,0,15,,18156,32,4,,0,15,,18157,32,4,,0,15,,18158,32,4,,0,55,,18159,32,4,,0,15,,18160,32,4,,0,15,,18161,32,4,,0,15,,18162,32,4,,0,55,,18163,32,4,,0,15,,18164,32,4,,0
300,'259.0.1',656,,18497,42,,,0,100,,18498,42,,,0,100,,18499,42,,,0,70,,18500,42,,,0,30,,18501,42,,,0,70,,18502,42,,,0,30,,18503,42,,,0,70,,18504,42,,,0,30,,18505,42,,,0,71,,18506,42,,,0,30,,18507,42,,,0,70,,18508,42,,,0,30,,18509,42,,,0,70,,18510,42,,,0,30,,18511,42,,,0,70,,18512,42,,,0,30,,18513,42,,,0,70,,18514,42,,,0,30,,18515,42,,,0,70,,18516,42,,,0,30,,18517,42,,,0,70,,18518,42,,,0,30,,18519,42,,,0,67,,18520,42,,,0,29,,18521,42,,,0,70,,18522,42,,,0,30,,18523,42,,,0,70,,18524,42,,,0,30,,18525,42,,,0,70,,18526,42,,,0,30,,18527,42,,,0,70,,18528,42,,,0,30,,18529,42,,,0,70,,18530,42,,,0,30,,18531,42,,,0,60,,18532,42,,,0
300,'259.0.2',636,,18533,42,,,0,100,,18534,42,,,0,100,,18535,42,,,0,70,,18536,42,,,0,30,,18537,42,,,0,67,,18538,42,,,0,20,,18539,42,,,0,20,,18540,42,,,0,61,,18541,42,,,0,24,,18542,42,,,0,20,,18543,42,,,0,60,,18544,42,,,0,20,,18545,42,,,0,20,,18546,42,,,0,60,,18547,42,,,0,20,,18548,42,,,0,20,,18549,42,,,0,60,,18550,42,,,0,20,,18551,42,,,0,20,,18552,42,,,0,60,,18553,42,,,0,20,,18554,42,,,0,20,,18555,42,,,0,60,,18556,42,,,0,20,,18557,42,,,0,20,,18558,42,,,0,60,,18559,42,,,0,20,,18560,42,,,0,20,,18561,42,,,0,58,,18562,42,,,0,17,,18563,42,,,0,19,,18564,42,,,0,70,,18565,42,,,0,30,,18566,42,,,0,70,,18567,42,,,0,30,,18568,42,,,0,70,,18569,42,,,0,30,,18570,42,,,0,70,,18571,42,,,0,23,,18572,42,,,0,70,,18573,42,,,0,30,,18574,42,,,0,70,,18575,42,,,0,30,,18576,42,,,0
300,'259.0.3',610,,18577,42,,,0,30,,18578,42,,,0,15,,18579,42,,,0,55,,18580,42,,,0,15,,18581,42,,,0,18,,18582,42,,,0,57,,18583,42,,,0,19,,18584,42,,,0,15,,18585,42,,,0,15,,18586,42,,,0,54,,18587,42,,,0,15,,18588,42,,,0,15,,18589,42,,,0,15,,18590,42,,,0,60,,18591,42,,,0,20,,18592,42,,,0,20,,18593,42,,,0,60,,18594,42,,,0,20,,18595,42,,,0,20,,18596,42,,,0,60,,18597,42,,,0,20,,18598,42,,,0,20,,18599,42,,,0,60,,18600,42,,,0,20,,18601,42,,,0,20,,18602,42,,,0,60,,18603,42,,,0,20,,18604,42,,,0,20,,18605,42,,,0,60,,18606,42,,,0,20,,18607,42,,,0,10,,18608,42,,,0,11,,18609,42,,,0,61,,18610,42,,,0,15,,18611,42,,,0,15,,18612,42,,,0,15,,18613,42,,,0,55,,18614,42,,,0,15,,18615,42,,,0,15,,18616,42,,,0,14,,18617,42,,,0,53,,18618,42,,,0,13,,18619,42,,,0,13,,18620,42,,,0,15,,18621,42,,,0,54,,18622,42,,,0,7,,18623,42,,,0,17,,18624,42,,,0,20,,18625,42,,,0,60,,18626,42,,,0,20,,18627,42,,,0,20,,18628,42,,,0,60,,18629,42,,,0,20,,18630,42,,,0,10,,18631,42,,,0,70,,18632,42,,,0,30,,18633,42,,,0,70,,18634,42,,,0,30,,18635,42,,,0,70,,18636,42,,,0,30,,18637,42,,,0,70,,18638,42,,,0
2401,'259.0.1',627,,20119,23,,,0,30,,20120,23,,,0,70,,20121,23,,,0,30,,20122,23,,,0,70,,20123,23,,,0,30,,20124,23,,,0,70,,20125,23,,,0,30,,20126,23,,,0,76,,20127,23,,,0,71,,20128,23,,,0,30,,20129,23,,,0,71,,20130,23,,,0,32,,20131,23,,,0,70,,20132,23,,,0,30,,20133,23,,,0,70,,20134,23,,,0,30,,20135,23,,,0,70,,20136,23,,,0,28,,20137,23,,,0,70,,20138,23,,,0,30,,20139,23,,,0,70,,20140,23,,,0,30,,20141,23,,,0,70,,20142,23,,,0,30,,20143,23,,,0,67,,20144,23,,,0,27,,20145,23,,,0,30,,20146,23,,,0,70,,20147,23,,,0,30,,20148,23,,,0,68,,20149,23,,,0,30,,20150,23,,,0,70,,20151,23,,,0,30,,20152,23,,,0,70,,20153,23,,,0,30,,20154,23,,,0
2401,'259.0.2',625,,20155,23,,,0,30,,20156,23,,,0,70,,20157,23,,,0,30,,20158,23,,,0,70,,20159,23,,,0,30,,20160,23,,,0,70,,20161,23,,,0,32,,20162,23,,,0,76,,20163,23,,,0,70,,20164,23,,,0,30,,20165,23,,,0,70,,20166,23,,,0,30,,20167,23,,,0,70,,20168,23,,,0,30,,20169,23,,,0,70,,20170,23,,,0,30,,20171,23,,,0,70,,20172,23,,,0,30,,20173,23,,,0,70,,20174,23,,,0,30,,20175,23,,,0,70,,20176,23,,,0,30,,20177,23,,,0,70,,20178,23,,,0,30,,20179,23,,,0,68,,20180,23,,,0,28,,20181,23,,,0,30,,20182,23,,,0,68,,20183,23,,,0,30,,20184,23,,,0,70,,20185,23,,,0,30,,20186,23,,,0,70,,20187,23,,,0,30,,20188,23,,,0,70,,20189,23,,,0,30,,20190,23,,,0
2401,'259.0.3',703,,20191,23,,,0,30,,20192,23,,,0,74,,20193,23,,,0,31,,20194,23,,,0,70,,20195,23,,,0,30,,20196,23,,,0,65,,20197,23,,,0,30,,20198,23,,,0,70,,20199,23,,,0,31,,20200,23,,,0,71,,20201,23,,,0,30,,20202,23,,,0,70,,20203,23,,,0,30,,20204,23,,,0,70,,20205,23,,,0,32,,20206,23,,,0,70,,20207,23,,,0,37,,20208,23,,,0,70,,20209,23,,,0,30,,20210,23,,,0,70,,20211,23,,,0,24,,20212,23,,,0,68,,20213,23,,,0,30,,20214,23,,,0,67,,20215,23,,,0,28,,20216,23,,,0,26,,20217,23,,,0,70,,20218,23,,,0,30,,20219,23,,,0,70,,20220,23,,,0,30,,20221,23,,,0,70,,20222,23,,,0,30,,20223,23,,,0,70,,20224,23,,,0,30,,20225,23,,,0,70,,20226,23,,,0
9100,'259.0.1',710,,23578,1,,,0,100,,23579,1,,,0,100,,23580,1,,,0,100,,23581,1,,,0,100,,23582,1,,,0,100,,23583,1,,,0,100,,23584,1,,,0,100,,23585,1,,,0,100,,23586,1,,,0,100,,23587,1,,,0,100,,23588,1,,,0,100,,23589,1,,,0,100,,23590,1,,,0,100,,23591,1,,,0,100,,23592,1,,,0,100,,23593,1,,,0
9100,'259.0.2',740,,23594,1,,,0,100,,23595,1,,,0,100,,23596,1,,,0,100,,23597,1,,,0,100,,23598,1,,,0,100,,23599,1,,,0,100,,23600,1,,,0,100,,23601,1,,,0,100,,23602,1,,,0,100,,23603,1,,,0,100,,23604,1,,,0,100,,23605,1,,,0,100,,23606,1,,,0,100,,23607,1,,,0,100,,23608,1,,,0
9100,'259.0.3',621,,23609,1,,,0,24,,23610,1,,,0,66,,23611,1,,,0,36,,23612,1,,,0,69,,23613,1,,,0,31,,23614,1,,,0,100,,23615,1,,,0,103,,23616,1,,,0,100,,23617,1,,,0,99,,23618,1,,,0,100,,23619,1,,,0,100,,23620,1,,,0,70,,23621,1,,,0,30,,23622,1,,,0,70,,23623,1,,,0,30,,23624,1,,,0,70,,23625,1,,,0,31,,23626,1,,,0,70,,23627,1,,,0,100,,23628,1,,,0,100,,23629,1,,,0,100,,23630,1,,,0,100,,23631,1,,,0
9101,'259.0.1',825,,23632,50,4,,0,100,,23633,50,4,,0,103,,23634,50,4,,0,100,,23635,50,4,,0,100,,23636,50,4,,0,100,,23637,50,4,,0,100,,23638,50,4,,0,100,,23639,50,4,,0,100,,23640,50,4,,0,100,,23641,50,4,,0,100,,23642,50,4,,0,97,,23643,50,4,,0,100,,23644,50,4,,0,100,,23645,50,4,,0,100,,23646,50,4,,0,100,,23647,50,4,,0
9101,'259.0.2',854,,23648,50,4,,0,100,,23649,50,4,,0,103,,23650,50,4,,0,100,,23651,50,4,,0,100,,23652,50,4,,0,100,,23653,50,4,,0,100,,23654,50,4,,0,100,,23655,50,4,,0,100,,23656,50,4,,0,97,,23657,50,4,,0,100,,23658,50,4,,0,100,,23659,50,4,,0,100,,23660,50,4,,0,100,,23661,50,4,,0,100,,23662,50,4,,0
9101,'259.0.3',626,,23663,50,4,,0,30,,23664,50,4,,0,85,,23665,50,4,,0,64,,23666,50,4,,0,30,,23667,50,4,,0,73,,23668,50,4,,0,25,,23669,50,4,,0,69,,23670,50,4,,0,100,,23671,50,4,,0,103,,23672,50,4,,0,100,,23673,50,4,,0,101,,23674,50,4,,0,112,,23675,50,4,,0,101,,23676,50,4,,0,31,,23677,50,4,,0,69,,23678,50,4,,0,30,,23679,50,4,,0,69,,23680,50,4,,0,20,,23681,50,4,,0,94,,23682,50,4,,0,100,,23683,50,4,,0,100,,23684,50,4,,0,100,,23685,50,4,,0,100,,23686,50,4,,0
1000900,'259.0.1',704,,24530,20,,,0,100,,24531,20,,,0,100,,24532,20,,,0,100,,24533,20,,,0,100,,24534,20,,,0,96,,24535,20,,,0,101,,24536,20,,,0,100,,24537,20,,,0,100,,24538,20,,,0,100,,24539,20,,,0,100,,24540,20,,,0,100,,24541,20,,,0,100,,24542,20,,,0,102,,24543,20,,,0,100,,24544,20,,,0,100,,24545,20,,,0,100,,24546,20,,,0,100,,24547,20,,,0
1000900,'259.0.2',704,,24548,20,,,0,96,,24549,20,,,0,100,,24550,20,,,0,100,,24551,20,,,0,104,,24552,20,,,0,100,,24553,20,,,0,100,,24554,20,,,0,100,,24555,20,,,0,100,,24556,20,,,0,100,,24557,20,,,0,100,,24558,20,,,0,100,,24559,20,,,0,100,,24560,20,,,0,100,,24561,20,,,0,99,,24562,20,,,0,100,,24563,20,,,0,100,,24564,20,,,0,100,,24565,20,,,0
1000900,'259.0.3',618,,24566,20,,,0,30,,24567,20,,,0,70,,24568,20,,,0,31,,24569,20,,,0,72,,24570,20,,,0,29,,24571,20,,,0,52,,24572,20,,,0,15,,24573,20,,,0,30,,24574,20,,,0,55,,24575,20,,,0,15,,24576,20,,,0,30,,24577,20,,,0,57,,24578,20,,,0,13,,24579,20,,,0,27,,24580,20,,,0,15,,24581,20,,,0,55,,24582,20,,,0,30,,24583,20,,,0,15,,24584,20,,,0,55,,24585,20,,,0,30,,24586,20,,,0,15,,24587,20,,,0,55,,24588,20,,,0,30,,24589,20,,,0,66,,24590,20,,,0,25,,24591,20,,,0,9,,24592,20,,,0,59,,24593,20,,,0,10,,24594,20,,,0,20,,24595,20,,,0,10,,24596,20,,,0,60,,24597,20,,,0,10,,24598,20,,,0,10,,24599,20,,,0,21,,24600,20,,,0,5,,24601,20,,,0,6,,24602,20,,,0,56,,24603,20,,,0,10,,24604,20,,,0,20,,24605,20,,,0,10,,24606,20,,,0,70,,24607,20,,,0,30,,24608,20,,,0,70,,24609,20,,,0,30,,24610,20,,,0,69,,24611,20,,,0,27,,24612,20,,,0,55,,24613,20,,,0,15,,24614,20,,,0,35,,24615,20,,,0,60,,24616,20,,,0,40,,24617,20,,,0,60,,24618,20,,,0,40,,24619,20,,,0
2000900,'259.0.1',634,,25574,20,,,0,100,,25575,20,,,0,100,,25576,20,,,0,100,,25577,20,,,0,100,,25578,20,,,0,100,,25579,20,,,0,97,,25580,20,,,0,100,,25581,20,,,0,100,,25582,20,,,0,100,,25583,20,,,0,100,,25584,20,,,0,100,,25585,20,,,0,100,,25586,20,,,0,102,,25587,20,,,0,100,,25588,20,,,0,100,,25589,20,,,0,100,,25590,20,,,0,100,,25591,20,,,0,100,,25592,20,,,0
2000900,'259.0.2',635,,25593,20,,,0,97,,25594,20,,,0,98,,25595,20,,,0,100,,25596,20,,,0,104,,25597,20,,,0,100,,25598,20,,,0,100,,25599,20,,,0,100,,25600,20,,,0,100,,25601,20,,,0,100,,25602,20,,,0,100,,25603,20,,,0,100,,25604,20,,,0,100,,25605,20,,,0,100,,25606,20,,,0,99,,25607,20,,,0,100,,25608,20,,,0,100,,25609,20,,,0,100,,25610,20,,,0,100,,25611,20,,,0
2000900,'259.0.3',533,,25612,1,,,0,70,,25613,1,,,0,30,,25614,20,,,0,70,,25615,20,,,0,30,,25616,20,,,0,69,,25617,20,,,0,30,,25618,20,,,0,100,,25619,20,,,0,100,,25620,20,,,0,98,,25621,20,,,0,96,,25622,20,,,0,100,,25623,20,,,0,100,,25624,20,,,0,28,,25625,20,,,0,70,,25626,20,,,0,29,,25627,20,,,0,70,,25628,20,,,0,30,,25629,20,,,0,80,,25630,20,,,0,67,,25631,20,,,0,30,,25632,20,,,0,70,,25633,20,,,0,30,,25634,20,,,0,70,,25635,20,,,0,30,,25636,20,,,0,70,,25637,20,,,0,27,,25638,20,,,0,100,,25639,20,,,0,100,,25640,20,,,0,100,,25641,20,,,0,100,,25642,20,,,0
