8300,'259.0.1',614,,22681,1,,,0,100,,22682,1,,,0,100,,22683,1,,,0,100,,22684,1,,,0,100,,22685,1,,,0,100,,22686,1,,,0,100,,22687,1,,,0,100,,22688,1,,,0,100,,22689,1,,,0,100,,22690,1,,,0,100,,22691,1,,,0,100,,22692,1,,,0,100,,22693,1,,,0,100,,22694,1,,,0,100,,22695,1,,,0,100,,22696,1,,,0,100,,22697,1,,,0
8300,'259.0.2',619,,22698,1,,,0,100,,22699,1,,,0,100,,22700,1,,,0,100,,22701,1,,,0,100,,22702,1,,,0,100,,22703,1,,,0,100,,22704,1,,,0,100,,22705,1,,,0,100,,22706,1,,,0,100,,22707,1,,,0,100,,22708,1,,,0,100,,22709,1,,,0,100,,22710,1,,,0,100,,22711,1,,,0,100,,22712,1,,,0,100,,22713,1,,,0
8300,'259.0.3',548,,22714,1,,,0,70,,22715,1,,,0,30,,22716,1,,,0,70,,22717,1,,,0,30,,22718,1,,,0,70,,22719,1,,,0,110,,22720,1,,,0,100,,22721,1,,,0,100,,22722,1,,,0,100,,22723,1,,,0,100,,22724,1,,,0,98,,22725,1,,,0,30,,22726,1,,,0,487,,22727,1,,,0,100,,22728,1,,,0,100,,22729,1,,,0,100,,22730,1,,,0
8301,'259.0.1',645,,22731,21,4,,0,100,,22732,21,4,,0,100,,22733,21,4,,0,100,,22734,21,4,,0,100,,22735,21,4,,0,100,,22736,21,4,,0,100,,22737,21,4,,0,100,,22738,21,4,,0,100,,22739,21,4,,0,100,,22740,21,4,,0,100,,22741,21,4,,0,100,,22742,21,4,,0,100,,22743,21,4,,0,100,,22744,21,4,,0,100,,22745,21,4,,0,100,,22746,21,4,,0,100,,22747,21,4,,0
8301,'259.0.2',650,,22748,21,4,,0,100,,22749,21,4,,0,100,,22750,21,4,,0,100,,22751,21,4,,0,100,,22752,21,4,,0,100,,22753,21,4,,0,100,,22754,21,4,,0,100,,22755,21,4,,0,100,,22756,21,4,,0,100,,22757,21,4,,0,100,,22758,21,4,,0,100,,22759,21,4,,0,100,,22760,21,4,,0,100,,22761,21,4,,0,100,,22762,21,4,,0,100,,22763,21,4,,0
8301,'259.0.3',1000,,22764,21,4,,0,100,,22765,21,4,,0,100,,22766,21,4,,0,100,,22767,21,4,,0,100,,22768,21,4,,0,100,,22769,21,4,,0,30,,22770,21,4,,0,81,,22771,21,4,,0,31,,22772,21,4,,0,77,,22773,21,4,,0,32,,22774,21,4,,0,64,,22781,21,4,,0,23,,22775,21,4,,0,69,,22776,21,4,,0,108,,22777,21,4,,0,100,,22778,21,4,,0,100,,22779,21,4,,0,100,,22780,21,4,,0
8500,'259.0.1',615,,22915,1,,,0,100,,22916,1,,,0,100,,22917,1,,,0,100,,22918,1,,,0,100,,22919,1,,,0,100,,22920,1,,,0,100,,22921,1,,,0,100,,22922,1,,,0,100,,22923,1,,,0,100,,22924,1,,,0,100,,22925,1,,,0,100,,22926,1,,,0,100,,22927,1,,,0,100,,22928,1,,,0,100,,22929,1,,,0,100,,22930,1,,,0,100,,22931,1,,,0
8500,'259.0.2',620,,22932,1,,,0,100,,22933,1,,,0,100,,22934,1,,,0,100,,22935,1,,,0,100,,22936,1,,,0,100,,22937,1,,,0,100,,22938,1,,,0,100,,22939,1,,,0,100,,22940,1,,,0,100,,22941,1,,,0,100,,22942,1,,,0,100,,22943,1,,,0,100,,22944,1,,,0,100,,22945,1,,,0,100,,22946,1,,,0,100,,22947,1,,,0
8500,'259.0.3',532,,22948,1,,,0,15,,22970,1,,,0,55,,22949,1,,,0,15,,22950,1,,,0,15,,22951,1,,,0,15,,22952,1,,,0,55,,22953,1,,,0,15,,22954,1,,,0,14,,22955,1,,,0,15,,22956,1,,,0,55,,22957,1,,,0,15,,22971,1,,,0,17,,22958,1,,,0,100,,22959,1,,,0,100,,22960,1,,,0,100,,22961,1,,,0,100,,22962,1,,,0,100,,22963,1,,,0,100,,22964,1,,,0,100,,22965,1,,,0,415,,22966,1,,,0,100,,22967,1,,,0,100,,22968,1,,,0,100,,22969,1,,,0
8501,'259.0.1',639,,22972,26,4,,0,100,,22973,26,4,,0,101,,22974,26,4,,0,101,,22975,26,4,,0,101,,22976,26,4,,0,102,,22977,26,4,,0,100,,22978,26,4,,0,100,,22979,26,4,,0,100,,22980,26,4,,0,98,,22981,26,4,,0,100,,22982,26,4,,0,100,,22983,26,4,,0,99,,22984,26,4,,0,99,,22985,26,4,,0,99,,22986,26,4,,0,100,,22987,26,4,,0,100,,22988,26,4,,0
8501,'259.0.2',643,,22989,26,4,,0,100,,22990,26,4,,0,101,,22991,26,4,,0,100,,22992,26,4,,0,100,,22993,26,4,,0,102,,22994,26,4,,0,100,,22995,26,4,,0,100,,22996,26,4,,0,100,,22997,26,4,,0,101,,22998,26,4,,0,98,,22999,26,4,,0,100,,23000,26,4,,0,100,,23001,26,4,,0,98,,23002,26,4,,0,100,,23003,26,4,,0,100,,23004,26,4,,0
8501,'259.0.3',857,,23005,26,4,,0,101,,23006,26,4,,0,101,,23007,26,4,,0,141,,23008,26,4,,0,100,,23009,26,4,,0,100,,23010,26,4,,0,100,,23011,26,4,,0,100,,23012,26,4,,0,13,,23013,26,4,,0,16,,23014,26,4,,0,15,,23015,26,4,,0,61,,23016,26,4,,0,15,,23017,26,4,,0,20,,23018,26,4,,0,15,,23019,26,4,,0,55,,23020,26,4,,0,7,,23021,26,4,,0,13,,23028,26,4,,0,9,,23022,26,4,,0,15,,23029,26,4,,0,55,,23023,26,4,,0,14,,23030,26,4,,0,92,,23024,26,4,,0,100,,23025,26,4,,0,100,,23026,26,4,,0,100,,23027,26,4,,0
8600,'259.0.1',612,,23031,1,,,0,100,,23032,1,,,0,100,,23033,1,,,0,100,,23034,1,,,0,100,,23035,1,,,0,100,,23036,1,,,0,100,,23037,1,,,0,100,,23038,1,,,0,100,,23039,1,,,0,100,,23040,1,,,0,100,,23041,1,,,0,101,,23042,1,,,0,100,,23043,1,,,0,100,,23044,1,,,0,100,,23045,1,,,0,100,,23046,1,,,0,100,,23047,1,,,0
8600,'259.0.2',618,,23048,1,,,0,100,,23049,1,,,0,100,,23050,1,,,0,100,,23051,1,,,0,100,,23052,1,,,0,100,,23053,1,,,0,100,,23054,1,,,0,100,,23055,1,,,0,100,,23056,1,,,0,100,,23057,1,,,0,100,,23058,1,,,0,100,,23059,1,,,0,100,,23060,1,,,0,100,,23061,1,,,0,100,,23062,1,,,0,100,,23063,1,,,0
8600,'259.0.3',532,,23064,1,,,0,27,,23065,1,,,0,70,,23066,1,,,0,29,,23067,1,,,0,69,,23068,1,,,0,28,,23069,1,,,0,65,,23070,1,,,0,100,,23071,1,,,0,100,,23072,1,,,0,100,,23073,1,,,0,100,,23074,1,,,0,100,,23075,1,,,0,100,,23076,1,,,0,100,,23077,1,,,0,420,,23078,1,,,0,100,,23079,1,,,0,100,,23080,1,,,0,100,,23081,1,,,0
8601,'259.0.1',648,,23082,25,4,,0,100,,23083,25,4,,0,100,,23084,25,4,,0,102,,23085,25,4,,0,100,,23086,25,4,,0,100,,23087,25,4,,0,100,,23088,25,4,,0,101,,23089,25,4,,0,100,,23090,25,4,,0,100,,23091,25,4,,0,98,,23092,25,4,,0,100,,23093,25,4,,0,100,,23094,25,4,,0,100,,23095,25,4,,0,100,,23096,25,4,,0,100,,23097,25,4,,0,100,,23098,25,4,,0
8601,'259.0.2',654,,23099,25,4,,0,100,,23100,25,4,,0,100,,23101,25,4,,0,101,,23102,25,4,,0,100,,23103,25,4,,0,100,,23104,25,4,,0,100,,23105,25,4,,0,100,,23106,25,4,,0,99,,23107,25,4,,0,100,,23108,25,4,,0,100,,23109,25,4,,0,100,,23110,25,4,,0,100,,23111,25,4,,0,100,,23112,25,4,,0,100,,23113,25,4,,0,100,,23114,25,4,,0
8601,'259.0.3',858,,23115,25,4,,0,100,,23116,25,4,,0,100,,23117,25,4,,0,100,,23118,25,4,,0,100,,23119,25,4,,0,100,,23120,25,4,,0,100,,23121,25,4,,0,145,,23122,25,4,,0,31,,23123,25,4,,0,75,,23124,25,4,,0,34,,23125,25,4,,0,67,,23126,25,4,,0,22,,23127,25,4,,0,25,,23128,25,4,,0,160,,23129,25,4,,0,100,,23130,25,4,,0,100,,23131,25,4,,0,100,,23132,25,4,,0
