6701,'244.0.1',725,,13436,3,,,0,100,,13437,3,,,0,100,,13438,3,,,0,100,,13439,3,,,0,100,,13440,3,,,0,100,,13441,3,,,0,100,,13442,3,,,0,100,,13443,3,,,0,100,,13444,3,,,0,100,,13445,3,,,0,100,,13446,3,,,0,100,,13447,3,,,0,100,,13448,3,,,0,100,,13449,3,,,0,100,,13450,3,,,0,100,,13451,3,,,0
6701,'244.0.2',725,,13452,3,,,0,100,,13453,3,,,0,100,,13454,3,,,0,100,,13455,3,,,0,100,,13456,3,,,0,100,,13457,3,,,0,100,,13458,3,,,0,100,,13459,3,,,0,100,,13460,3,,,0,100,,13461,3,,,0,100,,13462,3,,,0,100,,13463,3,,,0,100,,13464,3,,,0,100,,13465,3,,,0,100,,13466,3,,,0,100,,13467,3,,,0
6701,'244.0.3',610,,13468,3,,,0,30,,13469,3,,,0,70,,13470,3,,,0,30,,13471,3,,,0,70,,13472,3,,,0,30,,13473,3,,,0,100,,13474,3,,,0,100,,13475,3,,,0,100,,13476,3,,,0,100,,13477,3,,,0,100,,13478,3,,,0,100,,13479,3,,,0,70,,13480,3,,,0,30,,13481,3,,,0,70,,13482,3,,,0,30,,13483,3,,,0,70,,13484,3,,,0,30,,13485,3,,,0,69,,13486,3,,,0,30,,13487,3,,,0,70,,13488,3,,,0,100,,13489,3,,,0,100,,13490,3,,,0,100,,13491,3,,,0
1000600,'244.0.3',524,,15344,3,,,0,30,,15345,3,,,0,70,,15346,3,,,0,30,,15347,3,,,0,70,,15348,3,,,0,30,,15349,3,,,0,70,,15350,3,,,0,30,,15351,3,,,0,70,,15352,3,,,0,17,,15353,3,,,0,70,,15354,3,,,0,30,,15355,3,,,0,70,,15356,3,,,0,30,,15357,3,,,0,70,,15358,3,,,0,30,,15359,3,,,0,70,,15360,3,,,0,30,,15361,3,,,0,70,,15362,3,,,0,30,,15363,3,,,0,70,,15364,3,,,0,15,,15365,3,,,0,30,,15366,3,,,0,70,,15367,3,,,0,30,,15368,3,,,0,70,,15369,3,,,0,30,,15370,3,,,0,70,,15371,3,,,0
2000600,'244.0.1',544,,16298,31,,,0,100,,16299,31,,,0,100,,16300,31,,,0,100,,16301,31,,,0,100,,16302,31,,,0,102,,16303,31,,,0,100,,16304,31,,,0,102,,16305,31,,,0,100,,16306,31,,,0,100,,16307,31,,,0,100,,16308,31,,,0,99,,16309,31,,,0,100,,16310,31,,,0,99,,16311,31,,,0,98,,16312,31,,,0,100,,16313,31,,,0,100,,16314,31,,,0,98,,16315,31,,,0,100,,16316,31,,,0,100,,16317,31,,,0
2000600,'244.0.2',540,,16318,31,,,0,103,,16319,31,,,0,100,,16320,31,,,0,100,,16321,31,,,0,100,,16322,31,,,0,102,,16323,31,,,0,100,,16324,31,,,0,100,,16325,31,,,0,101,,16326,31,,,0,100,,16327,31,,,0,100,,16328,31,,,0,100,,16329,31,,,0,100,,16330,31,,,0,100,,16331,31,,,0,100,,16332,31,,,0,98,,16333,31,,,0,100,,16334,31,,,0,97,,16335,31,,,0,100,,16336,31,,,0,100,,16337,31,,,0
2000600,'244.0.3',552,,16338,31,,,0,51,,16339,31,,,0,26,,16340,33,,,0,30,,16341,33,,,0,72,,16342,33,,,0,72,,16343,33,,,0,29,,16344,33,,,0,70,,16345,33,,,0,30,,16346,33,,,0,25,,16347,33,,,0,100,,16348,33,,,0,100,,16349,33,,,0,101,,16350,33,,,0,100,,16351,33,,,0,100,,16352,33,,,0,145,,16353,33,,,0,30,,16354,33,,,0,69,,16355,33,,,0,30,,16356,33,,,0,70,,16357,33,,,0,29,,16358,33,,,0,69,,16359,33,,,0,56,,16360,33,,,0,100,,16361,33,,,0,98,,16362,31,,,0,97,,16363,31,,,0,100,,16364,31,,,0,100,,16365,31,,,0
3000600,'244.0.1',615,,17313,31,,,0,103,,17314,31,,,0,100,,17315,31,,,0,101,,17316,31,,,0,101,,17317,31,,,0,101,,17318,31,,,0,100,,17319,31,,,0,102,,17320,31,,,0,100,,17321,31,,,0,100,,17322,31,,,0,99,,17323,31,,,0,100,,17324,31,,,0,99,,17325,31,,,0,100,,17326,31,,,0,98,,17327,31,,,0,99,,17328,31,,,0,99,,17329,31,,,0,100,,17330,31,,,0,100,,17331,31,,,0,100,,17332,31,,,0
3000600,'244.0.2',615,,17333,31,,,0,103,,17334,31,,,0,100,,17335,31,,,0,100,,17336,31,,,0,100,,17337,31,,,0,102,,17338,31,,,0,101,,17339,31,,,0,101,,17340,31,,,0,100,,17341,31,,,0,100,,17342,31,,,0,99,,17343,31,,,0,100,,17344,31,,,0,100,,17345,31,,,0,100,,17346,31,,,0,100,,17347,31,,,0,98,,17348,31,,,0,98,,17349,31,,,0,100,,17350,31,,,0,100,,17351,31,,,0,100,,17352,31,,,0
3000600,'244.0.3',618,,17353,33,,,0,30,,17354,33,,,0,69,,17355,33,,,0,30,,17356,33,,,0,70,,17357,33,,,0,30,,17358,33,,,0,73,,17359,33,,,0,30,,17360,33,,,0,81,,17361,33,,,0,100,,17362,33,,,0,100,,17363,33,,,0,101,,17364,33,,,0,100,,17365,33,,,0,100,,17366,33,,,0,90,,17367,33,,,0,29,,17368,33,,,0,70,,17369,33,,,0,30,,17370,33,,,0,69,,17371,33,,,0,27,,17372,33,,,0,69,,17373,33,,,0,116,,17374,33,,,0,100,,17375,33,,,0,100,,17376,33,,,0,95,,17377,31,,,0,100,,17378,31,,,0,100,,17379,31,,,0
