201,'244.0.1',607,,9504,17,,,0,100,,9505,17,,,0,100,,9506,17,,,0,15,,9507,17,,,0,15,,9508,17,,,0,15,,9509,17,,,0,55,,9510,17,,,0,15,,9511,17,,,0,15,,9512,17,,,0,15,,9513,17,,,0,56,,9514,17,,,0,16,,9515,17,,,0,15,,9516,17,,,0,15,,9517,17,,,0,55,,9518,17,,,0,15,,9519,17,,,0,15,,9520,17,,,0,15,,9521,17,,,0,55,,9522,17,,,0,15,,9523,17,,,0,15,,9524,17,,,0,15,,9525,17,,,0,55,,9526,17,,,0,15,,9527,17,,,0,15,,9528,17,,,0,15,,9529,17,,,0,55,,9530,17,,,0,15,,9531,17,,,0,15,,9532,17,,,0,15,,9533,17,,,0,55,,9534,17,,,0,15,,9535,17,,,0,15,,9536,17,,,0,15,,9537,17,,,0,55,,9538,17,,,0,15,,9539,17,,,0,14,,9540,17,,,0,15,,9541,17,,,0,55,,9542,17,,,0,15,,9543,17,,,0,15,,9544,17,,,0,15,,9545,17,,,0,55,,9546,17,,,0,15,,9547,17,,,0,14,,9548,17,,,0,14,,9549,17,,,0,55,,9550,17,,,0,30,,9551,17,,,0,70,,9552,17,,,0,30,,9553,17,,,0,70,,9554,17,,,0,30,,9555,17,,,0,70,,9556,17,,,0,30,,9557,17,,,0,70,,9558,17,,,0,30,,9559,17,,,0,70,,9560,17,,,0,30,,9561,17,,,0
201,'244.0.2',616,,9562,17,,,0,100,,9563,17,,,0,95,,9564,17,,,0,20,,9565,17,,,0,20,,9566,17,,,0,60,,9567,17,,,0,20,,9568,17,,,0,22,,9569,17,,,0,60,,9570,17,,,0,20,,9571,17,,,0,20,,9572,17,,,0,60,,9573,17,,,0,20,,9574,17,,,0,20,,9575,17,,,0,60,,9576,17,,,0,20,,9577,17,,,0,20,,9578,17,,,0,60,,9579,17,,,0,20,,9580,17,,,0,20,,9581,17,,,0,60,,9582,17,,,0,20,,9583,17,,,0,20,,9584,17,,,0,60,,9585,17,,,0,20,,9586,17,,,0,20,,9587,17,,,0,60,,9588,17,,,0,20,,9589,17,,,0,20,,9590,17,,,0,60,,9591,17,,,0,20,,9592,17,,,0,20,,9593,17,,,0,55,,9594,17,,,0,29,,9595,17,,,0,69,,9596,17,,,0,30,,9597,17,,,0,70,,9598,17,,,0,30,,9599,17,,,0,70,,9600,17,,,0,30,,9601,17,,,0,70,,9602,17,,,0,30,,9603,17,,,0,70,,9604,17,,,0,30,,9605,17,,,0,70,,9606,17,,,0
201,'244.0.3',538,,9607,17,,,0,70,,9608,17,,,0,30,,9609,17,,,0,15,,9610,17,,,0,55,,9611,17,,,0,17,,9612,17,,,0,17,,9613,17,,,0,15,,9614,17,,,0,55,,9615,17,,,0,15,,9616,17,,,0,15,,9617,17,,,0,15,,9618,17,,,0,54,,9619,17,,,0,15,,9620,17,,,0,15,,9621,17,,,0,15,,9622,17,,,0,55,,9623,17,,,0,15,,9624,17,,,0,15,,9625,17,,,0,15,,9626,17,,,0,55,,9627,17,,,0,15,,9628,17,,,0,15,,9629,17,,,0,15,,9630,17,,,0,55,,9631,17,,,0,15,,9632,17,,,0,15,,9633,17,,,0,15,,9634,17,,,0,55,,9635,17,,,0,15,,9636,17,,,0,15,,9637,17,,,0,15,,9638,17,,,0,55,,9639,17,,,0,15,,9640,17,,,0,15,,9641,17,,,0,15,,9642,17,,,0,55,,9643,17,,,0,15,,9644,17,,,0,15,,9645,17,,,0,15,,9646,17,,,0,55,,9647,17,,,0,15,,9648,17,,,0,15,,9649,17,,,0,15,,9650,17,,,0,55,,9651,17,,,0,15,,9652,17,,,0,15,,9653,17,,,0,14,,9654,17,,,0,55,,9655,17,,,0,15,,9656,17,,,0,15,,9657,17,,,0,70,,9658,17,,,0,30,,9659,17,,,0,70,,9660,17,,,0,30,,9661,17,,,0,70,,9662,17,,,0,30,,9663,17,,,0,70,,9664,17,,,0,30,,9665,17,,,0,70,,9666,17,,,0,30,,9667,17,,,0,70,,9668,17,,,0,30,,9669,17,,,0
301,'244.0.1',615,,9812,15,,,0,100,,9813,15,,,0,100,,9814,15,,,0,30,,9815,15,,,0,70,,9816,15,,,0,30,,9817,15,,,0,70,,9818,15,,,0,32,,9819,15,,,0,70,,9820,15,,,0,30,,9821,15,,,0,70,,9822,15,,,0,30,,9823,15,,,0,70,,9824,15,,,0,30,,9825,15,,,0,70,,9826,15,,,0,30,,9827,15,,,0,70,,9828,15,,,0,30,,9829,15,,,0,70,,9830,15,,,0,30,,9831,15,,,0,70,,9832,15,,,0,30,,9833,15,,,0,67,,9834,15,,,0,30,,9835,15,,,0,70,,9836,15,,,0,30,,9837,15,,,0,70,,9838,15,,,0,30,,9839,15,,,0,70,,9840,15,,,0,30,,9841,15,,,0,70,,9842,15,,,0,30,,9843,15,,,0,70,,9844,15,,,0,30,,9845,15,,,0,70,,9846,15,,,0,30,,9847,15,,,0
301,'244.0.2',614,,9848,15,,,0,100,,9849,15,,,0,100,,9850,15,,,0,30,,9851,15,,,0,70,,9852,15,,,0,20,,9853,15,,,0,20,,9854,15,,,0,60,,9855,15,,,0,21,,9856,15,,,0,20,,9857,15,,,0,60,,9858,15,,,0,20,,9859,15,,,0,20,,9860,15,,,0,60,,9861,15,,,0,20,,9862,15,,,0,20,,9863,15,,,0,60,,9864,15,,,0,20,,9865,15,,,0,20,,9866,15,,,0,60,,9867,15,,,0,20,,9868,15,,,0,20,,9869,15,,,0,60,,9870,15,,,0,20,,9871,15,,,0,20,,9872,15,,,0,60,,9873,15,,,0,20,,9874,15,,,0,20,,9875,15,,,0,60,,9876,15,,,0,20,,9877,15,,,0,20,,9878,15,,,0,60,,9879,15,,,0,30,,9880,15,,,0,70,,9881,15,,,0,30,,9882,15,,,0,70,,9883,15,,,0,30,,9884,15,,,0,68,,9885,15,,,0,30,,9886,15,,,0,70,,9887,15,,,0,30,,9888,15,,,0,70,,9889,15,,,0,30,,9890,15,,,0,70,,9891,15,,,0
301,'244.0.3',545,,9892,15,,,0,70,,9893,15,,,0,15,,9894,15,,,0,15,,9895,15,,,0,55,,9896,15,,,0,15,,9897,15,,,0,16,,9898,15,,,0,17,,9899,15,,,0,55,,9900,15,,,0,15,,9901,15,,,0,15,,9902,15,,,0,15,,9903,15,,,0,55,,9904,15,,,0,14,,9905,15,,,0,19,,9906,15,,,0,20,,9907,15,,,0,60,,9908,15,,,0,20,,9909,15,,,0,20,,9910,15,,,0,60,,9911,15,,,0,20,,9912,15,,,0,20,,9913,15,,,0,60,,9914,15,,,0,20,,9915,15,,,0,20,,9916,15,,,0,60,,9917,15,,,0,20,,9918,15,,,0,20,,9919,15,,,0,60,,9920,15,,,0,20,,9921,15,,,0,20,,9922,15,,,0,61,,9923,15,,,0,15,,9924,15,,,0,15,,9925,15,,,0,55,,9926,15,,,0,15,,9927,15,,,0,15,,9928,15,,,0,15,,9929,15,,,0,55,,9930,15,,,0,15,,9931,15,,,0,15,,9932,15,,,0,15,,9933,15,,,0,54,,9934,15,,,0,14,,9935,15,,,0,15,,9936,15,,,0,15,,9937,15,,,0,60,,9938,15,,,0,20,,9939,15,,,0,20,,9940,15,,,0,60,,9941,15,,,0,20,,9942,15,,,0,20,,9943,15,,,0,60,,9944,15,,,0,10,,9945,15,,,0,30,,9946,15,,,0,70,,9947,15,,,0,28,,9948,15,,,0,70,,9949,15,,,0,33,,9950,15,,,0,70,,9951,15,,,0,30,,9952,15,,,0
801,'244.0.1',558,,10684,54,,,0,70,,10685,54,,,0,30,,10686,54,,,0,70,,10687,54,,,0,72,,10688,54,,,0,33,,10689,54,,,0,70,,10690,54,,,0,30,,10691,54,,,0,71,,10692,54,,,0,34,,10693,54,,,0,70,,10694,54,,,0,30,,10695,54,,,0,70,,10696,54,,,0,30,,10697,54,,,0,72,,10698,54,,,0,31,,10699,54,,,0,70,,10700,54,,,0,30,,10701,54,,,0,70,,10702,54,,,0,30,,10703,54,,,0,70,,10704,54,,,0,30,,10705,54,,,0,70,,10706,54,,,0,29,,10707,54,,,0,68,,10708,54,,,0,29,,10709,54,,,0,70,,10710,54,,,0,28,,10711,54,,,0,65,,10712,54,,,0,29,,10713,54,,,0,30,,10714,54,,,0,70,,10715,54,,,0,30,,10716,54,,,0,70,,10717,54,,,0,30,,10718,54,,,0,70,,10719,54,,,0,30,,10720,54,,,0,100,,10721,54,,,0
801,'244.0.2',603,,10722,54,,,0,30,,10723,54,,,0,70,,10724,54,,,0,30,,10725,54,,,0,70,,10726,54,,,0,30,,10727,54,,,0,71,,10728,54,,,0,35,,10729,54,,,0,70,,10730,54,,,0,30,,10731,54,,,0,71,,10732,54,,,0,30,,10733,54,,,0,70,,10734,54,,,0,30,,10735,54,,,0,70,,10736,54,,,0,30,,10737,54,,,0,70,,10738,54,,,0,30,,10739,54,,,0,70,,10740,54,,,0,30,,10741,54,,,0,70,,10742,54,,,0,30,,10743,54,,,0,70,,10744,54,,,0,30,,10745,54,,,0,69,,10746,54,,,0,28,,10747,54,,,0,70,,10748,54,,,0,30,,10749,54,,,0,70,,10750,54,,,0,30,,10751,54,,,0,68,,10752,54,,,0,27,,10753,54,,,0,70,,10754,54,,,0,30,,10755,54,,,0,100,,10756,54,,,0,100,,10757,54,,,0
801,'244.0.3',549,,10758,54,,,0,70,,10759,54,,,0,30,,10760,54,,,0,60,,10761,54,,,0,29,,10762,54,,,0,20,,10763,54,,,0,60,,10764,54,,,0,20,,10765,54,,,0,20,,10766,54,,,0,57,,10767,54,,,0,17,,10768,54,,,0,20,,10769,54,,,0,60,,10770,54,,,0,20,,10771,54,,,0,20,,10772,54,,,0,60,,10773,54,,,0,20,,10774,54,,,0,20,,10775,54,,,0,60,,10776,54,,,0,20,,10777,54,,,0,20,,10778,54,,,0,60,,10779,54,,,0,20,,10780,54,,,0,20,,10781,54,,,0,60,,10782,54,,,0,20,,10783,54,,,0,20,,10784,54,,,0,60,,10785,54,,,0,23,,10786,54,,,0,73,,10787,54,,,0,30,,10788,54,,,0,70,,10789,54,,,0,30,,10790,54,,,0,68,,10791,54,,,0,25,,10792,54,,,0,28,,10793,54,,,0,70,,10794,54,,,0,30,,10795,54,,,0,70,,10796,54,,,0,30,,10797,54,,,0,66,,10798,54,,,0,29,,10799,54,,,0,70,,10800,54,,,0,30,,10801,54,,,0,70,,10802,54,,,0,30,,10803,54,,,0,70,,10804,54,,,0,30,,10805,54,,,0
9101,'244.0.1',817,,14805,43,,,0,100,,14806,43,,,0,102,,14807,43,,,0,100,,14808,43,,,0,100,,14809,43,,,0,100,,14810,43,,,0,100,,14811,43,,,0,100,,14812,43,,,0,100,,14813,43,,,0,100,,14814,43,,,0,100,,14815,43,,,0,98,,14816,43,,,0,100,,14817,43,,,0,100,,14818,43,,,0,100,,14819,43,,,0,100,,14820,43,,,0
9101,'244.0.2',846,,14821,43,,,0,100,,14822,43,,,0,102,,14823,43,,,0,100,,14824,43,,,0,100,,14825,43,,,0,100,,14826,43,,,0,100,,14827,43,,,0,100,,14828,43,,,0,100,,14829,43,,,0,98,,14830,43,,,0,100,,14831,43,,,0,100,,14832,43,,,0,100,,14833,43,,,0,100,,14834,43,,,0,100,,14835,43,,,0
9101,'244.0.3',620,,14836,43,,,0,30,,14837,43,,,0,78,,14838,43,,,0,24,,14839,43,,,0,70,,14840,43,,,0,37,,14841,43,,,0,66,,14842,43,,,0,29,,14843,43,,,0,100,,14844,43,,,0,103,,14845,43,,,0,100,,14846,43,,,0,99,,14847,43,,,0,150,,14848,43,,,0,101,,14849,43,,,0,31,,14850,43,,,0,70,,14851,43,,,0,32,,14852,43,,,0,70,,14853,43,,,0,22,,14854,43,,,0,94,,14855,43,,,0,100,,14856,43,,,0,100,,14857,43,,,0,100,,14858,43,,,0,100,,14859,43,,,0
