3901,'259.0.1',619,,20827,5,,,0,30,,20828,5,,,0,70,,20829,5,,,0,30,,20830,5,,,0,70,,20831,5,,,0,30,,20832,5,,,0,70,,20833,5,,,0,30,,20834,5,,,0,70,,20835,5,,,0,30,,20836,5,,,0,70,,20837,5,,,0,30,,20838,5,,,0,70,,20839,5,,,0,30,,20840,5,,,0,70,,20841,5,,,0,30,,20842,5,,,0,70,,20843,5,,,0,30,,20844,5,,,0,70,,20845,5,,,0,30,,20846,5,,,0,70,,20847,5,,,0,30,,20848,5,,,0,70,,20849,5,,,0,30,,20850,5,,,0,70,,20851,5,,,0,30,,20852,5,,,0,70,,20853,5,,,0,30,,20854,5,,,0,70,,20855,5,,,0,30,,20856,5,,,0,70,,20857,5,,,0,30,,20858,5,,,0,70,,20859,5,,,0,30,,20860,5,,,0,70,,20861,5,,,0
3901,'259.0.2',649,,20862,5,,,0,100,,20863,5,,,0,100,,20864,5,,,0,100,,20865,5,,,0,100,,20866,5,,,0,100,,20867,5,,,0,100,,20868,5,,,0,100,,20869,5,,,0,100,,20870,5,,,0,100,,20871,5,,,0,100,,20872,5,,,0,100,,20873,5,,,0,100,,20874,5,,,0,100,,20875,5,,,0,100,,20876,5,,,0,100,,20877,5,,,0
3901,'259.0.3',601,,20878,5,,,0,30,,20879,5,,,0,70,,20880,5,,,0,30,,20881,5,,,0,70,,20882,5,,,0,30,,20883,5,,,0,70,,20884,5,,,0,30,,20885,5,,,0,70,,20886,5,,,0,30,,20887,5,,,0,70,,20888,5,,,0,30,,20889,5,,,0,70,,20890,5,,,0,30,,20891,5,,,0,70,,20892,5,,,0,30,,20893,5,,,0,70,,20894,5,,,0,30,,20895,5,,,0,70,,20896,5,,,0,31,,20897,5,,,0,70,,20898,5,,,0,30,,20899,5,,,0,70,,20900,5,,,0,30,,20901,5,,,0,69,,20902,5,,,0,100,,20903,5,,,0,100,,20904,5,,,0,100,,20905,5,,,0,100,,20906,5,,,0,100,,20907,5,,,0
8700,'259.0.1',637,,23133,3,,,0,70,,23134,3,,,0,30,,23135,3,,,0,70,,23136,3,,,0,30,,23137,3,,,0,70,,23138,3,,,0,26,,23139,3,,,0,70,,23140,3,,,0,30,,23141,3,,,0,70,,23142,3,,,0,30,,23143,3,,,0,70,,23144,3,,,0,30,,23145,3,,,0,70,,23146,3,,,0,30,,23147,3,,,0,70,,23148,3,,,0,29,,23149,3,,,0,70,,23150,3,,,0,30,,23151,3,,,0,71,,23152,3,,,0,30,,23153,3,,,0,70,,23154,3,,,0,30,,23155,3,,,0,70,,23156,3,,,0,30,,23157,3,,,0,104,,23158,3,,,0,100,,23159,3,,,0,100,,23160,3,,,0,100,,23161,3,,,0,100,,23162,3,,,0
8700,'259.0.2',642,,23163,3,,,0,100,,23164,3,,,0,100,,23165,3,,,0,100,,23166,3,,,0,100,,23167,3,,,0,100,,23168,3,,,0,98,,23169,3,,,0,100,,23170,3,,,0,100,,23171,3,,,0,100,,23172,3,,,0,100,,23173,3,,,0,102,,23174,3,,,0,100,,23175,3,,,0,100,,23176,3,,,0,100,,23177,3,,,0,100,,23178,3,,,0,100,,23179,3,,,0
8700,'259.0.3',642,,23180,3,,,0,70,,23181,3,,,0,30,,23182,3,,,0,70,,23183,3,,,0,30,,23184,3,,,0,70,,23185,3,,,0,30,,23186,3,,,0,70,,23187,3,,,0,30,,23188,3,,,0,70,,23189,3,,,0,30,,23190,3,,,0,70,,23191,3,,,0,30,,23192,3,,,0,70,,23193,3,,,0,30,,23194,3,,,0,70,,23195,3,,,0,30,,23196,3,,,0,70,,23197,3,,,0,31,,23198,3,,,0,73,,23199,3,,,0,30,,23200,3,,,0,67,,23201,3,,,0,30,,23202,3,,,0,69,,23203,3,,,0,90,,23204,3,,,0,100,,23205,3,,,0,100,,23206,3,,,0,100,,23207,3,,,0,100,,23208,3,,,0,100,,23209,3,,,0
2001000,'259.0.1',655,,25713,28,,,0,85,,25714,28,,,0,70,,25715,28,,,0,30,,25716,28,,,0,70,,25717,28,,,0,31,,25718,28,,,0,73,,25719,28,,,0,30,,25720,28,,,0,70,,25721,28,,,0,33,,25722,28,,,0,70,,25723,28,,,0,30,,25724,28,,,0,70,,25725,28,,,0,30,,25726,28,,,0,70,,25727,28,,,0,30,,25728,28,,,0,70,,25729,28,,,0,30,,25730,28,,,0,70,,25731,28,,,0,30,,25732,28,,,0,70,,25733,28,,,0,30,,25734,28,,,0,70,,25735,28,,,0,30,,25736,28,,,0,68,,25737,28,,,0,30,,25738,28,,,0,70,,25739,28,,,0,85,,25740,28,,,0,56,,25741,28,,,0,100,,25742,28,,,0,100,,25743,28,,,0
2001000,'259.0.2',653,,25744,28,,,0,155,,25745,28,,,0,30,,25746,28,,,0,70,,25747,28,,,0,32,,25748,28,,,0,72,,25749,28,,,0,30,,25750,28,,,0,70,,25751,28,,,0,30,,25752,28,,,0,70,,25753,28,,,0,30,,25754,28,,,0,70,,25755,28,,,0,32,,25756,28,,,0,71,,25757,28,,,0,30,,25758,28,,,0,70,,25759,28,,,0,30,,25760,28,,,0,70,,25761,28,,,0,30,,25762,28,,,0,70,,25763,28,,,0,30,,25764,28,,,0,70,,25765,28,,,0,85,,25766,28,,,0,56,,25767,28,,,0,100,,25768,28,,,0,100,,25769,28,,,0,100,,25770,28,,,0,100,,25771,28,,,0,100,,25772,28,,,0
2001000,'259.0.3',609,,25773,28,,,0,91,,25774,28,,,0,20,,25775,28,,,0,20,,25776,28,,,0,61,,25777,28,,,0,24,,25778,28,,,0,21,,25779,28,,,0,60,,25780,28,,,0,20,,25781,28,,,0,77,,25782,28,,,0,30,,25783,28,,,0,70,,25784,28,,,0,30,,25785,28,,,0,70,,25786,28,,,0,30,,25787,28,,,0,70,,25788,28,,,0,30,,25789,28,,,0,70,,25790,28,,,0,25,,25791,28,,,0,17,,25792,28,,,0,60,,25793,28,,,0,20,,25794,28,,,0,20,,25795,28,,,0,68,,25796,28,,,0,20,,25797,28,,,0,20,,25798,28,,,0,60,,25799,28,,,0,18,,25800,28,,,0,19,,25801,28,,,0,60,,25802,28,,,0,15,,25803,28,,,0,16,,25804,28,,,0,63,,25805,28,,,0,20,,25806,28,,,0,24,,25807,28,,,0,70,,25808,28,,,0,30,,25809,28,,,0,70,,25810,28,,,0,30,,25811,28,,,0
3001000,'259.0.1',625,,26275,28,,,0,100,,26276,28,,,0,30,,26277,28,,,0,70,,26278,28,,,0,30,,26279,28,,,0,71,,26280,28,,,0,33,,26281,28,,,0,70,,26282,28,,,0,30,,26283,28,,,0,70,,26284,28,,,0,73,,26285,28,,,0,30,,26286,28,,,0,70,,26287,28,,,0,30,,26288,28,,,0,70,,26289,28,,,0,30,,26290,28,,,0,70,,26291,28,,,0,30,,26292,28,,,0,70,,26293,28,,,0,30,,26294,28,,,0,70,,26295,28,,,0,30,,26296,28,,,0,70,,26297,28,,,0,30,,26298,28,,,0,68,,26299,28,,,0,30,,26300,28,,,0,100,,26301,28,,,0,100,,26302,28,,,0,96,,26303,28,,,0,100,,26304,28,,,0,100,,26305,28,,,0
3001000,'259.0.2',623,,26307,28,,,0,100,,26308,28,,,0,30,,26309,28,,,0,70,,26310,28,,,0,30,,26311,28,,,0,70,,26312,28,,,0,30,,26313,28,,,0,74,,26314,28,,,0,30,,26315,28,,,0,70,,26316,28,,,0,30,,26317,28,,,0,70,,26318,28,,,0,30,,26319,28,,,0,70,,26320,28,,,0,30,,26321,28,,,0,73,,26322,28,,,0,70,,26323,28,,,0,30,,26324,28,,,0,70,,26325,28,,,0,30,,26326,28,,,0,70,,26327,28,,,0,30,,26328,28,,,0,70,,26329,28,,,0,30,,26330,28,,,0,100,,26331,28,,,0,96,,26332,28,,,0,100,,26333,28,,,0,100,,26334,28,,,0,100,,26335,28,,,0
3001000,'259.0.3',614,,26339,28,,,0,19,,26340,28,,,0,20,,26341,28,,,0,59,,26342,28,,,0,18,,26343,28,,,0,17,,26344,28,,,0,60,,26345,28,,,0,33,,26346,28,,,0,60,,26347,28,,,0,20,,26348,28,,,0,28,,26349,28,,,0,70,,26350,28,,,0,30,,26351,28,,,0,70,,26352,28,,,0,30,,26353,28,,,0,70,,26354,28,,,0,30,,26355,28,,,0,70,,26356,28,,,0,30,,26357,28,,,0,70,,26358,28,,,0,20,,26359,28,,,0,20,,26360,28,,,0,60,,26361,28,,,0,20,,26362,28,,,0,65,,26363,28,,,0,23,,26364,28,,,0,20,,26365,28,,,0,60,,26366,28,,,0,18,,26367,28,,,0,19,,26368,28,,,0,60,,26369,28,,,0,15,,26370,28,,,0,16,,26371,28,,,0,20,,26372,28,,,0,60,,26373,28,,,0,19,,26374,28,,,0,70,,26375,28,,,0,30,,26376,28,,,0,70,,26377,28,,,0,30,,26378,28,,,0,69,,26379,28,,,0,27,,26380,28,,,0,30,,26381,28,,,0,70,,26382,28,,,0,30,,26383,28,,,0,70,,26384,28,,,0
