5801,'244.0.1',614,,12725,22,,,0,100,,12726,22,,,0,100,,12727,22,,,0,100,,12728,22,,,0,100,,12729,22,,,0,100,,12730,22,,,0,100,,12731,22,,,0,100,,12732,22,,,0,100,,12733,22,,,0,100,,12734,22,,,0,100,,12735,22,,,0,100,,12736,22,,,0,100,,12737,22,,,0,100,,12738,22,,,0,100,,12739,22,,,0,100,,12740,22,,,0,100,,12741,22,,,0
5801,'244.0.2',714,,12742,22,,,0,100,,12743,22,,,0,100,,12744,22,,,0,100,,12745,22,,,0,100,,12746,22,,,0,100,,12747,22,,,0,100,,12748,22,,,0,100,,12749,22,,,0,100,,12750,22,,,0,100,,12751,22,,,0,100,,12752,22,,,0,100,,12753,22,,,0,100,,12754,22,,,0,100,,12755,22,,,0,100,,12756,22,,,0,100,,12757,22,,,0
5801,'244.0.3',609,,12758,22,,,0,30,,12759,22,,,0,280,,12760,22,,,0,100,,12761,22,,,0,100,,12762,22,,,0,100,,12763,22,,,0,100,,12764,22,,,0,100,,12765,22,,,0,100,,12766,22,,,0,30,,12767,22,,,0,70,,12768,22,,,0,30,,12769,22,,,0,70,,12770,22,,,0,100,,12771,22,,,0,100,,12772,22,,,0,100,,12773,22,,,0,100,,12774,22,,,0,100,,12775,22,,,0,100,,12776,22,,,0
6301,'244.0.1',751,,13157,32,,,0,100,,13158,32,,,0,100,,13159,32,,,0,100,,13160,32,,,0,100,,13161,32,,,0,100,,13162,32,,,0,100,,13163,32,,,0,100,,13164,32,,,0,100,,13165,32,,,0,100,,13166,32,,,0,100,,13167,32,,,0,100,,13168,32,,,0,97,,13169,32,,,0,100,,13170,32,,,0,100,,13171,32,,,0,100,,13172,32,,,0
6301,'244.0.2',720,,13173,32,,,0,100,,13174,32,,,0,100,,13175,32,,,0,100,,13176,32,,,0,100,,13177,32,,,0,100,,13178,32,,,0,100,,13179,32,,,0,100,,13180,32,,,0,98,,13181,32,,,0,100,,13182,32,,,0,100,,13183,32,,,0,100,,13184,32,,,0,100,,13185,32,,,0,100,,13186,32,,,0,100,,13187,32,,,0
6301,'244.0.3',642,,13188,32,,,0,70,,13189,32,,,0,30,,13190,32,,,0,70,,13191,32,,,0,30,,13192,32,,,0,70,,13193,32,,,0,30,,13194,32,,,0,16,,13195,32,,,0,100,,13196,32,,,0,100,,13197,32,,,0,100,,13198,32,,,0,100,,13199,32,,,0,100,,13200,32,,,0,155,,13201,32,,,0,30,,13202,32,,,0,68,,13203,32,,,0,30,,13204,32,,,0,70,,13205,32,,,0,30,,13206,32,,,0,70,,13207,32,,,0,100,,13208,32,,,0,100,,13209,32,,,0,100,,13210,32,,,0,100,,13211,32,,,0
6700,'244.0.1',805,,13380,15,,,0,100,,13381,15,,,0,104,,13382,15,,,0,102,,13383,15,,,0,100,,13384,15,,,0,100,,13385,15,,,0,100,,13386,15,,,0,100,,13387,15,,,0,100,,13388,15,,,0,100,,13389,15,,,0,100,,13390,15,,,0,95,,13391,15,,,0,99,,13392,15,,,0,100,,13393,15,,,0,100,,13394,15,,,0,100,,13395,15,,,0
6700,'244.0.2',803,,13396,15,,,0,100,,13397,15,,,0,100,,13398,15,,,0,106,,13399,15,,,0,101,,13400,15,,,0,100,,13401,15,,,0,100,,13402,15,,,0,100,,13403,15,,,0,100,,13404,15,,,0,100,,13405,15,,,0,97,,13406,15,,,0,99,,13407,15,,,0,100,,13408,15,,,0,100,,13409,15,,,0,97,,13410,15,,,0,100,,13411,15,,,0
6700,'244.0.3',617,,13412,15,,,0,30,,13413,15,,,0,70,,13414,15,,,0,30,,13415,15,,,0,70,,13416,15,,,0,30,,13417,15,,,0,70,,13418,15,,,0,100,,13419,15,,,0,98,,13420,15,,,0,100,,13421,15,,,0,100,,13422,15,,,0,100,,13423,15,,,0,99,,13424,15,,,0,30,,13425,15,,,0,70,,13426,15,,,0,30,,13427,15,,,0,70,,13428,15,,,0,31,,13429,15,,,0,73,,13430,15,,,0,30,,13431,15,,,0,100,,13432,15,,,0,100,,13433,15,,,0,100,,13434,15,,,0,100,,13435,15,,,0
15801,'244.0.3',709,,14974,22,,,0,30,,14977,22,,,0,70,,14975,22,,,0,30,,14976,22,,,0
