2200,'244.0.1',616,,10968,4,,,0,30,,10969,4,,,0,70,,10970,4,,,0,30,,10971,4,,,0,70,,10972,4,,,0,30,,10973,4,,,0,70,,10974,4,,,0,31,,10975,4,,,0,70,,10976,4,,,0,30,,10977,4,,,0,70,,10978,4,,,0,35,,10979,4,,,0,70,,10980,4,,,0,30,,10981,4,,,0,70,,10982,4,,,0,30,,10983,4,,,0,70,,10984,4,,,0,30,,10985,4,,,0,70,,10986,4,,,0,30,,10987,4,,,0,70,,10988,4,,,0,30,,10989,4,,,0,70,,10990,4,,,0,30,,10991,4,,,0,70,,10992,4,,,0,25,,10993,4,,,0,70,,10994,4,,,0,30,,10995,4,,,0,69,,10996,4,,,0,30,,10997,4,,,0,70,,10998,4,,,0,30,,10999,4,,,0,70,,11000,4,,,0,30,,11001,4,,,0,70,,11002,4,,,0,30,,11003,4,,,0
2200,'244.0.2',636,,11004,4,,,0,70,,11005,4,,,0,30,,11006,4,,,0,70,,11007,4,,,0,30,,11008,4,,,0,70,,11009,4,,,0,30,,11010,4,,,0,70,,11011,4,,,0,30,,11012,4,,,0,70,,11013,4,,,0,31,,11014,4,,,0,70,,11015,4,,,0,30,,11016,4,,,0,70,,11017,4,,,0,30,,11018,4,,,0,70,,11019,4,,,0,30,,11020,4,,,0,70,,11021,4,,,0,30,,11022,4,,,0,70,,11023,4,,,0,30,,11024,4,,,0,70,,11025,4,,,0,30,,11026,4,,,0,70,,11027,4,,,0,30,,11028,4,,,0,70,,11029,4,,,0,30,,11030,4,,,0,70,,11031,4,,,0,29,,11032,4,,,0,70,,11033,4,,,0,30,,11034,4,,,0,70,,11035,4,,,0,30,,11036,4,,,0,70,,11037,4,,,0,30,,11038,4,,,0
2200,'244.0.3',626,,11039,4,,,0,30,,11040,4,,,0,70,,11041,4,,,0,30,,11042,4,,,0,70,,11043,4,,,0,30,,11044,4,,,0,70,,11045,4,,,0,27,,11046,4,,,0,70,,11047,4,,,0,30,,11048,4,,,0,75,,11049,4,,,0,26,,11050,4,,,0,70,,11051,4,,,0,30,,11052,4,,,0,70,,11053,4,,,0,30,,11054,4,,,0,70,,11055,4,,,0,33,,11056,4,,,0,70,,11057,4,,,0,32,,11058,4,,,0,70,,11059,4,,,0,30,,11060,4,,,0,70,,11061,4,,,0,30,,11062,4,,,0,68,,11063,4,,,0,27,,11064,4,,,0,70,,11065,4,,,0,30,,11066,4,,,0,70,,11067,4,,,0,30,,11068,4,,,0,70,,11069,4,,,0,30,,11070,4,,,0,70,,11071,4,,,0,30,,11072,4,,,0,70,,11073,4,,,0,30,,11074,4,,,0
2500,'244.0.1',735,,11401,4,,,0,100,,11402,4,,,0,100,,11403,4,,,0,100,,11404,4,,,0,99,,11405,4,,,0,100,,11406,4,,,0,100,,11407,4,,,0,100,,11408,4,,,0,100,,11409,4,,,0,100,,11410,4,,,0,100,,11411,4,,,0,100,,11412,4,,,0,100,,11413,4,,,0,100,,11414,4,,,0,100,,11415,4,,,0,100,,11416,4,,,0
2500,'244.0.2',835,,11418,4,,,0,100,,11419,4,,,0,100,,11420,4,,,0,100,,11421,4,,,0,100,,11422,4,,,0,100,,11423,4,,,0,100,,11424,4,,,0,100,,11425,4,,,0,100,,11426,4,,,0,100,,11427,4,,,0,100,,11428,4,,,0,100,,11429,4,,,0,100,,11430,4,,,0,100,,11431,4,,,0
2500,'244.0.3',538,,11432,4,,,0,70,,11433,4,,,0,30,,11434,4,,,0,70,,11435,4,,,0,30,,11436,4,,,0,70,,11437,4,,,0,30,,11438,4,,,0,70,,11439,4,,,0,100,,11440,4,,,0,100,,11441,4,,,0,100,,11442,4,,,0,100,,11443,4,,,0,100,,11444,4,,,0,100,,11445,4,,,0,31,,11446,4,,,0,70,,11447,4,,,0,30,,11448,4,,,0,69,,11449,4,,,0,30,,11450,4,,,0,70,,11451,4,,,0,30,,11452,4,,,0,70,,11453,4,,,0,100,,11454,4,,,0,100,,11455,4,,,0,100,,11456,4,,,0,100,,11457,4,,,0
41500,'244.0.3',613,,15320,4,,,0,100,,15321,4,,,0,100,,15322,4,,,0,100,,15323,4,,,0,533,,15327,4,,,0,101,,15324,4,,,0,99,,15325,4,,,0,100,,15326,4,,,0
1000900,'244.0.1',705,,15724,22,,,0,100,,15725,22,,,0,100,,15726,22,,,0,101,,15727,22,,,0,100,,15728,22,,,0,96,,15729,22,,,0,101,,15730,22,,,0,100,,15731,22,,,0,100,,15732,22,,,0,100,,15733,22,,,0,100,,15734,22,,,0,100,,15735,22,,,0,100,,15736,22,,,0,102,,15737,22,,,0,100,,15738,22,,,0,100,,15739,22,,,0,100,,15740,22,,,0,100,,15741,22,,,0
1000900,'244.0.2',705,,15742,22,,,0,96,,15743,22,,,0,100,,15744,22,,,0,100,,15745,22,,,0,105,,15746,22,,,0,100,,15747,22,,,0,100,,15748,22,,,0,100,,15749,22,,,0,100,,15750,22,,,0,100,,15751,22,,,0,100,,15752,22,,,0,100,,15753,22,,,0,100,,15754,22,,,0,100,,15755,22,,,0,98,,15756,22,,,0,100,,15757,22,,,0,100,,15758,22,,,0,100,,15759,22,,,0
1000900,'244.0.3',619,,15760,22,,,0,30,,15761,22,,,0,70,,15762,22,,,0,32,,15763,22,,,0,72,,15764,22,,,0,29,,15765,22,,,0,52,,15766,22,,,0,15,,15767,22,,,0,30,,15768,22,,,0,55,,15769,22,,,0,15,,15770,22,,,0,30,,15771,22,,,0,57,,15772,22,,,0,13,,15773,22,,,0,27,,15774,22,,,0,55,,15775,22,,,0,15,,15776,22,,,0,30,,15777,22,,,0,55,,15778,22,,,0,15,,15779,22,,,0,30,,15780,22,,,0,55,,15781,22,,,0,15,,15782,22,,,0,30,,15783,22,,,0,67,,15784,22,,,0,25,,15785,22,,,0,9,,15786,22,,,0,59,,15787,22,,,0,10,,15788,22,,,0,20,,15789,22,,,0,10,,15790,22,,,0,60,,15791,22,,,0,10,,15792,22,,,0,10,,15793,22,,,0,20,,15794,22,,,0,5,,15795,22,,,0,6,,15796,22,,,0,56,,15797,22,,,0,10,,15798,22,,,0,20,,15799,22,,,0,10,,15800,22,,,0,70,,15801,22,,,0,30,,15802,22,,,0,70,,15803,22,,,0,30,,15804,22,,,0,68,,15805,22,,,0,27,,15806,22,,,0,55,,15807,22,,,0,15,,15808,22,,,0,35,,15809,22,,,0,60,,15810,22,,,0,40,,15811,22,,,0,60,,15812,22,,,0,40,,15813,22,,,0
2000900,'244.0.1',635,,16760,22,,,0,100,,16761,22,,,0,100,,16762,22,,,0,101,,16763,22,,,0,100,,16764,22,,,0,100,,16765,22,,,0,97,,16766,22,,,0,100,,16767,22,,,0,100,,16768,22,,,0,100,,16769,22,,,0,100,,16770,22,,,0,100,,16771,22,,,0,100,,16772,22,,,0,102,,16773,22,,,0,100,,16774,22,,,0,100,,16775,22,,,0,100,,16776,22,,,0,100,,16777,22,,,0,100,,16778,22,,,0
2000900,'244.0.2',636,,16779,22,,,0,97,,16780,22,,,0,98,,16781,22,,,0,100,,16782,22,,,0,105,,16783,22,,,0,100,,16784,22,,,0,100,,16785,22,,,0,100,,16786,22,,,0,100,,16787,22,,,0,100,,16788,22,,,0,100,,16789,22,,,0,100,,16790,22,,,0,100,,16791,22,,,0,100,,16792,22,,,0,98,,16793,22,,,0,100,,16794,22,,,0,100,,16795,22,,,0,100,,16796,22,,,0,100,,16797,22,,,0
2000900,'244.0.3',534,,16798,4,,,0,70,,16799,4,,,0,30,,16800,22,,,0,70,,16801,22,,,0,30,,16802,22,,,0,70,,16803,22,,,0,30,,16804,22,,,0,100,,16805,22,,,0,100,,16806,22,,,0,98,,16807,22,,,0,96,,16808,22,,,0,100,,16809,22,,,0,100,,16810,22,,,0,28,,16811,22,,,0,71,,16812,22,,,0,29,,16813,22,,,0,70,,16814,22,,,0,30,,16815,22,,,0,79,,16816,22,,,0,67,,16817,22,,,0,30,,16818,22,,,0,70,,16819,22,,,0,30,,16820,22,,,0,70,,16821,22,,,0,30,,16822,22,,,0,69,,16823,22,,,0,27,,16824,22,,,0,100,,16825,22,,,0,100,,16826,22,,,0,100,,16827,22,,,0,100,,16828,22,,,0
