201,'244.0.1',556,,9504,2,,,0,100,,9505,2,,,0,100,,9506,2,,,0,55,,9507,2,,,0,15,,9508,2,,,0,15,,9509,2,,,0,15,,9510,2,,,0,55,,9511,2,,,0,15,,9512,2,,,0,15,,9513,2,,,0,15,,9514,2,,,0,56,,9515,2,,,0,15,,9516,2,,,0,15,,9517,2,,,0,15,,9518,2,,,0,55,,9519,2,,,0,15,,9520,2,,,0,15,,9521,2,,,0,15,,9522,2,,,0,55,,9523,2,,,0,15,,9524,2,,,0,15,,9525,2,,,0,15,,9526,2,,,0,55,,9527,2,,,0,15,,9528,2,,,0,15,,9529,2,,,0,15,,9530,2,,,0,55,,9531,2,,,0,15,,9532,2,,,0,15,,9533,2,,,0,15,,9534,2,,,0,55,,9535,2,,,0,15,,9536,2,,,0,15,,9537,2,,,0,15,,9538,2,,,0,55,,9539,2,,,0,14,,9540,2,,,0,15,,9541,2,,,0,15,,9542,2,,,0,55,,9543,2,,,0,15,,9544,2,,,0,15,,9545,2,,,0,15,,9546,2,,,0,55,,9547,2,,,0,15,,9548,2,,,0,15,,9549,2,,,0,15,,9550,2,,,0,70,,9551,2,,,0,30,,9552,2,,,0,70,,9553,2,,,0,30,,9554,2,,,0,70,,9555,2,,,0,30,,9556,2,,,0,70,,9557,2,,,0,30,,9558,2,,,0,70,,9559,2,,,0,30,,9560,2,,,0,70,,9561,2,,,0
201,'244.0.2',606,,9562,2,,,0,100,,9563,2,,,0,95,,9564,2,,,0,20,,9565,2,,,0,20,,9566,2,,,0,60,,9567,2,,,0,20,,9568,2,,,0,20,,9569,2,,,0,60,,9570,2,,,0,20,,9571,2,,,0,20,,9572,2,,,0,60,,9573,2,,,0,20,,9574,2,,,0,20,,9575,2,,,0,60,,9576,2,,,0,20,,9577,2,,,0,20,,9578,2,,,0,60,,9579,2,,,0,20,,9580,2,,,0,20,,9581,2,,,0,60,,9582,2,,,0,20,,9583,2,,,0,20,,9584,2,,,0,60,,9585,2,,,0,20,,9586,2,,,0,20,,9587,2,,,0,60,,9588,2,,,0,20,,9589,2,,,0,20,,9590,2,,,0,60,,9591,2,,,0,20,,9592,2,,,0,20,,9593,2,,,0,15,,9594,2,,,0,70,,9595,2,,,0,30,,9596,2,,,0,70,,9597,2,,,0,30,,9598,2,,,0,70,,9599,2,,,0,30,,9600,2,,,0,70,,9601,2,,,0,30,,9602,2,,,0,70,,9603,2,,,0,30,,9604,2,,,0,70,,9605,2,,,0,30,,9606,2,,,0
201,'244.0.3',526,,9607,2,,,0,30,,9608,2,,,0,70,,9609,2,,,0,15,,9610,2,,,0,15,,9611,2,,,0,57,,9612,2,,,0,16,,9613,2,,,0,15,,9614,2,,,0,15,,9615,2,,,0,55,,9616,2,,,0,15,,9617,2,,,0,15,,9618,2,,,0,15,,9619,2,,,0,55,,9620,2,,,0,15,,9621,2,,,0,15,,9622,2,,,0,15,,9623,2,,,0,55,,9624,2,,,0,15,,9625,2,,,0,15,,9626,2,,,0,15,,9627,2,,,0,55,,9628,2,,,0,15,,9629,2,,,0,15,,9630,2,,,0,15,,9631,2,,,0,55,,9632,2,,,0,15,,9633,2,,,0,15,,9634,2,,,0,15,,9635,2,,,0,55,,9636,2,,,0,15,,9637,2,,,0,15,,9638,2,,,0,15,,9639,2,,,0,55,,9640,2,,,0,15,,9641,2,,,0,15,,9642,2,,,0,15,,9643,2,,,0,55,,9644,2,,,0,15,,9645,2,,,0,15,,9646,2,,,0,15,,9647,2,,,0,55,,9648,2,,,0,15,,9649,2,,,0,15,,9650,2,,,0,15,,9651,2,,,0,55,,9652,2,,,0,15,,9653,2,,,0,14,,9654,2,,,0,15,,9655,2,,,0,55,,9656,2,,,0,15,,9657,2,,,0,30,,9658,2,,,0,70,,9659,2,,,0,30,,9660,2,,,0,70,,9661,2,,,0,30,,9662,2,,,0,70,,9663,2,,,0,30,,9664,2,,,0,70,,9665,2,,,0,30,,9666,2,,,0,70,,9667,2,,,0,30,,9668,2,,,0,70,,9669,2,,,0
301,'244.0.1',606,,9812,2,,,0,100,,9813,2,,,0,100,,9814,2,,,0,30,,9815,2,,,0,70,,9816,2,,,0,30,,9817,2,,,0,70,,9818,2,,,0,30,,9819,2,,,0,70,,9820,2,,,0,30,,9821,2,,,0,70,,9822,2,,,0,30,,9823,2,,,0,70,,9824,2,,,0,30,,9825,2,,,0,70,,9826,2,,,0,30,,9827,2,,,0,70,,9828,2,,,0,30,,9829,2,,,0,70,,9830,2,,,0,30,,9831,2,,,0,70,,9832,2,,,0,30,,9833,2,,,0,69,,9834,2,,,0,30,,9835,2,,,0,70,,9836,2,,,0,30,,9837,2,,,0,70,,9838,2,,,0,30,,9839,2,,,0,70,,9840,2,,,0,30,,9841,2,,,0,70,,9842,2,,,0,30,,9843,2,,,0,70,,9844,2,,,0,30,,9845,2,,,0,70,,9846,2,,,0,30,,9847,2,,,0
301,'244.0.2',605,,9848,2,,,0,100,,9849,2,,,0,100,,9850,2,,,0,30,,9851,2,,,0,70,,9852,2,,,0,20,,9853,2,,,0,20,,9854,2,,,0,60,,9855,2,,,0,20,,9856,2,,,0,20,,9857,2,,,0,60,,9858,2,,,0,20,,9859,2,,,0,20,,9860,2,,,0,60,,9861,2,,,0,20,,9862,2,,,0,20,,9863,2,,,0,60,,9864,2,,,0,20,,9865,2,,,0,20,,9866,2,,,0,60,,9867,2,,,0,20,,9868,2,,,0,20,,9869,2,,,0,60,,9870,2,,,0,20,,9871,2,,,0,20,,9872,2,,,0,60,,9873,2,,,0,20,,9874,2,,,0,20,,9875,2,,,0,60,,9876,2,,,0,20,,9877,2,,,0,20,,9878,2,,,0,60,,9879,2,,,0,30,,9880,2,,,0,70,,9881,2,,,0,30,,9882,2,,,0,70,,9883,2,,,0,30,,9884,2,,,0,70,,9885,2,,,0,30,,9886,2,,,0,70,,9887,2,,,0,30,,9888,2,,,0,70,,9889,2,,,0,30,,9890,2,,,0,70,,9891,2,,,0
301,'244.0.3',535,,9892,2,,,0,70,,9893,2,,,0,15,,9894,2,,,0,15,,9895,2,,,0,15,,9896,2,,,0,55,,9897,2,,,0,15,,9898,2,,,0,16,,9899,2,,,0,15,,9900,2,,,0,55,,9901,2,,,0,15,,9902,2,,,0,15,,9903,2,,,0,15,,9904,2,,,0,55,,9905,2,,,0,20,,9906,2,,,0,20,,9907,2,,,0,60,,9908,2,,,0,20,,9909,2,,,0,20,,9910,2,,,0,60,,9911,2,,,0,20,,9912,2,,,0,20,,9913,2,,,0,60,,9914,2,,,0,20,,9915,2,,,0,20,,9916,2,,,0,60,,9917,2,,,0,20,,9918,2,,,0,20,,9919,2,,,0,60,,9920,2,,,0,20,,9921,2,,,0,20,,9922,2,,,0,60,,9923,2,,,0,15,,9924,2,,,0,15,,9925,2,,,0,15,,9926,2,,,0,55,,9927,2,,,0,15,,9928,2,,,0,15,,9929,2,,,0,15,,9930,2,,,0,55,,9931,2,,,0,15,,9932,2,,,0,15,,9933,2,,,0,15,,9934,2,,,0,54,,9935,2,,,0,15,,9936,2,,,0,15,,9937,2,,,0,20,,9938,2,,,0,60,,9939,2,,,0,20,,9940,2,,,0,20,,9941,2,,,0,60,,9942,2,,,0,20,,9943,2,,,0,20,,9944,2,,,0,50,,9945,2,,,0,30,,9946,2,,,0,70,,9947,2,,,0,30,,9948,2,,,0,70,,9949,2,,,0,33,,9950,2,,,0,70,,9951,2,,,0,30,,9952,2,,,0
401,'244.0.1',606,,10099,2,,,0,100,,10100,2,,,0,100,,10101,2,,,0,30,,10102,2,,,0,70,,10103,2,,,0,30,,10104,2,,,0,70,,10105,2,,,0,30,,10106,2,,,0,70,,10107,2,,,0,30,,10108,2,,,0,70,,10109,2,,,0,30,,10110,2,,,0,70,,10111,2,,,0,30,,10112,2,,,0,70,,10113,2,,,0,30,,10114,2,,,0,70,,10115,2,,,0,30,,10116,2,,,0,70,,10117,2,,,0,30,,10118,2,,,0,70,,10119,2,,,0,30,,10120,2,,,0,70,,10121,2,,,0,30,,10122,2,,,0,70,,10123,2,,,0,30,,10124,2,,,0,70,,10125,2,,,0,30,,10126,2,,,0,70,,10127,2,,,0,30,,10128,2,,,0,70,,10129,2,,,0,100,,10130,2,,,0,100,,10131,2,,,0
401,'244.0.2',706,,10132,2,,,0,30,,10133,2,,,0,70,,10134,2,,,0,30,,10135,2,,,0,70,,10136,2,,,0,30,,10137,2,,,0,70,,10138,2,,,0,30,,10139,2,,,0,68,,10140,2,,,0,30,,10141,2,,,0,70,,10142,2,,,0,30,,10143,2,,,0,70,,10144,2,,,0,30,,10145,2,,,0,70,,10146,2,,,0,30,,10147,2,,,0,70,,10148,2,,,0,30,,10149,2,,,0,70,,10150,2,,,0,30,,10151,2,,,0,70,,10152,2,,,0,30,,10153,2,,,0,70,,10154,2,,,0,30,,10155,2,,,0,70,,10156,2,,,0,32,,10157,2,,,0,70,,10158,2,,,0,100,,10159,2,,,0,100,,10160,2,,,0,100,,10161,2,,,0,100,,10162,2,,,0
401,'244.0.3',546,,10163,2,,,0,55,,10164,2,,,0,15,,10165,2,,,0,15,,10166,2,,,0,15,,10167,2,,,0,55,,10168,2,,,0,8,,10169,2,,,0,8,,10170,2,,,0,8,,10171,2,,,0,8,,10172,2,,,0,8,,10173,2,,,0,8,,10174,2,,,0,8,,10175,2,,,0,48,,10176,2,,,0,8,,10177,2,,,0,8,,10178,2,,,0,8,,10179,2,,,0,8,,10180,2,,,0,8,,10181,2,,,0,8,,10182,2,,,0,48,,10183,2,,,0,8,,10184,2,,,0,8,,10185,2,,,0,8,,10186,2,,,0,8,,10187,2,,,0,8,,10188,2,,,0,8,,10189,2,,,0,8,,10190,2,,,0,48,,10191,2,,,0,11,,10192,2,,,0,15,,10193,2,,,0,15,,10194,2,,,0,55,,10195,2,,,0,15,,10196,2,,,0,15,,10197,2,,,0,15,,10198,2,,,0,55,,10199,2,,,0,15,,10200,2,,,0,15,,10201,2,,,0,15,,10202,2,,,0,55,,10203,2,,,0,15,,10204,2,,,0,15,,10205,2,,,0,15,,10206,2,,,0,55,,10207,2,,,0,15,,10208,2,,,0,15,,10209,2,,,0,15,,10210,2,,,0,55,,10211,2,,,0,15,,10212,2,,,0,15,,10213,2,,,0,15,,10214,2,,,0,55,,10215,2,,,0,15,,10216,2,,,0,15,,10217,2,,,0,15,,10218,2,,,0,55,,10219,2,,,0,15,,10220,2,,,0,15,,10221,2,,,0,15,,10222,2,,,0,55,,10223,2,,,0,15,,10224,2,,,0,15,,10225,2,,,0,20,,10226,2,,,0,60,,10227,2,,,0,20,,10228,2,,,0,20,,10229,2,,,0,60,,10230,2,,,0,20,,10231,2,,,0,20,,10232,2,,,0,60,,10233,2,,,0,20,,10234,2,,,0,20,,10235,2,,,0,70,,10236,2,,,0,30,,10237,2,,,0,70,,10238,2,,,0,30,,10239,2,,,0,70,,10240,2,,,0,30,,10241,2,,,0
13500,'244.0.3',633,,14913,14,,,0,70,,14914,14,,,0,27,,14915,14,,,0,15,,14916,14,,,0,55,,14917,14,,,0,15,,14918,14,,,0
13500,'244.1141.3',716,,14919,14,,,0
13500,'244.1143.3',716,,14920,14,,,0
13600,'244.0.3',626,,14928,17,,,0,27,,14929,17,,,0,54,,14930,17,,,0,13,,14931,17,,,0,14,,14932,17,,,0,16,,14933,17,,,0,9,,14934,17,,,0,59,,14935,17,,,0
13700,'244.0.3',628,,14948,9,,,0,24,,14944,9,,,0,58,,14949,9,,,0,8,,14945,9,,,0,30,,14946,9,,,0,70,,14947,9,,,0
13800,'244.0.3',612,,14956,19,,,0,29,,14957,19,,,0,14,,14958,19,,,0,54,,14959,19,,,0,28,,14960,19,,,0,5,,14961,19,,,0,64,,14962,19,,,0
43301,'244.0.3',600,,15340,2,,,0,45,,15341,2,,,0,1008,,15342,2,,,0,100,,15343,2,,,0
2003000,'244.0.1',605,,17097,2,,,0,30,,17098,2,,,0,70,,17099,2,,,0,30,,17100,2,,,0,70,,17101,2,,,0,30,,17102,2,,,0,70,,17103,2,,,0,30,,17104,2,,,0,70,,17105,2,,,0,30,,17106,2,,,0,70,,17107,2,,,0,30,,17108,2,,,0,70,,17109,2,,,0,30,,17110,2,,,0,70,,17111,2,,,0,30,,17112,2,,,0,70,,17113,2,,,0,30,,17114,2,,,0,70,,17115,2,,,0,30,,17116,2,,,0,70,,17117,2,,,0,30,,17118,2,,,0,70,,17119,2,,,0,30,,17120,2,,,0,70,,17121,2,,,0,30,,17122,2,,,0,70,,17123,2,,,0,30,,17124,2,,,0,70,,17125,2,,,0,30,,17126,2,,,0,70,,17127,2,,,0,30,,17128,2,,,0,70,,17129,2,,,0,30,,17130,2,,,0,70,,17131,2,,,0
2003000,'244.0.2',633,,17132,2,,,0,100,,17133,2,,,0,100,,17134,2,,,0,100,,17135,2,,,0,99,,17136,2,,,0,100,,17137,2,,,0,100,,17138,2,,,0,100,,17139,2,,,0,100,,17140,2,,,0,100,,17141,2,,,0,100,,17142,2,,,0,100,,17143,2,,,0,100,,17144,2,,,0,101,,17145,2,,,0,100,,17146,2,,,0,100,,17147,2,,,0,100,,17148,2,,,0,100,,17149,2,,,0
2003000,'244.0.3',545,,17150,2,,,0,70,,17151,2,,,0,30,,17152,2,,,0,71,,17153,2,,,0,30,,17154,2,,,0,70,,17155,2,,,0,30,,17156,2,,,0,69,,17157,2,,,0,30,,17158,2,,,0,70,,17159,2,,,0,30,,17160,2,,,0,70,,17161,2,,,0,30,,17162,2,,,0,70,,17163,2,,,0,30,,17164,2,,,0,70,,17165,2,,,0,30,,17166,2,,,0,70,,17167,2,,,0,31,,17168,2,,,0,70,,17169,2,,,0,30,,17170,2,,,0,70,,17171,2,,,0,30,,17172,2,,,0,70,,17173,2,,,0,30,,17174,2,,,0,70,,17175,2,,,0,30,,17176,2,,,0,70,,17177,2,,,0,29,,17178,2,,,0,70,,17179,2,,,0,30,,17180,2,,,0,70,,17181,2,,,0,30,,17182,2,,,0,70,,17183,2,,,0,30,,17184,2,,,0,70,,17185,2,,,0
