2401,'244.0.1',640,,11292,49,,,0,70,,11293,49,,,0,30,,11294,49,,,0,70,,11295,49,,,0,30,,11296,49,,,0,70,,11297,49,,,0,30,,11298,49,,,0,71,,11299,49,,,0,37,,11300,49,,,0,71,,11301,49,,,0,30,,11302,49,,,0,71,,11303,49,,,0,32,,11304,49,,,0,70,,11305,49,,,0,30,,11306,49,,,0,70,,11307,49,,,0,30,,11308,49,,,0,70,,11309,49,,,0,28,,11310,49,,,0,70,,11311,49,,,0,30,,11312,49,,,0,70,,11313,49,,,0,30,,11314,49,,,0,70,,11315,49,,,0,30,,11316,49,,,0,67,,11317,49,,,0,27,,11318,49,,,0,70,,11319,49,,,0,30,,11320,49,,,0,68,,11321,49,,,0,28,,11322,49,,,0,70,,11323,49,,,0,30,,11324,49,,,0,70,,11325,49,,,0,30,,11326,49,,,0,70,,11327,49,,,0
2401,'244.0.2',638,,11328,49,,,0,70,,11329,49,,,0,30,,11330,49,,,0,70,,11331,49,,,0,30,,11332,49,,,0,70,,11333,49,,,0,30,,11334,49,,,0,72,,11335,49,,,0,36,,11336,49,,,0,70,,11337,49,,,0,30,,11338,49,,,0,70,,11339,49,,,0,30,,11340,49,,,0,70,,11341,49,,,0,31,,11342,49,,,0,70,,11343,49,,,0,30,,11344,49,,,0,70,,11345,49,,,0,30,,11346,49,,,0,70,,11347,49,,,0,30,,11348,49,,,0,70,,11349,49,,,0,30,,11350,49,,,0,70,,11351,49,,,0,30,,11352,49,,,0,68,,11353,49,,,0,28,,11354,49,,,0,69,,11355,49,,,0,28,,11356,49,,,0,70,,11357,49,,,0,30,,11358,49,,,0,70,,11359,49,,,0,30,,11360,49,,,0,70,,11361,49,,,0,30,,11362,49,,,0,70,,11363,49,,,0
2401,'244.0.3',717,,11364,49,,,0,30,,11365,49,,,0,74,,11366,49,,,0,31,,11367,49,,,0,70,,11368,49,,,0,30,,11369,49,,,0,65,,11370,49,,,0,30,,11371,49,,,0,70,,11372,49,,,0,31,,11373,49,,,0,71,,11374,49,,,0,30,,11375,49,,,0,70,,11376,49,,,0,30,,11377,49,,,0,70,,11378,49,,,0,33,,11379,49,,,0,71,,11380,49,,,0,79,,11381,49,,,0,30,,11382,49,,,0,70,,11383,49,,,0,29,,11384,49,,,0,22,,11385,49,,,0,68,,11386,49,,,0,30,,11387,49,,,0,66,,11388,49,,,0,28,,11389,49,,,0,66,,11390,49,,,0,30,,11391,49,,,0,70,,11392,49,,,0,30,,11393,49,,,0,70,,11394,49,,,0,30,,11395,49,,,0,70,,11396,49,,,0,30,,11397,49,,,0,70,,11398,49,,,0,30,,11399,49,,,0
12701,'244.0.3',1611,,14902,19,,,0,17,,14903,19,,,0,16,,14904,19,,,0,81,,14905,19,,,0,15,,14906,19,,,0,14,,14907,19,,,0,55,,14908,19,,,0
12701,'244.1141.3',1654,,14909,19,,,0,57,,14910,19,,,0
12701,'244.1143.3',1654,,14911,19,,,0,57,,14912,19,,,0
1000900,'244.0.1',712,,15724,34,,,0,100,,15725,34,,,0,100,,15726,34,,,0,101,,15727,34,,,0,100,,15728,34,,,0,96,,15729,34,,,0,103,,15730,34,,,0,100,,15731,34,,,0,100,,15732,34,,,0,100,,15733,34,,,0,100,,15734,34,,,0,100,,15735,34,,,0,100,,15736,34,,,0,100,,15737,34,,,0,100,,15738,34,,,0,100,,15739,34,,,0,100,,15740,34,,,0,100,,15741,34,,,0
1000900,'244.0.2',710,,15742,34,,,0,96,,15743,34,,,0,100,,15744,34,,,0,100,,15745,34,,,0,108,,15746,34,,,0,100,,15747,34,,,0,100,,15748,34,,,0,100,,15749,34,,,0,100,,15750,34,,,0,100,,15751,34,,,0,100,,15752,34,,,0,100,,15753,34,,,0,100,,15754,34,,,0,100,,15755,34,,,0,97,,15756,34,,,0,100,,15757,34,,,0,100,,15758,34,,,0,100,,15759,34,,,0
1000900,'244.0.3',626,,15760,34,,,0,30,,15761,34,,,0,70,,15762,34,,,0,32,,15763,34,,,0,72,,15764,34,,,0,29,,15765,34,,,0,52,,15766,34,,,0,15,,15767,34,,,0,30,,15768,34,,,0,55,,15769,34,,,0,15,,15770,34,,,0,30,,15771,34,,,0,58,,15772,34,,,0,13,,15773,34,,,0,27,,15774,34,,,0,55,,15775,34,,,0,15,,15776,34,,,0,30,,15777,34,,,0,55,,15778,34,,,0,15,,15779,34,,,0,30,,15780,34,,,0,55,,15781,34,,,0,15,,15782,34,,,0,30,,15783,34,,,0,69,,15784,34,,,0,25,,15785,34,,,0,9,,15786,34,,,0,59,,15787,34,,,0,10,,15788,34,,,0,20,,15789,34,,,0,10,,15790,34,,,0,60,,15791,34,,,0,10,,15792,34,,,0,10,,15793,34,,,0,17,,15794,34,,,0,5,,15795,34,,,0,46,,15796,34,,,0,16,,15797,34,,,0,10,,15798,34,,,0,20,,15799,34,,,0,50,,15800,34,,,0,30,,15801,34,,,0,70,,15802,34,,,0,30,,15803,34,,,0,70,,15804,34,,,0,27,,15805,34,,,0,27,,15806,34,,,0,55,,15807,34,,,0,15,,15808,34,,,0,35,,15809,34,,,0,60,,15810,34,,,0,40,,15811,34,,,0,60,,15812,34,,,0,40,,15813,34,,,0
2000900,'244.0.1',642,,16760,34,,,0,100,,16761,34,,,0,100,,16762,34,,,0,101,,16763,34,,,0,100,,16764,34,,,0,100,,16765,34,,,0,99,,16766,34,,,0,100,,16767,34,,,0,100,,16768,34,,,0,100,,16769,34,,,0,100,,16770,34,,,0,100,,16771,34,,,0,100,,16772,34,,,0,100,,16773,34,,,0,100,,16774,34,,,0,100,,16775,34,,,0,100,,16776,34,,,0,100,,16777,34,,,0,100,,16778,34,,,0
2000900,'244.0.2',641,,16779,34,,,0,97,,16780,34,,,0,98,,16781,34,,,0,100,,16782,34,,,0,108,,16783,34,,,0,100,,16784,34,,,0,100,,16785,34,,,0,100,,16786,34,,,0,100,,16787,34,,,0,100,,16788,34,,,0,100,,16789,34,,,0,100,,16790,34,,,0,100,,16791,34,,,0,100,,16792,34,,,0,97,,16793,34,,,0,100,,16794,34,,,0,100,,16795,34,,,0,100,,16796,34,,,0,100,,16797,34,,,0
2000900,'244.0.3',541,,16798,16,,,0,70,,16799,16,,,0,30,,16800,34,,,0,70,,16801,34,,,0,30,,16802,34,,,0,70,,16803,34,,,0,30,,16804,34,,,0,100,,16805,34,,,0,100,,16806,34,,,0,99,,16807,34,,,0,96,,16808,34,,,0,100,,16809,34,,,0,100,,16810,34,,,0,68,,16811,34,,,0,33,,16812,34,,,0,69,,16813,34,,,0,30,,16814,34,,,0,70,,16815,34,,,0,36,,16816,34,,,0,67,,16817,34,,,0,30,,16818,34,,,0,70,,16819,34,,,0,30,,16820,34,,,0,70,,16821,34,,,0,30,,16822,34,,,0,68,,16823,34,,,0,27,,16824,34,,,0,100,,16825,34,,,0,100,,16826,34,,,0,100,,16827,34,,,0,100,,16828,34,,,0
