5800,'244.0.1',622,,12673,6,,,0,100,,12674,6,,,0,100,,12675,6,,,0,100,,12676,6,,,0,100,,12677,6,,,0,100,,12678,6,,,0,100,,12679,6,,,0,100,,12680,6,,,0,100,,12681,6,,,0,100,,12682,6,,,0,100,,12683,6,,,0,100,,12684,6,,,0,100,,12685,6,,,0,100,,12686,6,,,0,100,,12687,6,,,0,100,,12688,6,,,0,100,,12689,6,,,0
5800,'244.0.2',722,,12690,6,,,0,100,,12691,6,,,0,100,,12692,6,,,0,100,,12693,6,,,0,100,,12694,6,,,0,100,,12695,6,,,0,100,,12696,6,,,0,100,,12697,6,,,0,100,,12698,6,,,0,100,,12699,6,,,0,100,,12700,6,,,0,100,,12701,6,,,0,100,,12702,6,,,0,100,,12703,6,,,0,100,,12704,6,,,0,100,,12705,6,,,0
5800,'244.0.3',610,,12706,6,,,0,30,,12707,6,,,0,70,,12708,6,,,0,30,,12709,6,,,0,70,,12710,6,,,0,117,,12711,6,,,0,100,,12712,6,,,0,100,,12713,6,,,0,100,,12714,6,,,0,100,,12715,6,,,0,101,,12716,6,,,0,100,,12717,6,,,0,30,,12718,6,,,0,270,,12719,6,,,0,99,,12720,6,,,0,100,,12721,6,,,0,100,,12722,6,,,0,100,,12723,6,,,0,100,,12724,6,,,0
6300,'244.0.1',758,,13103,6,,,0,100,,13104,6,,,0,100,,13105,6,,,0,100,,13106,6,,,0,100,,13107,6,,,0,100,,13108,6,,,0,100,,13109,6,,,0,100,,13110,6,,,0,100,,13111,6,,,0,100,,13112,6,,,0,100,,13113,6,,,0,100,,13114,6,,,0,97,,13115,6,,,0,100,,13116,6,,,0,100,,13117,6,,,0,100,,13118,6,,,0
6300,'244.0.2',727,,13119,6,,,0,100,,13120,6,,,0,100,,13121,6,,,0,100,,13122,6,,,0,100,,13123,6,,,0,100,,13124,6,,,0,100,,13125,6,,,0,100,,13126,6,,,0,98,,13127,6,,,0,100,,13128,6,,,0,100,,13129,6,,,0,100,,13130,6,,,0,100,,13131,6,,,0,100,,13132,6,,,0,100,,13133,6,,,0
6300,'244.0.3',649,,13134,6,,,0,70,,13135,6,,,0,30,,13136,6,,,0,70,,13137,6,,,0,30,,13138,6,,,0,70,,13139,6,,,0,30,,13140,6,,,0,56,,13141,6,,,0,100,,13142,6,,,0,100,,13143,6,,,0,100,,13144,6,,,0,100,,13145,6,,,0,101,,13146,6,,,0,115,,13147,6,,,0,30,,13148,6,,,0,68,,13149,6,,,0,30,,13150,6,,,0,70,,13151,6,,,0,29,,13152,6,,,0,70,,13153,6,,,0,100,,13154,6,,,0,100,,13155,6,,,0,100,,13156,6,,,0
6701,'244.0.1',740,,13436,20,,,0,100,,13437,20,,,0,102,,13438,20,,,0,100,,13439,20,,,0,100,,13440,20,,,0,100,,13441,20,,,0,100,,13442,20,,,0,100,,13443,20,,,0,100,,13444,20,,,0,100,,13445,20,,,0,100,,13446,20,,,0,98,,13447,20,,,0,100,,13448,20,,,0,100,,13449,20,,,0,100,,13450,20,,,0,100,,13451,20,,,0
6701,'244.0.2',740,,13452,20,,,0,100,,13453,20,,,0,100,,13454,20,,,0,102,,13455,20,,,0,100,,13456,20,,,0,100,,13457,20,,,0,100,,13458,20,,,0,100,,13459,20,,,0,100,,13460,20,,,0,100,,13461,20,,,0,98,,13462,20,,,0,100,,13463,20,,,0,100,,13464,20,,,0,100,,13465,20,,,0,99,,13466,20,,,0,100,,13467,20,,,0
6701,'244.0.3',625,,13468,20,,,0,30,,13469,20,,,0,70,,13470,20,,,0,30,,13471,20,,,0,70,,13472,20,,,0,30,,13473,20,,,0,102,,13474,20,,,0,100,,13475,20,,,0,100,,13476,20,,,0,100,,13477,20,,,0,100,,13478,20,,,0,101,,13479,20,,,0,70,,13480,20,,,0,30,,13481,20,,,0,70,,13482,20,,,0,30,,13483,20,,,0,70,,13484,20,,,0,30,,13485,20,,,0,68,,13486,20,,,0,30,,13487,20,,,0,70,,13488,20,,,0,98,,13489,20,,,0,100,,13490,20,,,0,100,,13491,20,,,0
15800,'244.0.3',1616,,14970,18,,,0,32,,14971,18,,,0,72,,14972,18,,,0,27,,14973,18,,,0
