801,'244.0.1',556,,10684,51,,,0,70,,10685,51,,,0,30,,10686,51,,,0,70,,10687,51,,,0,30,,10688,51,,,0,73,,10689,51,,,0,30,,10690,51,,,0,70,,10691,51,,,0,71,,10692,51,,,0,34,,10693,51,,,0,70,,10694,51,,,0,30,,10695,51,,,0,70,,10696,51,,,0,30,,10697,51,,,0,71,,10698,51,,,0,31,,10699,51,,,0,70,,10700,51,,,0,30,,10701,51,,,0,70,,10702,51,,,0,30,,10703,51,,,0,70,,10704,51,,,0,30,,10705,51,,,0,70,,10706,51,,,0,30,,10707,51,,,0,68,,10708,51,,,0,29,,10709,51,,,0,70,,10710,51,,,0,29,,10711,51,,,0,25,,10712,51,,,0,69,,10713,51,,,0,30,,10714,51,,,0,70,,10715,51,,,0,30,,10716,51,,,0,70,,10717,51,,,0,30,,10718,51,,,0,70,,10719,51,,,0,30,,10720,51,,,0,100,,10721,51,,,0
801,'244.0.2',600,,10722,51,,,0,30,,10723,51,,,0,70,,10724,51,,,0,30,,10725,51,,,0,70,,10726,51,,,0,30,,10727,51,,,0,70,,10728,51,,,0,35,,10729,51,,,0,70,,10730,51,,,0,30,,10731,51,,,0,71,,10732,51,,,0,30,,10733,51,,,0,70,,10734,51,,,0,30,,10735,51,,,0,70,,10736,51,,,0,30,,10737,51,,,0,70,,10738,51,,,0,30,,10739,51,,,0,70,,10740,51,,,0,30,,10741,51,,,0,70,,10742,51,,,0,30,,10743,51,,,0,70,,10744,51,,,0,30,,10745,51,,,0,69,,10746,51,,,0,28,,10747,51,,,0,70,,10748,51,,,0,30,,10749,51,,,0,70,,10750,51,,,0,30,,10751,51,,,0,70,,10752,51,,,0,27,,10753,51,,,0,70,,10754,51,,,0,30,,10755,51,,,0,100,,10756,51,,,0,100,,10757,51,,,0
801,'244.0.3',546,,10758,51,,,0,70,,10759,51,,,0,30,,10760,51,,,0,60,,10761,51,,,0,25,,10762,51,,,0,20,,10763,51,,,0,60,,10764,51,,,0,20,,10765,51,,,0,20,,10766,51,,,0,59,,10767,51,,,0,17,,10768,51,,,0,20,,10769,51,,,0,60,,10770,51,,,0,20,,10771,51,,,0,20,,10772,51,,,0,60,,10773,51,,,0,20,,10774,51,,,0,20,,10775,51,,,0,60,,10776,51,,,0,20,,10777,51,,,0,20,,10778,51,,,0,60,,10779,51,,,0,20,,10780,51,,,0,20,,10781,51,,,0,60,,10782,51,,,0,20,,10783,51,,,0,20,,10784,51,,,0,60,,10785,51,,,0,23,,10786,51,,,0,73,,10787,51,,,0,30,,10788,51,,,0,70,,10789,51,,,0,30,,10790,51,,,0,69,,10791,51,,,0,25,,10792,51,,,0,28,,10793,51,,,0,70,,10794,51,,,0,30,,10795,51,,,0,70,,10796,51,,,0,30,,10797,51,,,0,67,,10798,51,,,0,29,,10799,51,,,0,70,,10800,51,,,0,30,,10801,51,,,0,70,,10802,51,,,0,30,,10803,51,,,0,70,,10804,51,,,0,30,,10805,51,,,0
3900,'244.0.1',617,,11919,27,,,0,30,,11920,27,,,0,70,,11921,27,,,0,30,,11922,27,,,0,70,,11923,27,,,0,30,,11924,27,,,0,70,,11925,27,,,0,30,,11926,27,,,0,70,,11927,27,,,0,31,,11928,27,,,0,70,,11929,27,,,0,30,,11930,27,,,0,70,,11931,27,,,0,30,,11932,27,,,0,70,,11933,27,,,0,30,,11934,27,,,0,70,,11935,27,,,0,30,,11936,27,,,0,70,,11937,27,,,0,30,,11938,27,,,0,70,,11939,27,,,0,30,,11940,27,,,0,70,,11941,27,,,0,30,,11942,27,,,0,70,,11943,27,,,0,30,,11944,27,,,0,70,,11945,27,,,0,30,,11946,27,,,0,70,,11947,27,,,0,30,,11948,27,,,0,70,,11949,27,,,0,30,,11950,27,,,0,70,,11951,27,,,0,30,,11952,27,,,0,70,,11953,27,,,0
3900,'244.0.2',618,,11954,27,,,0,100,,11955,27,,,0,100,,11956,27,,,0,100,,11957,27,,,0,100,,11958,27,,,0,100,,11959,27,,,0,101,,11960,27,,,0,100,,11961,27,,,0,100,,11962,27,,,0,100,,11963,27,,,0,100,,11964,27,,,0,100,,11965,27,,,0,100,,11966,27,,,0,100,,11967,27,,,0,100,,11968,27,,,0,100,,11969,27,,,0
3900,'244.0.3',621,,11970,27,,,0,30,,11971,27,,,0,72,,11972,27,,,0,31,,11973,27,,,0,70,,11974,27,,,0,29,,11975,27,,,0,68,,11976,27,,,0,30,,11977,27,,,0,70,,11978,27,,,0,30,,11979,27,,,0,70,,11980,27,,,0,30,,11981,27,,,0,70,,11982,27,,,0,30,,11983,27,,,0,70,,11984,27,,,0,30,,11985,27,,,0,70,,11986,27,,,0,30,,11987,27,,,0,73,,11988,27,,,0,30,,11989,27,,,0,70,,11990,27,,,0,30,,11991,27,,,0,70,,11992,27,,,0,30,,11993,27,,,0,67,,11994,27,,,0,30,,11995,27,,,0,100,,11996,27,,,0,100,,11997,27,,,0,100,,11998,27,,,0,100,,11999,27,,,0
9001,'244.0.1',619,,14654,36,,,0,30,,14655,36,,,0,70,,14656,36,,,0,25,,14657,36,,,0,70,,14658,36,,,0,30,,14659,36,,,0,70,,14660,36,,,0,25,,14661,36,,,0,72,,14662,36,,,0,31,,14663,36,,,0,70,,14664,36,,,0,30,,14665,36,,,0,70,,14666,36,,,0,30,,14667,36,,,0,70,,14668,36,,,0,30,,14669,36,,,0,70,,14670,36,,,0,30,,14671,36,,,0,70,,14672,36,,,0,30,,14673,36,,,0,70,,14674,36,,,0,30,,14675,36,,,0,70,,14676,36,,,0,35,,14677,36,,,0,67,,14678,36,,,0,29,,14679,36,,,0,70,,14680,36,,,0,30,,14681,36,,,0,70,,14682,36,,,0,100,,14683,36,,,0,100,,14684,36,,,0,100,,14685,36,,,0,100,,14686,36,,,0
9001,'244.0.2',606,,14687,36,,,0,100,,14688,36,,,0,100,,14689,36,,,0,100,,14690,36,,,0,97,,14691,36,,,0,102,,14692,36,,,0,100,,14693,36,,,0,102,,14694,36,,,0,100,,14695,36,,,0,98,,14696,36,,,0,100,,14697,36,,,0,100,,14698,36,,,0,98,,14699,36,,,0,103,,14700,36,,,0,105,,14701,36,,,0,98,,14702,36,,,0,99,,14703,36,,,0,99,,14704,36,,,0
9001,'244.0.3',552,,14705,36,,,0,70,,14706,36,,,0,30,,14707,36,,,0,61,,14739,36,,,0,13,,14708,36,,,0,15,,14740,36,,,0,10,,14709,36,,,0,55,,14741,36,,,0,15,,14710,36,,,0,16,,14742,36,,,0,11,,14711,36,,,0,55,,14743,36,,,0,15,,14712,36,,,0,30,,14713,36,,,0,65,,14714,36,,,0,30,,14715,36,,,0,70,,14716,36,,,0,30,,14717,36,,,0,70,,14718,36,,,0,30,,14719,36,,,0,70,,14720,36,,,0,30,,14721,36,,,0,70,,14722,36,,,0,30,,14723,36,,,0,71,,14724,36,,,0,33,,14725,36,,,0,61,,14744,36,,,0,22,,14726,36,,,0,8,,14745,36,,,0,65,,14727,36,,,0,15,,14746,36,,,0,15,,14728,36,,,0,14,,14747,36,,,0,12,,14729,36,,,0,53,,14748,36,,,0,13,,14730,36,,,0,12,,14749,36,,,0,13,,14731,36,,,0,52,,14750,36,,,0,13,,14732,36,,,0,30,,14733,36,,,0,69,,14734,36,,,0,30,,14735,36,,,0,100,,14736,36,,,0,100,,14737,36,,,0,100,,14738,36,,,0
9101,'244.0.1',814,,14805,40,,,0,100,,14806,40,,,0,101,,14807,40,,,0,100,,14808,40,,,0,100,,14809,40,,,0,100,,14810,40,,,0,100,,14811,40,,,0,100,,14812,40,,,0,100,,14813,40,,,0,100,,14814,40,,,0,100,,14815,40,,,0,99,,14816,40,,,0,100,,14817,40,,,0,100,,14818,40,,,0,100,,14819,40,,,0,100,,14820,40,,,0
9101,'244.0.2',843,,14821,40,,,0,100,,14822,40,,,0,101,,14823,40,,,0,100,,14824,40,,,0,100,,14825,40,,,0,100,,14826,40,,,0,100,,14827,40,,,0,100,,14828,40,,,0,100,,14829,40,,,0,99,,14830,40,,,0,100,,14831,40,,,0,100,,14832,40,,,0,100,,14833,40,,,0,100,,14834,40,,,0,100,,14835,40,,,0
9101,'244.0.3',617,,14836,40,,,0,30,,14837,40,,,0,77,,14838,40,,,0,24,,14839,40,,,0,70,,14840,40,,,0,37,,14841,40,,,0,67,,14842,40,,,0,29,,14843,40,,,0,100,,14844,40,,,0,103,,14845,40,,,0,100,,14846,40,,,0,99,,14847,40,,,0,149,,14848,40,,,0,101,,14849,40,,,0,31,,14850,40,,,0,70,,14851,40,,,0,32,,14852,40,,,0,70,,14853,40,,,0,23,,14854,40,,,0,94,,14855,40,,,0,100,,14856,40,,,0,100,,14857,40,,,0,100,,14858,40,,,0,100,,14859,40,,,0
9301,'244.0.3',623,,14867,37,,,0,30,,14868,37,,,0,71,,14869,37,,,0,31,,14870,37,,,0,71,,14871,37,,,0,28,,14872,37,,,0
