100,'259.0.1',615,,17670,30,,,0,15,,17671,30,,,0,15,,17672,30,,,0,55,,17673,30,,,0,15,,17674,30,,,0,15,,17675,30,,,0,15,,17676,30,,,0,55,,17677,30,,,0,18,,17678,30,,,0,15,,17679,30,,,0,15,,17680,30,,,0,55,,17681,30,,,0,15,,17682,30,,,0,16,,17683,30,,,0,17,,17684,30,,,0,55,,17685,30,,,0,15,,17686,30,,,0,15,,17687,30,,,0,15,,17688,30,,,0,58,,17689,30,,,0,16,,17690,30,,,0,15,,17691,30,,,0,15,,17692,30,,,0,55,,17693,30,,,0,15,,17694,30,,,0,15,,17695,30,,,0,15,,17696,30,,,0,55,,17697,30,,,0,15,,17698,30,,,0,15,,17699,30,,,0,15,,17700,30,,,0,55,,17701,30,,,0,15,,17702,30,,,0,15,,17703,30,,,0,15,,17704,30,,,0,55,,17705,30,,,0,15,,17706,30,,,0,15,,17707,30,,,0,15,,17708,30,,,0,55,,17709,30,,,0,15,,17710,30,,,0,15,,17711,30,,,0,15,,17712,30,,,0,55,,17713,30,,,0,15,,17714,30,,,0,15,,17715,30,,,0,15,,17716,30,,,0,55,,17717,30,,,0,15,,17718,30,,,0,15,,17719,30,,,0,15,,17720,30,,,0,55,,17721,30,,,0,13,,17722,30,,,0,14,,17723,30,,,0,15,,17724,30,,,0,55,,17725,30,,,0,15,,17726,30,,,0,15,,17727,30,,,0,15,,17728,30,,,0,55,,17729,30,,,0,15,,17730,30,,,0,15,,17731,30,,,0,15,,17732,30,,,0,55,,17733,30,,,0,13,,17734,30,,,0,13,,17735,30,,,0,15,,17736,30,,,0,55,,17737,30,,,0,15,,17738,30,,,0,15,,17739,30,,,0,15,,17740,30,,,0,55,,17741,30,,,0,15,,17742,30,,,0,15,,17743,30,,,0,15,,17744,30,,,0,55,,17745,30,,,0
100,'259.0.2',616,,17746,30,,,0,15,,17747,30,,,0,15,,17748,30,,,0,55,,17749,30,,,0,15,,17750,30,,,0,15,,17751,30,,,0,15,,17752,30,,,0,55,,17753,30,,,0,15,,17754,30,,,0,15,,17755,30,,,0,18,,17756,30,,,0,55,,17757,30,,,0,15,,17758,30,,,0,15,,17759,30,,,0,15,,17760,30,,,0,55,,17761,30,,,0,16,,17762,30,,,0,17,,17763,30,,,0,15,,17764,30,,,0,55,,17765,30,,,0,15,,17766,30,,,0,15,,17767,30,,,0,15,,17768,30,,,0,57,,17769,30,,,0,16,,17770,30,,,0,15,,17771,30,,,0,15,,17772,30,,,0,55,,17773,30,,,0,15,,17774,30,,,0,15,,17775,30,,,0,15,,17776,30,,,0,55,,17777,30,,,0,15,,17778,30,,,0,15,,17779,30,,,0,15,,17780,30,,,0,55,,17781,30,,,0,15,,17782,30,,,0,15,,17783,30,,,0,15,,17784,30,,,0,55,,17785,30,,,0,15,,17786,30,,,0,15,,17787,30,,,0,15,,17788,30,,,0,55,,17789,30,,,0,15,,17790,30,,,0,15,,17791,30,,,0,15,,17792,30,,,0,55,,17793,30,,,0,15,,17794,30,,,0,13,,17795,30,,,0,13,,17796,30,,,0,55,,17797,30,,,0,15,,17798,30,,,0,15,,17799,30,,,0,15,,17800,30,,,0,55,,17801,30,,,0,15,,17802,30,,,0,15,,17803,30,,,0,70,,17804,30,,,0,30,,17805,30,,,0,70,,17806,30,,,0,27,,17807,30,,,0,70,,17808,30,,,0,30,,17809,30,,,0,70,,17810,30,,,0
100,'259.0.3',626,,17812,30,,,0,10,,17813,30,,,0,10,,17814,30,,,0,10,,17815,30,,,0,50,,17816,30,,,0,10,,17817,30,,,0,10,,17818,30,,,0,11,,17819,30,,,0,13,,17820,30,,,0,53,,17821,30,,,0,10,,17822,30,,,0,10,,17823,30,,,0,10,,17824,30,,,0,10,,17825,30,,,0,10,,17826,30,,,0,50,,17827,30,,,0,10,,17828,30,,,0,10,,17829,30,,,0,9,,17830,30,,,0,9,,17831,30,,,0,9,,17832,30,,,0,50,,17833,30,,,0,10,,17834,30,,,0,10,,17835,30,,,0,10,,17836,30,,,0,10,,17837,30,,,0,10,,17838,30,,,0,50,,17839,30,,,0,10,,17840,30,,,0,10,,17841,30,,,0,10,,17842,30,,,0,10,,17843,30,,,0,10,,17844,30,,,0,50,,17845,30,,,0,10,,17846,30,,,0,10,,17847,30,,,0,10,,17848,30,,,0,10,,17849,30,,,0,10,,17850,30,,,0,50,,17851,30,,,0,10,,17852,30,,,0,10,,17853,30,,,0,10,,17854,30,,,0,10,,17855,30,,,0,10,,17856,30,,,0,50,,17857,30,,,0,10,,17858,30,,,0,10,,17859,30,,,0,10,,17860,30,,,0,10,,17861,30,,,0,10,,17862,30,,,0,50,,17863,30,,,0,10,,17864,30,,,0,11,,17865,30,,,0,11,,17866,30,,,0,12,,17867,30,,,0,10,,17868,30,,,0,50,,17869,30,,,0,10,,17870,30,,,0,10,,17871,30,,,0,10,,17872,30,,,0,10,,17873,30,,,0,10,,17874,30,,,0,50,,17875,30,,,0,10,,17876,30,,,0,10,,17877,30,,,0,10,,17878,30,,,0,10,,17879,30,,,0,10,,17880,30,,,0,49,,17881,30,,,0,8,,17882,30,,,0,7,,17883,30,,,0,8,,17884,30,,,0,10,,17885,30,,,0,10,,17886,30,,,0,10,,17887,30,,,0,50,,17888,30,,,0,10,,17889,30,,,0,10,,17890,30,,,0,10,,17891,30,,,0,10,,17892,30,,,0,10,,17893,30,,,0,50,,17894,30,,,0,10,,17895,30,,,0,10,,17896,30,,,0,10,,17897,30,,,0,10,,17898,30,,,0,10,,17899,30,,,0,50,,17900,30,,,0,10,,17901,30,,,0,10,,17902,30,,,0,10,,17903,30,,,0,10,,17904,30,,,0,10,,17905,30,,,0,50,,17906,30,,,0,10,,17907,30,,,0,8,,17908,30,,,0,15,,17909,30,,,0,15,,17910,30,,,0,55,,17911,30,,,0,15,,17912,30,,,0,15,,17913,30,,,0,15,,17914,30,,,0,55,,17915,30,,,0,15,,17916,30,,,0,15,,17917,30,,,0,15,,17918,30,,,0
500,'259.0.1',632,,19069,4,,,0,20,,19070,4,,,0,60,,19071,4,,,0,20,,19072,4,,,0,20,,19073,4,,,0,60,,19074,4,,,0,20,,19075,4,,,0,20,,19076,4,,,0,60,,19077,4,,,0,20,,19078,4,,,0,20,,19079,4,,,0,60,,19080,4,,,0,20,,19081,4,,,0,20,,19082,4,,,0,60,,19083,4,,,0,20,,19084,4,,,0,20,,19085,4,,,0,60,,19086,4,,,0,20,,19087,4,,,0,20,,19088,4,,,0,60,,19089,4,,,0,20,,19090,4,,,0,20,,19091,4,,,0,60,,19092,4,,,0,20,,19093,4,,,0,20,,19094,4,,,0,60,,19095,4,,,0,20,,19096,4,,,0,20,,19097,4,,,0,60,,19098,4,,,0,20,,19099,4,,,0,20,,19100,4,,,0,60,,19101,4,,,0,20,,19102,4,,,0,20,,19103,4,,,0,60,,19104,4,,,0,20,,19105,4,,,0,20,,19106,4,,,0,60,,19107,4,,,0,20,,19108,4,,,0,20,,19109,4,,,0,60,,19110,4,,,0,20,,19111,4,,,0,20,,19112,4,,,0,60,,19113,4,,,0,20,,19114,4,,,0,20,,19115,4,,,0,60,,19116,4,,,0,30,,19117,4,,,0,70,,19118,4,,,0,30,,19119,4,,,0,70,,19120,4,,,0,30,,19121,4,,,0,70,,19122,4,,,0
500,'259.0.2',632,,19123,4,,,0,70,,19124,4,,,0,30,,19125,4,,,0,70,,19126,4,,,0,30,,19127,4,,,0,70,,19128,4,,,0,30,,19129,4,,,0,70,,19130,4,,,0,30,,19131,4,,,0,70,,19132,4,,,0,30,,19133,4,,,0,70,,19134,4,,,0,30,,19135,4,,,0,70,,19136,4,,,0,30,,19137,4,,,0,70,,19138,4,,,0,30,,19139,4,,,0,70,,19140,4,,,0,30,,19141,4,,,0,70,,19142,4,,,0,30,,19143,4,,,0,70,,19144,4,,,0,30,,19145,4,,,0,70,,19146,4,,,0,30,,19147,4,,,0,70,,19148,4,,,0,30,,19149,4,,,0,70,,19150,4,,,0,30,,19151,4,,,0,70,,19152,4,,,0,30,,19153,4,,,0,70,,19154,4,,,0,30,,19155,4,,,0,70,,19156,4,,,0,30,,19157,4,,,0,70,,19158,4,,,0
500,'259.0.3',532,,19159,4,,,0,70,,19160,4,,,0,15,,19161,4,,,0,15,,19162,4,,,0,15,,19163,4,,,0,55,,19164,4,,,0,15,,19165,4,,,0,15,,19166,4,,,0,15,,19167,4,,,0,55,,19168,4,,,0,15,,19169,4,,,0,15,,19170,4,,,0,15,,19171,4,,,0,55,,19172,4,,,0,15,,19173,4,,,0,15,,19174,4,,,0,15,,19175,4,,,0,55,,19176,4,,,0,15,,19177,4,,,0,15,,19178,4,,,0,15,,19179,4,,,0,55,,19180,4,,,0,15,,19181,4,,,0,15,,19182,4,,,0,15,,19183,4,,,0,55,,19184,4,,,0,15,,19185,4,,,0,15,,19186,4,,,0,15,,19187,4,,,0,55,,19188,4,,,0,15,,19189,4,,,0,15,,19190,4,,,0,15,,19191,4,,,0,55,,19192,4,,,0,15,,19193,4,,,0,15,,19194,4,,,0,15,,19195,4,,,0,55,,19196,4,,,0,15,,19197,4,,,0,15,,19198,4,,,0,15,,19199,4,,,0,55,,19200,4,,,0,15,,19201,4,,,0,15,,19202,4,,,0,15,,19203,4,,,0,55,,19204,4,,,0,15,,19205,4,,,0,15,,19206,4,,,0,15,,19207,4,,,0,55,,19208,4,,,0,15,,19209,4,,,0,15,,19210,4,,,0,20,,19211,4,,,0,55,,19212,4,,,0,20,,19213,4,,,0,20,,19214,4,,,0,60,,19215,4,,,0,20,,19216,4,,,0,20,,19217,4,,,0,60,,19218,4,,,0,20,,19219,4,,,0,20,,19220,4,,,0,75,,19221,4,,,0,30,,19222,4,,,0,70,,19223,4,,,0,30,,19224,4,,,0,70,,19225,4,,,0,30,,19226,4,,,0
5000,'259.0.3',1521,,20908,7,,,0,30,,20909,7,,,0,70,,20910,7,,,0,30,,20911,7,,,0
1001000,'259.0.3',636,,24716,21,,,0,19,,24717,21,,,0,59,,24718,21,,,0,28,,24719,21,,,0,58,,24720,21,,,0,20,,24721,21,,,0,20,,24722,21,,,0,60,,24723,21,,,0,20,,24724,21,,,0,500,,24725,21,,,0,19,,24726,21,,,0,20,,24727,21,,,0,60,,24728,21,,,0,20,,24729,21,,,0,63,,24730,21,,,0,20,,24731,21,,,0,20,,24732,21,,,0,60,,24733,21,,,0,10,,24734,21,,,0,29,,24735,21,,,0,60,,24736,21,,,0,20,,24737,21,,,0,16,,24738,21,,,0
2000700,'259.0.1',621,,25248,4,,,0,20,,25249,4,,,0,60,,25250,4,,,0,20,,25251,4,,,0,21,,25252,4,,,0,60,,25253,4,,,0,20,,25254,4,,,0,20,,25255,4,,,0,60,,25256,4,,,0,20,,25257,4,,,0,20,,25258,4,,,0,60,,25259,4,,,0,20,,25260,4,,,0,20,,25261,4,,,0,60,,25262,4,,,0,20,,25263,4,,,0,20,,25264,4,,,0,60,,25265,4,,,0,20,,25266,4,,,0,20,,25267,4,,,0,60,,25268,4,,,0,20,,25269,4,,,0,20,,25270,4,,,0,60,,25271,4,,,0,20,,25272,4,,,0,20,,25273,4,,,0,60,,25274,4,,,0,20,,25275,4,,,0,20,,25276,4,,,0,60,,25277,4,,,0,20,,25278,4,,,0,20,,25279,4,,,0,60,,25280,4,,,0,20,,25281,4,,,0,20,,25282,4,,,0,60,,25283,4,,,0,20,,25284,4,,,0,20,,25285,4,,,0,60,,25286,4,,,0,20,,25287,4,,,0,20,,25288,4,,,0,60,,25289,4,,,0,20,,25290,4,,,0,20,,25291,4,,,0,60,,25292,4,,,0,20,,25293,4,,,0,20,,25294,4,,,0,60,,25295,4,,,0,20,,25296,4,,,0,20,,25297,4,,,0,60,,25298,4,,,0,20,,25299,4,,,0,20,,25300,4,,,0,60,,25301,4,,,0
2000700,'259.0.2',622,,25302,4,,,0,30,,25303,4,,,0,70,,25304,4,,,0,30,,25305,4,,,0,70,,25306,4,,,0,30,,25307,4,,,0,70,,25308,4,,,0,30,,25309,4,,,0,70,,25310,4,,,0,30,,25311,4,,,0,70,,25312,4,,,0,30,,25313,4,,,0,70,,25314,4,,,0,30,,25315,4,,,0,70,,25316,4,,,0,30,,25317,4,,,0,70,,25318,4,,,0,30,,25319,4,,,0,70,,25320,4,,,0,30,,25321,4,,,0,70,,25322,4,,,0,30,,25323,4,,,0,70,,25324,4,,,0,30,,25325,4,,,0,70,,25326,4,,,0,30,,25327,4,,,0,70,,25328,4,,,0,30,,25329,4,,,0,70,,25330,4,,,0,30,,25331,4,,,0,70,,25332,4,,,0,30,,25333,4,,,0,70,,25334,4,,,0,30,,25335,4,,,0,70,,25336,4,,,0,30,,25337,4,,,0
2000700,'259.0.3',613,,25338,4,,,0,15,,25339,4,,,0,15,,25340,4,,,0,15,,25341,4,,,0,55,,25342,4,,,0,15,,25343,4,,,0,15,,25344,4,,,0,60,,25345,4,,,0,19,,25346,4,,,0,15,,25347,4,,,0,15,,25348,4,,,0,55,,25349,4,,,0,14,,25350,4,,,0,13,,25351,4,,,0,15,,25352,4,,,0,55,,25353,4,,,0,15,,25354,4,,,0,15,,25355,4,,,0,15,,25356,4,,,0,55,,25357,4,,,0,15,,25358,4,,,0,15,,25359,4,,,0,15,,25360,4,,,0,55,,25361,4,,,0,15,,25362,4,,,0,15,,25363,4,,,0,15,,25364,4,,,0,55,,25365,4,,,0,15,,25366,4,,,0,15,,25367,4,,,0,15,,25368,4,,,0,55,,25369,4,,,0,15,,25370,4,,,0,15,,25371,4,,,0,16,,25372,4,,,0,55,,25373,4,,,0,15,,25374,4,,,0,17,,25375,4,,,0,15,,25376,4,,,0,55,,25377,4,,,0,15,,25378,4,,,0,15,,25379,4,,,0,15,,25380,4,,,0,55,,25381,4,,,0,15,,25382,4,,,0,14,,25383,4,,,0,12,,25384,4,,,0,54,,25385,4,,,0,15,,25386,4,,,0,15,,25387,4,,,0,15,,25388,4,,,0,55,,25389,4,,,0,12,,25390,4,,,0,13,,25391,4,,,0,15,,25392,4,,,0,15,,25393,4,,,0,55,,25394,4,,,0,15,,25395,4,,,0,15,,25396,4,,,0,15,,25397,4,,,0,55,,25398,4,,,0,15,,25399,4,,,0,15,,25400,4,,,0,15,,25401,4,,,0,55,,25402,4,,,0,15,,25403,4,,,0,15,,25404,4,,,0,15,,25405,4,,,0,55,,25406,4,,,0,30,,25407,4,,,0,70,,25408,4,,,0,30,,25409,4,,,0,70,,25410,4,,,0
2001000,'259.0.1',645,,25713,21,,,0,85,,25714,21,,,0,70,,25715,21,,,0,30,,25716,21,,,0,70,,25717,21,,,0,30,,25718,21,,,0,73,,25719,21,,,0,30,,25720,21,,,0,70,,25721,21,,,0,32,,25722,21,,,0,70,,25723,21,,,0,30,,25724,21,,,0,70,,25725,21,,,0,30,,25726,21,,,0,70,,25727,21,,,0,30,,25728,21,,,0,70,,25729,21,,,0,30,,25730,21,,,0,70,,25731,21,,,0,30,,25732,21,,,0,70,,25733,21,,,0,30,,25734,21,,,0,70,,25735,21,,,0,30,,25736,21,,,0,68,,25737,21,,,0,30,,25738,21,,,0,70,,25739,21,,,0,45,,25740,21,,,0,98,,25741,21,,,0,100,,25742,21,,,0,100,,25743,21,,,0
2001000,'259.0.2',645,,25744,21,,,0,155,,25745,21,,,0,30,,25746,21,,,0,70,,25747,21,,,0,30,,25748,21,,,0,72,,25749,21,,,0,30,,25750,21,,,0,70,,25751,21,,,0,30,,25752,21,,,0,70,,25753,21,,,0,30,,25754,21,,,0,70,,25755,21,,,0,30,,25756,21,,,0,71,,25757,21,,,0,30,,25758,21,,,0,70,,25759,21,,,0,30,,25760,21,,,0,70,,25761,21,,,0,30,,25762,21,,,0,70,,25763,21,,,0,30,,25764,21,,,0,70,,25765,21,,,0,45,,25766,21,,,0,97,,25767,21,,,0,100,,25768,21,,,0,100,,25769,21,,,0,100,,25770,21,,,0,100,,25771,21,,,0,100,,25772,21,,,0
2001000,'259.0.3',558,,25773,21,,,0,91,,25774,21,,,0,60,,25775,21,,,0,20,,25776,21,,,0,20,,25777,21,,,0,63,,25778,21,,,0,21,,25779,21,,,0,20,,25780,21,,,0,60,,25781,21,,,0,37,,25782,21,,,0,70,,25783,21,,,0,30,,25784,21,,,0,70,,25785,21,,,0,30,,25786,21,,,0,70,,25787,21,,,0,30,,25788,21,,,0,70,,25789,21,,,0,30,,25790,21,,,0,65,,25791,21,,,0,17,,25792,21,,,0,20,,25793,21,,,0,60,,25794,21,,,0,20,,25795,21,,,0,23,,25796,21,,,0,60,,25797,21,,,0,20,,25798,21,,,0,20,,25799,21,,,0,60,,25800,21,,,0,19,,25801,21,,,0,20,,25802,21,,,0,60,,25803,21,,,0,16,,25804,21,,,0,23,,25805,21,,,0,60,,25806,21,,,0,24,,25807,21,,,0,70,,25808,21,,,0,30,,25809,21,,,0,70,,25810,21,,,0,30,,25811,21,,,0
3001000,'259.0.1',615,,26275,21,,,0,100,,26276,21,,,0,30,,26277,21,,,0,70,,26278,21,,,0,30,,26279,21,,,0,70,,26280,21,,,0,33,,26281,21,,,0,70,,26282,21,,,0,30,,26283,21,,,0,70,,26284,21,,,0,32,,26285,21,,,0,70,,26286,21,,,0,30,,26287,21,,,0,70,,26288,21,,,0,30,,26289,21,,,0,70,,26290,21,,,0,30,,26291,21,,,0,70,,26292,21,,,0,30,,26293,21,,,0,70,,26294,21,,,0,30,,26295,21,,,0,70,,26296,21,,,0,30,,26297,21,,,0,70,,26298,21,,,0,28,,26299,21,,,0,70,,26300,21,,,0,100,,26301,21,,,0,100,,26302,21,,,0,98,,26303,21,,,0,100,,26304,21,,,0,100,,26305,21,,,0
3001000,'259.0.2',615,,26307,21,,,0,100,,26308,21,,,0,30,,26309,21,,,0,70,,26310,21,,,0,30,,26311,21,,,0,70,,26312,21,,,0,30,,26313,21,,,0,72,,26314,21,,,0,30,,26315,21,,,0,70,,26316,21,,,0,30,,26317,21,,,0,70,,26318,21,,,0,30,,26319,21,,,0,70,,26320,21,,,0,30,,26321,21,,,0,71,,26322,21,,,0,30,,26323,21,,,0,70,,26324,21,,,0,30,,26325,21,,,0,70,,26326,21,,,0,30,,26327,21,,,0,70,,26328,21,,,0,30,,26329,21,,,0,70,,26330,21,,,0,100,,26331,21,,,0,97,,26332,21,,,0,100,,26333,21,,,0,100,,26334,21,,,0,100,,26335,21,,,0
3001000,'259.0.3',603,,26339,21,,,0,19,,26340,21,,,0,20,,26341,21,,,0,59,,26342,21,,,0,18,,26343,21,,,0,17,,26344,21,,,0,18,,26345,21,,,0,73,,26346,21,,,0,20,,26347,21,,,0,60,,26348,21,,,0,28,,26349,21,,,0,70,,26350,21,,,0,30,,26351,21,,,0,70,,26352,21,,,0,30,,26353,21,,,0,70,,26354,21,,,0,30,,26355,21,,,0,70,,26356,21,,,0,30,,26357,21,,,0,70,,26358,21,,,0,20,,26359,21,,,0,20,,26360,21,,,0,60,,26361,21,,,0,20,,26362,21,,,0,20,,26363,21,,,0,63,,26364,21,,,0,20,,26365,21,,,0,20,,26366,21,,,0,60,,26367,21,,,0,19,,26368,21,,,0,20,,26369,21,,,0,60,,26370,21,,,0,16,,26371,21,,,0,20,,26372,21,,,0,60,,26373,21,,,0,19,,26374,21,,,0,30,,26375,21,,,0,70,,26376,21,,,0,30,,26377,21,,,0,70,,26378,21,,,0,30,,26379,21,,,0,67,,26380,21,,,0,30,,26381,21,,,0,70,,26382,21,,,0,30,,26383,21,,,0,70,,26384,21,,,0
