801,'244.0.1',552,,10684,46,,,0,70,,10685,46,,,0,30,,10686,46,,,0,70,,10687,46,,,0,30,,10688,46,,,0,73,,10689,46,,,0,30,,10690,46,,,0,70,,10691,46,,,0,30,,10692,46,,,0,73,,10693,46,,,0,30,,10694,46,,,0,70,,10695,46,,,0,30,,10696,46,,,0,70,,10697,46,,,0,31,,10698,46,,,0,71,,10699,46,,,0,70,,10700,46,,,0,30,,10701,46,,,0,70,,10702,46,,,0,30,,10703,46,,,0,70,,10704,46,,,0,30,,10705,46,,,0,70,,10706,46,,,0,30,,10707,46,,,0,28,,10708,46,,,0,69,,10709,46,,,0,30,,10710,46,,,0,70,,10711,46,,,0,26,,10712,46,,,0,69,,10713,46,,,0,30,,10714,46,,,0,70,,10715,46,,,0,30,,10716,46,,,0,70,,10717,46,,,0,30,,10718,46,,,0,70,,10719,46,,,0,30,,10720,46,,,0,100,,10721,46,,,0
801,'244.0.2',556,,10722,46,,,0,70,,10723,46,,,0,30,,10724,46,,,0,70,,10725,46,,,0,30,,10726,46,,,0,70,,10727,46,,,0,30,,10728,46,,,0,75,,10729,46,,,0,70,,10730,46,,,0,30,,10731,46,,,0,70,,10732,46,,,0,30,,10733,46,,,0,70,,10734,46,,,0,30,,10735,46,,,0,70,,10736,46,,,0,30,,10737,46,,,0,70,,10738,46,,,0,30,,10739,46,,,0,70,,10740,46,,,0,30,,10741,46,,,0,70,,10742,46,,,0,30,,10743,46,,,0,70,,10744,46,,,0,30,,10745,46,,,0,70,,10746,46,,,0,28,,10747,46,,,0,30,,10748,46,,,0,70,,10749,46,,,0,30,,10750,46,,,0,70,,10751,46,,,0,30,,10752,46,,,0,67,,10753,46,,,0,30,,10754,46,,,0,70,,10755,46,,,0,100,,10756,46,,,0,100,,10757,46,,,0
801,'244.0.3',542,,10758,46,,,0,70,,10759,46,,,0,30,,10760,46,,,0,60,,10761,46,,,0,22,,10762,46,,,0,20,,10763,46,,,0,60,,10764,46,,,0,20,,10765,46,,,0,20,,10766,46,,,0,60,,10767,46,,,0,18,,10768,46,,,0,20,,10769,46,,,0,60,,10770,46,,,0,20,,10771,46,,,0,20,,10772,46,,,0,60,,10773,46,,,0,20,,10774,46,,,0,20,,10775,46,,,0,60,,10776,46,,,0,20,,10777,46,,,0,20,,10778,46,,,0,60,,10779,46,,,0,20,,10780,46,,,0,20,,10781,46,,,0,60,,10782,46,,,0,20,,10783,46,,,0,20,,10784,46,,,0,60,,10785,46,,,0,22,,10786,46,,,0,33,,10787,46,,,0,70,,10788,46,,,0,30,,10789,46,,,0,70,,10790,46,,,0,30,,10791,46,,,0,66,,10792,46,,,0,28,,10793,46,,,0,70,,10794,46,,,0,30,,10795,46,,,0,70,,10796,46,,,0,30,,10797,46,,,0,67,,10798,46,,,0,29,,10799,46,,,0,70,,10800,46,,,0,30,,10801,46,,,0,70,,10802,46,,,0,30,,10803,46,,,0,70,,10804,46,,,0,30,,10805,46,,,0
9001,'244.0.1',616,,14654,31,,,0,30,,14655,31,,,0,70,,14656,31,,,0,25,,14657,31,,,0,70,,14658,31,,,0,30,,14659,31,,,0,70,,14660,31,,,0,25,,14661,31,,,0,71,,14662,31,,,0,31,,14663,31,,,0,70,,14664,31,,,0,30,,14665,31,,,0,70,,14666,31,,,0,30,,14667,31,,,0,70,,14668,31,,,0,30,,14669,31,,,0,70,,14670,31,,,0,30,,14671,31,,,0,70,,14672,31,,,0,30,,14673,31,,,0,70,,14674,31,,,0,30,,14675,31,,,0,70,,14676,31,,,0,35,,14677,31,,,0,68,,14678,31,,,0,29,,14679,31,,,0,70,,14680,31,,,0,30,,14681,31,,,0,70,,14682,31,,,0,100,,14683,31,,,0,100,,14684,31,,,0,100,,14685,31,,,0,100,,14686,31,,,0
9001,'244.0.2',603,,14687,31,,,0,100,,14688,31,,,0,100,,14689,31,,,0,100,,14690,31,,,0,56,,14691,31,,,0,142,,14692,31,,,0,100,,14693,31,,,0,102,,14694,31,,,0,100,,14695,31,,,0,98,,14696,31,,,0,100,,14697,31,,,0,100,,14698,31,,,0,58,,14699,31,,,0,143,,14700,31,,,0,105,,14701,31,,,0,98,,14702,31,,,0,100,,14703,31,,,0,99,,14704,31,,,0
9001,'244.0.3',547,,14705,31,,,0,70,,14706,31,,,0,30,,14707,31,,,0,60,,14739,31,,,0,13,,14708,31,,,0,15,,14740,31,,,0,10,,14709,31,,,0,55,,14741,31,,,0,15,,14710,31,,,0,17,,14742,31,,,0,13,,14711,31,,,0,55,,14743,31,,,0,15,,14712,31,,,0,30,,14713,31,,,0,65,,14714,31,,,0,30,,14715,31,,,0,70,,14716,31,,,0,30,,14717,31,,,0,70,,14718,31,,,0,30,,14719,31,,,0,70,,14720,31,,,0,30,,14721,31,,,0,70,,14722,31,,,0,30,,14723,31,,,0,70,,14724,31,,,0,32,,14725,31,,,0,61,,14744,31,,,0,22,,14726,31,,,0,8,,14745,31,,,0,25,,14727,31,,,0,55,,14746,31,,,0,15,,14728,31,,,0,15,,14747,31,,,0,13,,14729,31,,,0,53,,14748,31,,,0,13,,14730,31,,,0,12,,14749,31,,,0,13,,14731,31,,,0,12,,14750,31,,,0,53,,14732,31,,,0,30,,14733,31,,,0,69,,14734,31,,,0,30,,14735,31,,,0,100,,14736,31,,,0,100,,14737,31,,,0,100,,14738,31,,,0
9101,'244.0.1',810,,14805,35,,,0,100,,14806,35,,,0,100,,14807,35,,,0,100,,14808,35,,,0,100,,14809,35,,,0,100,,14810,35,,,0,100,,14811,35,,,0,100,,14812,35,,,0,100,,14813,35,,,0,100,,14814,35,,,0,100,,14815,35,,,0,100,,14816,35,,,0,100,,14817,35,,,0,100,,14818,35,,,0,100,,14819,35,,,0,100,,14820,35,,,0
9101,'244.0.2',839,,14821,35,,,0,100,,14822,35,,,0,100,,14823,35,,,0,100,,14824,35,,,0,100,,14825,35,,,0,100,,14826,35,,,0,100,,14827,35,,,0,100,,14828,35,,,0,100,,14829,35,,,0,100,,14830,35,,,0,100,,14831,35,,,0,100,,14832,35,,,0,100,,14833,35,,,0,100,,14834,35,,,0,100,,14835,35,,,0
9101,'244.0.3',613,,14836,35,,,0,30,,14837,35,,,0,76,,14838,35,,,0,24,,14839,35,,,0,70,,14840,35,,,0,37,,14841,35,,,0,68,,14842,35,,,0,29,,14843,35,,,0,100,,14844,35,,,0,103,,14845,35,,,0,100,,14846,35,,,0,99,,14847,35,,,0,108,,14848,35,,,0,101,,14849,35,,,0,71,,14850,35,,,0,30,,14851,35,,,0,72,,14852,35,,,0,70,,14853,35,,,0,24,,14854,35,,,0,94,,14855,35,,,0,100,,14856,35,,,0,100,,14857,35,,,0,100,,14858,35,,,0,100,,14859,35,,,0
9301,'244.0.3',619,,14867,32,,,0,30,,14868,32,,,0,69,,14869,32,,,0,30,,14870,32,,,0,71,,14871,32,,,0,30,,14872,32,,,0
