5400,'259.0.1',615,,21085,22,,,0,100,,21086,22,,,0,100,,21087,22,,,0,100,,21088,22,,,0,102,,21089,22,,,0,100,,21090,22,,,0,100,,21091,22,,,0,100,,21092,22,,,0,100,,21093,22,,,0,100,,21094,22,,,0,100,,21095,22,,,0,100,,21096,22,,,0,98,,21097,22,,,0,100,,21098,22,,,0,100,,21099,22,,,0,100,,21100,22,,,0,100,,21101,22,,,0
5400,'259.0.2',815,,21102,22,,,0,100,,21103,22,,,0,102,,21104,22,,,0,100,,21105,22,,,0,100,,21106,22,,,0,100,,21107,22,,,0,100,,21108,22,,,0,100,,21109,22,,,0,100,,21110,22,,,0,100,,21111,22,,,0,98,,21112,22,,,0,100,,21113,22,,,0,100,,21114,22,,,0,100,,21115,22,,,0
5400,'259.0.3',616,,21116,22,,,0,28,,21117,22,,,0,70,,21118,22,,,0,30,,21119,22,,,0,70,,21120,22,,,0,31,,21121,22,,,0,75,,21122,22,,,0,100,,21123,22,,,0,100,,21124,22,,,0,103,,21125,22,,,0,100,,21126,22,,,0,100,,21127,22,,,0,100,,21128,22,,,0,30,,21129,22,,,0,70,,21130,22,,,0,29,,21131,22,,,0,70,,21132,22,,,0,27,,21133,22,,,0,71,,21134,22,,,0,30,,21135,22,,,0,70,,21136,22,,,0,30,,21137,22,,,0,70,,21138,22,,,0,100,,21139,22,,,0
6700,'259.0.1',801,,22207,8,,,0,100,,22208,8,,,0,104,,22209,8,,,0,101,,22210,8,,,0,100,,22211,8,,,0,100,,22212,8,,,0,100,,22213,8,,,0,100,,22214,8,,,0,100,,22215,8,,,0,100,,22216,8,,,0,100,,22217,8,,,0,96,,22218,8,,,0,99,,22219,8,,,0,100,,22220,8,,,0,100,,22221,8,,,0,100,,22222,8,,,0
6700,'259.0.2',759,,22223,8,,,0,100,,22224,8,,,0,100,,22225,8,,,0,146,,22226,8,,,0,100,,22227,8,,,0,100,,22228,8,,,0,100,,22229,8,,,0,100,,22230,8,,,0,100,,22231,8,,,0,100,,22232,8,,,0,97,,22233,8,,,0,100,,22234,8,,,0,100,,22235,8,,,0,100,,22236,8,,,0,57,,22237,8,,,0,100,,22238,8,,,0
6700,'259.0.3',612,,22239,8,,,0,30,,22240,8,,,0,70,,22241,8,,,0,30,,22242,8,,,0,70,,22243,8,,,0,30,,22244,8,,,0,70,,22245,8,,,0,100,,22246,8,,,0,98,,22247,8,,,0,100,,22248,8,,,0,100,,22249,8,,,0,100,,22250,8,,,0,99,,22251,8,,,0,30,,22252,8,,,0,70,,22253,8,,,0,30,,22254,8,,,0,70,,22255,8,,,0,31,,22256,8,,,0,73,,22257,8,,,0,30,,22258,8,,,0,100,,22259,8,,,0,100,,22260,8,,,0,100,,22261,8,,,0,100,,22262,8,,,0
7201,'259.0.1',649,,22502,18,,,0,77,,22503,38,,,0,30,,22504,38,,,0,70,,22505,38,,,0,30,,22506,38,,,0,70,,22507,38,,,0,30,,22508,38,,,0,77,,22509,38,,,0,70,,22510,38,,,0,30,,22511,38,,,0,76,,22512,38,,,0,30,,22513,38,,,0,70,,22514,38,,,0,30,,22515,38,,,0,70,,22516,38,,,0,30,,22517,38,,,0,70,,22518,38,,,0,30,,22519,38,,,0,70,,22520,38,,,0,30,,22521,38,,,0,70,,22522,38,,,0,30,,22523,38,,,0,70,,22524,38,,,0,25,,22525,38,,,0,25,,22526,38,,,0,70,,22527,38,,,0,100,,22528,38,,,0,100,,22529,38,,,0,100,,22530,38,,,0,100,,22531,38,,,0,100,,22532,38,,,0
7201,'259.0.2',725,,22533,18,,,0,100,,22534,38,,,0,100,,22535,38,,,0,100,,22536,38,,,0,105,,22537,38,,,0,106,,22538,38,,,0,100,,22539,38,,,0,100,,22540,38,,,0,100,,22541,38,,,0,100,,22542,38,,,0,100,,22543,38,,,0,95,,22544,38,,,0,100,,22545,38,,,0,92,,22546,38,,,0,100,,22547,38,,,0,100,,22548,38,,,0,100,,22549,38,,,0
7201,'259.0.3',701,,22550,38,,,0,30,,22551,38,,,0,70,,22552,38,,,0,33,,22553,38,,,0,72,,22554,38,,,0,32,,22555,38,,,0,70,,22556,38,,,0,28,,22557,38,,,0,70,,22558,38,,,0,30,,22559,38,,,0,70,,22560,38,,,0,30,,22561,38,,,0,70,,22562,38,,,0,30,,22563,38,,,0,70,,22564,38,,,0,30,,22565,38,,,0,74,,22566,38,,,0,30,,22567,38,,,0,71,,22568,38,,,0,31,,22569,38,,,0,70,,22570,38,,,0,30,,22571,38,,,0,70,,22572,38,,,0,28,,22573,38,,,0,64,,22574,38,,,0,24,,22575,38,,,0,100,,22576,38,,,0,100,,22577,38,,,0,100,,22578,38,,,0,100,,22579,38,,,0
3001000,'259.0.1',549,,26274,3,0,5,0,89,,26275,42,,,0,100,,26276,42,,,0,70,,26277,42,,,0,30,,26278,42,,,0,70,,26279,42,,,0,31,,26280,42,,,0,73,,26281,42,,,0,30,,26282,42,,,0,70,,26283,42,,,0,31,,26284,42,,,0,73,,26285,42,,,0,30,,26286,42,,,0,70,,26287,42,,,0,30,,26288,42,,,0,70,,26289,42,,,0,30,,26290,42,,,0,70,,26291,42,,,0,30,,26292,42,,,0,70,,26293,42,,,0,30,,26294,42,,,0,70,,26295,42,,,0,30,,26296,42,,,0,70,,26297,42,,,0,29,,26298,42,,,0,68,,26299,42,,,0,30,,26300,42,,,0,100,,26301,42,,,0,99,,26302,42,,,0,96,,26303,42,,,0,100,,26304,42,,,0,100,,26305,42,,,0
3001000,'259.0.2',550,,26306,3,0,5,0,85,,26307,42,,,0,100,,26308,42,,,0,70,,26309,42,,,0,30,,26310,42,,,0,70,,26311,42,,,0,30,,26312,42,,,0,71,,26313,42,,,0,34,,26314,42,,,0,70,,26315,42,,,0,30,,26316,42,,,0,70,,26317,42,,,0,30,,26318,42,,,0,70,,26319,42,,,0,30,,26320,42,,,0,70,,26321,42,,,0,33,,26322,42,,,0,70,,26323,42,,,0,30,,26324,42,,,0,70,,26325,42,,,0,30,,26326,42,,,0,70,,26327,42,,,0,30,,26328,42,,,0,70,,26329,42,,,0,30,,26330,42,,,0,100,,26331,42,,,0,95,,26332,42,,,0,100,,26333,42,,,0,100,,26334,42,,,0,100,,26335,42,,,0
3001000,'259.0.3',513,,26336,3,0,5,0,30,,26337,3,0,5,0,70,,26338,3,0,5,0,15,,26339,42,,,0,19,,26340,42,,,0,60,,26341,42,,,0,19,,26342,42,,,0,18,,26343,42,,,0,57,,26344,42,,,0,20,,26345,42,,,0,33,,26346,42,,,0,60,,26347,42,,,0,20,,26348,42,,,0,68,,26349,42,,,0,30,,26350,42,,,0,70,,26351,42,,,0,30,,26352,42,,,0,70,,26353,42,,,0,30,,26354,42,,,0,70,,26355,42,,,0,30,,26356,42,,,0,70,,26357,42,,,0,30,,26358,42,,,0,20,,26359,42,,,0,60,,26360,42,,,0,20,,26361,42,,,0,21,,26362,42,,,0,67,,26363,42,,,0,23,,26364,42,,,0,60,,26365,42,,,0,20,,26366,42,,,0,18,,26367,42,,,0,59,,26368,42,,,0,18,,26369,42,,,0,13,,26370,42,,,0,16,,26371,42,,,0,60,,26372,42,,,0,20,,26373,42,,,0,19,,26374,42,,,0,70,,26375,42,,,0,30,,26376,42,,,0,70,,26377,42,,,0,30,,26378,42,,,0,68,,26379,42,,,0,27,,26380,42,,,0,70,,26381,42,,,0,30,,26382,42,,,0,70,,26383,42,,,0,30,,26384,42,,,0
