5800,'244.0.1',621,,12673,4,,,0,100,,12674,4,,,0,100,,12675,4,,,0,100,,12676,4,,,0,100,,12677,4,,,0,100,,12678,4,,,0,100,,12679,4,,,0,100,,12680,4,,,0,100,,12681,4,,,0,100,,12682,4,,,0,100,,12683,4,,,0,100,,12684,4,,,0,100,,12685,4,,,0,100,,12686,4,,,0,100,,12687,4,,,0,100,,12688,4,,,0,100,,12689,4,,,0
5800,'244.0.2',721,,12690,4,,,0,100,,12691,4,,,0,100,,12692,4,,,0,100,,12693,4,,,0,100,,12694,4,,,0,100,,12695,4,,,0,100,,12696,4,,,0,100,,12697,4,,,0,100,,12698,4,,,0,100,,12699,4,,,0,100,,12700,4,,,0,100,,12701,4,,,0,100,,12702,4,,,0,100,,12703,4,,,0,100,,12704,4,,,0,100,,12705,4,,,0
5800,'244.0.3',609,,12706,4,,,0,30,,12707,4,,,0,70,,12708,4,,,0,30,,12709,4,,,0,70,,12710,4,,,0,117,,12711,4,,,0,100,,12712,4,,,0,100,,12713,4,,,0,100,,12714,4,,,0,100,,12715,4,,,0,101,,12716,4,,,0,100,,12717,4,,,0,30,,12718,4,,,0,270,,12719,4,,,0,99,,12720,4,,,0,100,,12721,4,,,0,100,,12722,4,,,0,100,,12723,4,,,0,100,,12724,4,,,0
6300,'244.0.1',758,,13103,4,,,0,100,,13104,4,,,0,100,,13105,4,,,0,100,,13106,4,,,0,100,,13107,4,,,0,100,,13108,4,,,0,100,,13109,4,,,0,100,,13110,4,,,0,100,,13111,4,,,0,100,,13112,4,,,0,100,,13113,4,,,0,100,,13114,4,,,0,97,,13115,4,,,0,100,,13116,4,,,0,100,,13117,4,,,0,100,,13118,4,,,0
6300,'244.0.2',727,,13119,4,,,0,100,,13120,4,,,0,100,,13121,4,,,0,100,,13122,4,,,0,100,,13123,4,,,0,100,,13124,4,,,0,100,,13125,4,,,0,100,,13126,4,,,0,98,,13127,4,,,0,100,,13128,4,,,0,100,,13129,4,,,0,100,,13130,4,,,0,100,,13131,4,,,0,100,,13132,4,,,0,100,,13133,4,,,0
6300,'244.0.3',649,,13134,4,,,0,70,,13135,4,,,0,30,,13136,4,,,0,70,,13137,4,,,0,30,,13138,4,,,0,70,,13139,4,,,0,30,,13140,4,,,0,56,,13141,4,,,0,100,,13142,4,,,0,100,,13143,4,,,0,100,,13144,4,,,0,100,,13145,4,,,0,100,,13146,4,,,0,115,,13147,4,,,0,30,,13148,4,,,0,68,,13149,4,,,0,30,,13150,4,,,0,70,,13151,4,,,0,30,,13152,4,,,0,70,,13153,4,,,0,100,,13154,4,,,0,100,,13155,4,,,0,100,,13156,4,,,0
6701,'244.0.1',739,,13436,18,,,0,100,,13437,18,,,0,102,,13438,18,,,0,100,,13439,18,,,0,100,,13440,18,,,0,100,,13441,18,,,0,100,,13442,18,,,0,100,,13443,18,,,0,100,,13444,18,,,0,100,,13445,18,,,0,100,,13446,18,,,0,98,,13447,18,,,0,100,,13448,18,,,0,100,,13449,18,,,0,100,,13450,18,,,0,100,,13451,18,,,0
6701,'244.0.2',739,,13452,18,,,0,100,,13453,18,,,0,100,,13454,18,,,0,102,,13455,18,,,0,100,,13456,18,,,0,100,,13457,18,,,0,100,,13458,18,,,0,100,,13459,18,,,0,100,,13460,18,,,0,100,,13461,18,,,0,98,,13462,18,,,0,100,,13463,18,,,0,100,,13464,18,,,0,100,,13465,18,,,0,99,,13466,18,,,0,100,,13467,18,,,0
6701,'244.0.3',624,,13468,18,,,0,30,,13469,18,,,0,70,,13470,18,,,0,30,,13471,18,,,0,70,,13472,18,,,0,30,,13473,18,,,0,102,,13474,18,,,0,100,,13475,18,,,0,100,,13476,18,,,0,100,,13477,18,,,0,100,,13478,18,,,0,101,,13479,18,,,0,70,,13480,18,,,0,30,,13481,18,,,0,70,,13482,18,,,0,30,,13483,18,,,0,70,,13484,18,,,0,30,,13485,18,,,0,68,,13486,18,,,0,30,,13487,18,,,0,70,,13488,18,,,0,98,,13489,18,,,0,100,,13490,18,,,0,100,,13491,18,,,0
15800,'244.0.3',1616,,14970,16,,,0,32,,14971,16,,,0,72,,14972,16,,,0,27,,14973,16,,,0
