400,'259.0.1',551,,18780,2,,,0,100,,18781,2,,,0,100,,18782,2,,,0,70,,18783,2,,,0,30,,18784,2,,,0,70,,18785,2,,,0,30,,18786,2,,,0,70,,18787,2,,,0,30,,18788,2,,,0,70,,18789,2,,,0,30,,18790,2,,,0,70,,18791,2,,,0,30,,18792,2,,,0,70,,18793,2,,,0,30,,18794,2,,,0,70,,18795,2,,,0,30,,18796,2,,,0,70,,18797,2,,,0,30,,18798,2,,,0,70,,18799,2,,,0,30,,18800,2,,,0,70,,18801,2,,,0,30,,18802,2,,,0,70,,18803,2,,,0,30,,18804,2,,,0,70,,18805,2,,,0,30,,18806,2,,,0,70,,18807,2,,,0,30,,18808,2,,,0,70,,18809,2,,,0,30,,18810,2,,,0,100,,18811,2,,,0,100,,18812,2,,,0
400,'259.0.2',646,,18813,2,,,0,70,,18814,2,,,0,30,,18815,2,,,0,70,,18816,2,,,0,30,,18817,2,,,0,70,,18818,2,,,0,30,,18819,2,,,0,70,,18820,2,,,0,30,,18821,2,,,0,70,,18822,2,,,0,30,,18823,2,,,0,70,,18824,2,,,0,30,,18825,2,,,0,70,,18826,2,,,0,30,,18827,2,,,0,70,,18828,2,,,0,30,,18829,2,,,0,70,,18830,2,,,0,30,,18831,2,,,0,70,,18832,2,,,0,30,,18833,2,,,0,70,,18834,2,,,0,30,,18835,2,,,0,70,,18836,2,,,0,30,,18837,2,,,0,70,,18838,2,,,0,30,,18839,2,,,0,100,,18840,2,,,0,100,,18841,2,,,0,100,,18842,2,,,0,100,,18843,2,,,0
400,'259.0.3',601,,18844,2,,,0,20,,18845,2,,,0,20,,18846,2,,,0,60,,18847,2,,,0,15,,18848,2,,,0,15,,18849,2,,,0,15,,18850,2,,,0,55,,18851,2,,,0,15,,18852,2,,,0,15,,18853,2,,,0,15,,18854,2,,,0,55,,18855,2,,,0,15,,18856,2,,,0,15,,18857,2,,,0,15,,18858,2,,,0,55,,18859,2,,,0,15,,18860,2,,,0,15,,18861,2,,,0,15,,18862,2,,,0,55,,18863,2,,,0,15,,18864,2,,,0,15,,18865,2,,,0,15,,18866,2,,,0,55,,18867,2,,,0,15,,18868,2,,,0,15,,18869,2,,,0,15,,18870,2,,,0,55,,18871,2,,,0,10,,18872,2,,,0,10,,18873,2,,,0,10,,18874,2,,,0,10,,18875,2,,,0,10,,18876,2,,,0,50,,18877,2,,,0,8,,18878,2,,,0,8,,18879,2,,,0,8,,18880,2,,,0,8,,18881,2,,,0,8,,18882,2,,,0,8,,18883,2,,,0,8,,18884,2,,,0,48,,18885,2,,,0,8,,18886,2,,,0,8,,18887,2,,,0,8,,18888,2,,,0,8,,18889,2,,,0,8,,18890,2,,,0,8,,18891,2,,,0,48,,18892,2,,,0,8,,18893,2,,,0,8,,18894,2,,,0,8,,18895,2,,,0,8,,18896,2,,,0,8,,18897,2,,,0,16,,18898,2,,,0,48,,18899,2,,,0,8,,18900,2,,,0,8,,18901,2,,,0,8,,18902,2,,,0,8,,18903,2,,,0,9,,18904,2,,,0,55,,18905,2,,,0,15,,18906,2,,,0,15,,18907,2,,,0,20,,18908,2,,,0,60,,18909,2,,,0,20,,18910,2,,,0,20,,18911,2,,,0,60,,18912,2,,,0,20,,18913,2,,,0,20,,18914,2,,,0,60,,18915,2,,,0,20,,18916,2,,,0,20,,18917,2,,,0,70,,18918,2,,,0,30,,18919,2,,,0,70,,18920,2,,,0,30,,18921,2,,,0,70,,18922,2,,,0,30,,18923,2,,,0
400,'259.1141.3',1649,,18924,2,,,0
400,'259.1143.3',1649,,18925,2,,,0
1001000,'259.0.3',621,,24716,2,,,0,19,,24717,2,,,0,19,,24718,2,,,0,68,,24719,2,,,0,18,,24720,2,,,0,56,,24721,2,,,0,20,,24722,2,,,0,20,,24723,2,,,0,60,,24724,2,,,0,500,,24725,2,,,0,19,,24726,2,,,0,20,,24727,2,,,0,60,,24728,2,,,0,20,,24729,2,,,0,20,,24730,2,,,0,60,,24731,2,,,0,20,,24732,2,,,0,20,,24733,2,,,0,10,,24734,2,,,0,70,,24735,2,,,0,20,,24736,2,,,0,60,,24737,2,,,0,20,,24738,2,,,0
2000701,'259.0.1',608,,25411,20,,,0,20,,25412,20,,,0,20,,25413,20,,,0,60,,25414,20,,,0,20,,25415,20,,,0,20,,25416,20,,,0,62,,25417,20,,,0,18,,25418,20,,,0,20,,25419,20,,,0,60,,25420,20,,,0,20,,25421,20,,,0,18,,25422,20,,,0,60,,25423,20,,,0,20,,25424,20,,,0,20,,25425,20,,,0,60,,25426,20,,,0,20,,25427,20,,,0,20,,25428,20,,,0,60,,25429,20,,,0,20,,25430,20,,,0,20,,25431,20,,,0,60,,25432,20,,,0,20,,25433,20,,,0,20,,25434,20,,,0,60,,25435,20,,,0,20,,25436,20,,,0,20,,25437,20,,,0,60,,25438,20,,,0,20,,25439,20,,,0,20,,25440,20,,,0,61,,25441,20,,,0,21,,25442,20,,,0,20,,25443,20,,,0,60,,25444,20,,,0,20,,25445,20,,,0,20,,25446,20,,,0,60,,25447,20,,,0,20,,25448,20,,,0,20,,25449,20,,,0,60,,25450,20,,,0,20,,25451,20,,,0,20,,25452,20,,,0,61,,25453,20,,,0,20,,25454,20,,,0,20,,25455,20,,,0,60,,25456,20,,,0,20,,25457,20,,,0,20,,25458,20,,,0,60,,25459,20,,,0,20,,25460,20,,,0,20,,25461,20,,,0,60,,25462,20,,,0,20,,25463,20,,,0,20,,25464,20,,,0
2000701,'259.0.2',609,,25465,20,,,0,30,,25466,20,,,0,70,,25467,20,,,0,30,,25468,20,,,0,70,,25469,20,,,0,30,,25470,20,,,0,70,,25471,20,,,0,28,,25472,20,,,0,70,,25473,20,,,0,30,,25474,20,,,0,70,,25475,20,,,0,30,,25476,20,,,0,70,,25477,20,,,0,30,,25478,20,,,0,70,,25479,20,,,0,30,,25480,20,,,0,70,,25481,20,,,0,30,,25482,20,,,0,70,,25483,20,,,0,30,,25484,20,,,0,70,,25485,20,,,0,30,,25486,20,,,0,70,,25487,20,,,0,30,,25488,20,,,0,70,,25489,20,,,0,30,,25490,20,,,0,70,,25491,20,,,0,31,,25492,20,,,0,70,,25493,20,,,0,30,,25494,20,,,0,70,,25495,20,,,0,30,,25496,20,,,0,70,,25497,20,,,0,30,,25498,20,,,0,70,,25499,20,,,0,30,,25500,20,,,0
2000701,'259.0.3',601,,25501,20,,,0,15,,25502,20,,,0,15,,25503,20,,,0,15,,25504,20,,,0,55,,25505,20,,,0,15,,25506,20,,,0,15,,25507,20,,,0,16,,25508,20,,,0,59,,25509,20,,,0,15,,25510,20,,,0,15,,25511,20,,,0,15,,25512,20,,,0,54,,25513,20,,,0,13,,25514,20,,,0,15,,25515,20,,,0,15,,25516,20,,,0,55,,25517,20,,,0,15,,25518,20,,,0,15,,25519,20,,,0,15,,25520,20,,,0,55,,25521,20,,,0,15,,25522,20,,,0,15,,25523,20,,,0,15,,25524,20,,,0,55,,25525,20,,,0,15,,25526,20,,,0,15,,25527,20,,,0,15,,25528,20,,,0,55,,25529,20,,,0,15,,25530,20,,,0,15,,25531,20,,,0,15,,25532,20,,,0,55,,25533,20,,,0,15,,25534,20,,,0,15,,25535,20,,,0,15,,25536,20,,,0,55,,25537,20,,,0,16,,25538,20,,,0,15,,25539,20,,,0,15,,25540,20,,,0,55,,25541,20,,,0,15,,25542,20,,,0,15,,25543,20,,,0,15,,25544,20,,,0,55,,25545,20,,,0,15,,25546,20,,,0,14,,25547,20,,,0,14,,25548,20,,,0,55,,25549,20,,,0,15,,25550,20,,,0,15,,25551,20,,,0,15,,25552,20,,,0,54,,25553,20,,,0,13,,25554,20,,,0,15,,25555,20,,,0,15,,25556,20,,,0,15,,25557,20,,,0,55,,25558,20,,,0,15,,25559,20,,,0,15,,25560,20,,,0,15,,25561,20,,,0,55,,25562,20,,,0,15,,25563,20,,,0,15,,25564,20,,,0,15,,25565,20,,,0,55,,25566,20,,,0,15,,25567,20,,,0,15,,25568,20,,,0,15,,25569,20,,,0,70,,25570,20,,,0,30,,25571,20,,,0,70,,25572,20,,,0,30,,25573,20,,,0
2001000,'259.0.1',631,,25713,2,,,0,85,,25714,2,,,0,30,,25715,2,,,0,70,,25716,2,,,0,30,,25717,2,,,0,70,,25718,2,,,0,30,,25719,2,,,0,70,,25720,2,,,0,30,,25721,2,,,0,70,,25722,2,,,0,30,,25723,2,,,0,70,,25724,2,,,0,30,,25725,2,,,0,70,,25726,2,,,0,30,,25727,2,,,0,70,,25728,2,,,0,30,,25729,2,,,0,70,,25730,2,,,0,30,,25731,2,,,0,70,,25732,2,,,0,30,,25733,2,,,0,70,,25734,2,,,0,30,,25735,2,,,0,70,,25736,2,,,0,30,,25737,2,,,0,70,,25738,2,,,0,30,,25739,2,,,0,85,,25740,2,,,0,100,,25741,2,,,0,100,,25742,2,,,0,100,,25743,2,,,0
2001000,'259.0.2',631,,25744,2,,,0,115,,25745,2,,,0,70,,25746,2,,,0,30,,25747,2,,,0,70,,25748,2,,,0,30,,25749,2,,,0,70,,25750,2,,,0,30,,25751,2,,,0,70,,25752,2,,,0,30,,25753,2,,,0,70,,25754,2,,,0,30,,25755,2,,,0,70,,25756,2,,,0,30,,25757,2,,,0,70,,25758,2,,,0,30,,25759,2,,,0,70,,25760,2,,,0,30,,25761,2,,,0,70,,25762,2,,,0,30,,25763,2,,,0,70,,25764,2,,,0,30,,25765,2,,,0,85,,25766,2,,,0,100,,25767,2,,,0,100,,25768,2,,,0,100,,25769,2,,,0,100,,25770,2,,,0,100,,25771,2,,,0,100,,25772,2,,,0
2001000,'259.0.3',543,,25773,2,,,0,91,,25774,2,,,0,20,,25775,2,,,0,60,,25776,2,,,0,20,,25777,2,,,0,20,,25778,2,,,0,60,,25779,2,,,0,20,,25780,2,,,0,20,,25781,2,,,0,77,,25782,2,,,0,70,,25783,2,,,0,30,,25784,2,,,0,70,,25785,2,,,0,30,,25786,2,,,0,70,,25787,2,,,0,30,,25788,2,,,0,70,,25789,2,,,0,30,,25790,2,,,0,25,,25791,2,,,0,57,,25792,2,,,0,20,,25793,2,,,0,20,,25794,2,,,0,60,,25795,2,,,0,20,,25796,2,,,0,20,,25797,2,,,0,60,,25798,2,,,0,20,,25799,2,,,0,20,,25800,2,,,0,60,,25801,2,,,0,20,,25802,2,,,0,20,,25803,2,,,0,60,,25804,2,,,0,23,,25805,2,,,0,20,,25806,2,,,0,64,,25807,2,,,0,30,,25808,2,,,0,70,,25809,2,,,0,30,,25810,2,,,0,70,,25811,2,,,0
3001000,'259.0.1',601,,26275,2,,,0,100,,26276,2,,,0,30,,26277,2,,,0,70,,26278,2,,,0,30,,26279,2,,,0,70,,26280,2,,,0,30,,26281,2,,,0,70,,26282,2,,,0,30,,26283,2,,,0,70,,26284,2,,,0,30,,26285,2,,,0,70,,26286,2,,,0,30,,26287,2,,,0,70,,26288,2,,,0,30,,26289,2,,,0,70,,26290,2,,,0,30,,26291,2,,,0,70,,26292,2,,,0,30,,26293,2,,,0,70,,26294,2,,,0,30,,26295,2,,,0,70,,26296,2,,,0,30,,26297,2,,,0,70,,26298,2,,,0,30,,26299,2,,,0,70,,26300,2,,,0,100,,26301,2,,,0,100,,26302,2,,,0,100,,26303,2,,,0,100,,26304,2,,,0,100,,26305,2,,,0
3001000,'259.0.2',601,,26307,2,,,0,100,,26308,2,,,0,30,,26309,2,,,0,70,,26310,2,,,0,30,,26311,2,,,0,70,,26312,2,,,0,30,,26313,2,,,0,70,,26314,2,,,0,30,,26315,2,,,0,70,,26316,2,,,0,30,,26317,2,,,0,70,,26318,2,,,0,30,,26319,2,,,0,70,,26320,2,,,0,30,,26321,2,,,0,70,,26322,2,,,0,30,,26323,2,,,0,70,,26324,2,,,0,30,,26325,2,,,0,70,,26326,2,,,0,30,,26327,2,,,0,70,,26328,2,,,0,30,,26329,2,,,0,70,,26330,2,,,0,100,,26331,2,,,0,100,,26332,2,,,0,100,,26333,2,,,0,100,,26334,2,,,0,100,,26335,2,,,0
3001000,'259.0.3',548,,26339,2,,,0,59,,26340,2,,,0,20,,26341,2,,,0,19,,26342,2,,,0,58,,26343,2,,,0,17,,26344,2,,,0,18,,26345,2,,,0,69,,26346,2,,,0,20,,26347,2,,,0,20,,26348,2,,,0,68,,26349,2,,,0,30,,26350,2,,,0,70,,26351,2,,,0,30,,26352,2,,,0,70,,26353,2,,,0,30,,26354,2,,,0,70,,26355,2,,,0,30,,26356,2,,,0,70,,26357,2,,,0,30,,26358,2,,,0,60,,26359,2,,,0,20,,26360,2,,,0,20,,26361,2,,,0,60,,26362,2,,,0,20,,26363,2,,,0,20,,26364,2,,,0,60,,26365,2,,,0,20,,26366,2,,,0,20,,26367,2,,,0,60,,26368,2,,,0,20,,26369,2,,,0,20,,26370,2,,,0,60,,26371,2,,,0,20,,26372,2,,,0,20,,26373,2,,,0,59,,26374,2,,,0,30,,26375,2,,,0,70,,26376,2,,,0,30,,26377,2,,,0,70,,26378,2,,,0,30,,26379,2,,,0,70,,26380,2,,,0,30,,26381,2,,,0,70,,26382,2,,,0,30,,26383,2,,,0,70,,26384,2,,,0
