5901,'244.0.1',644,,12833,22,,,0,100,,12834,22,,,0,100,,12835,22,,,0,100,,12836,22,,,0,102,,12837,22,,,0,100,,12838,22,,,0,100,,12839,22,,,0,100,,12840,22,,,0,100,,12841,22,,,0,100,,12842,22,,,0,100,,12843,22,,,0,100,,12844,22,,,0,98,,12845,22,,,0,100,,12846,22,,,0,100,,12847,22,,,0,100,,12848,22,,,0,100,,12849,22,,,0,100,,12850,22,,,0
5901,'244.0.2',744,,12851,22,,,0,100,,12852,22,,,0,100,,12853,22,,,0,102,,12854,22,,,0,100,,12855,22,,,0,100,,12856,22,,,0,100,,12857,22,,,0,100,,12858,22,,,0,100,,12859,22,,,0,100,,12860,22,,,0,100,,12861,22,,,0,98,,12862,22,,,0,100,,12863,22,,,0,100,,12864,22,,,0,100,,12865,22,,,0,100,,12866,22,,,0
5901,'244.0.3',926,,12867,22,,,0,100,,12868,22,,,0,100,,12869,22,,,0,100,,12870,22,,,0,101,,12871,22,,,0,100,,12872,22,,,0,100,,12873,22,,,0,30,,12874,22,,,0,61,,12875,22,,,0,24,,12876,22,,,0,63,,12877,22,,,0,22,,12878,22,,,0,19,,12879,22,,,0,13,,12888,22,,,0,57,,12880,22,,,0,18,,12881,22,,,0,101,,12882,22,,,0,100,,12883,22,,,0,100,,12884,22,,,0,100,,12885,22,,,0,100,,12886,22,,,0,100,,12887,22,,,0
6101,'244.0.1',651,,12940,37,,,0,100,,12941,37,,,0,100,,12942,37,,,0,102,,12943,37,,,0,100,,12944,37,,,0,102,,12945,37,,,0,100,,12946,37,,,0,100,,12947,37,,,0,100,,12948,37,,,0,100,,12949,37,,,0,100,,12950,37,,,0,100,,12951,37,,,0,100,,12952,37,,,0,97,,12953,37,,,0,100,,12954,37,,,0,98,,12955,37,,,0,100,,12956,37,,,0,100,,12957,37,,,0
6101,'244.0.2',751,,12958,37,,,0,100,,12959,37,,,0,100,,12960,37,,,0,100,,12961,37,,,0,102,,12962,37,,,0,100,,12963,37,,,0,102,,12964,37,,,0,100,,12965,37,,,0,100,,12966,37,,,0,100,,12967,37,,,0,100,,12968,37,,,0,97,,12969,37,,,0,98,,12970,37,,,0,100,,12971,37,,,0,100,,12972,37,,,0,100,,12973,37,,,0
6101,'244.0.3',929,,12974,37,,,0,99,,12975,37,,,0,100,,12976,37,,,0,101,,12977,37,,,0,100,,12978,37,,,0,100,,12979,37,,,0,100,,12980,37,,,0,102,,12981,37,,,0,73,,12982,37,,,0,35,,12983,37,,,0,71,,12984,37,,,0,25,,12985,37,,,0,24,,12986,37,,,0,98,,12987,37,,,0,100,,12988,37,,,0,98,,12989,37,,,0,100,,12990,37,,,0
6300,'244.0.1',813,,13103,30,,,0,100,,13104,30,,,0,100,,13105,30,,,0,100,,13106,30,,,0,100,,13107,30,,,0,100,,13108,30,,,0,100,,13109,30,,,0,101,,13110,30,,,0,100,,13111,30,,,0,100,,13112,30,,,0,100,,13113,30,,,0,100,,13114,30,,,0,97,,13115,30,,,0,99,,13116,30,,,0,100,,13117,30,,,0,100,,13118,30,,,0
6300,'244.0.2',742,,13119,30,,,0,100,,13120,30,,,0,100,,13121,30,,,0,100,,13122,30,,,0,100,,13123,30,,,0,100,,13124,30,,,0,100,,13125,30,,,0,100,,13126,30,,,0,98,,13127,30,,,0,100,,13128,30,,,0,100,,13129,30,,,0,100,,13130,30,,,0,100,,13131,30,,,0,100,,13132,30,,,0,100,,13133,30,,,0
6300,'244.0.3',707,,13134,30,,,0,30,,13135,30,,,0,70,,13136,30,,,0,30,,13137,30,,,0,70,,13138,30,,,0,30,,13139,30,,,0,70,,13140,30,,,0,16,,13141,30,,,0,100,,13142,30,,,0,100,,13143,30,,,0,100,,13144,30,,,0,100,,13145,30,,,0,101,,13146,30,,,0,115,,13147,30,,,0,70,,13148,30,,,0,28,,13149,30,,,0,70,,13150,30,,,0,29,,13151,30,,,0,69,,13152,30,,,0,30,,13153,30,,,0,100,,13154,30,,,0,100,,13155,30,,,0,100,,13156,30,,,0
6801,'244.0.1',631,,13545,28,,,0,100,,13546,28,,,0,100,,13547,28,,,0,100,,13548,28,,,0,101,,13549,28,,,0,101,,13550,28,,,0,100,,13551,28,,,0,100,,13552,28,,,0,100,,13553,28,,,0,100,,13554,28,,,0,100,,13555,28,,,0,100,,13556,28,,,0,100,,13557,28,,,0,100,,13558,28,,,0,99,,13559,28,,,0,100,,13560,28,,,0,100,,13561,28,,,0,100,,13562,28,,,0,100,,13563,28,,,0
6801,'244.0.2',731,,13564,28,,,0,100,,13565,28,,,0,100,,13566,28,,,0,100,,13567,28,,,0,100,,13568,28,,,0,101,,13569,28,,,0,101,,13570,28,,,0,100,,13571,28,,,0,100,,13572,28,,,0,100,,13573,28,,,0,100,,13574,28,,,0,100,,13575,28,,,0,99,,13576,28,,,0,99,,13577,28,,,0,100,,13578,28,,,0,100,,13579,28,,,0
6801,'244.0.3',955,,13580,28,,,0,100,,13581,28,,,0,100,,13582,28,,,0,100,,13583,28,,,0,102,,13584,28,,,0,100,,13585,28,,,0,100,,13586,28,,,0,81,,13587,28,,,0,76,,13588,28,,,0,32,,13589,28,,,0,69,,13590,28,,,0,23,,13591,28,,,0,66,,13592,28,,,0,119,,13593,28,,,0,100,,13594,28,,,0,100,,13595,28,,,0,100,,13596,28,,,0,100,,13597,28,,,0
15901,'244.0.3',555,,14987,21,,,0,60,,14995,21,,,0,20,,14988,21,,,0,20,,14989,21,,,0,60,,14990,21,,,0,20,,14991,21,,,0,20,,14992,21,,,0,61,,14993,21,,,0,19,,14994,21,,,0
16100,'244.0.3',559,,14996,34,,,0,70,,14997,34,,,0,30,,14998,34,,,0,70,,14999,34,,,0,30,,15000,34,,,0,70,,15001,34,,,0
40100,'244.0.1',756,,15295,45,,,0,501,,15296,45,,,0,600,,15297,45,,,0
40100,'244.0.2',756,,15298,45,,,0,501,,15299,45,,,0,600,,15300,45,,,0
40100,'244.0.3',621,,15302,45,,,0,136,,15306,45,,,0,175,,15307,45,,,0,175,,15304,45,,,0,615,,15301,45,,,0,179,,15305,45,,,0,139,,15303,45,,,0
1016801,'244.0.3',622,,16292,24,,,0,30,,16293,24,,,0,70,,16294,24,,,0,30,,16295,24,,,0,70,,16296,24,,,0,30,,16297,24,,,0
2016801,'244.0.3',609,,17307,29,,,0,30,,17308,29,,,0,70,,17309,29,,,0,30,,17310,29,,,0,70,,17311,29,,,0,30,,17312,29,,,0
