101,'259.0.1',607,,17919,9,,,0,15,,17920,9,,,0,15,,17921,9,,,0,15,,17922,9,,,0,55,,17923,9,,,0,15,,17924,9,,,0,16,,17925,9,,,0,15,,17926,9,,,0,55,,17927,9,,,0,15,,17928,9,,,0,15,,17929,9,,,0,15,,17930,9,,,0,55,,17931,9,,,0,15,,17932,9,,,0,15,,17933,9,,,0,15,,17934,9,,,0,55,,17935,9,,,0,15,,17936,9,,,0,15,,17937,9,,,0,15,,17938,9,,,0,58,,17939,9,,,0,15,,17940,9,,,0,15,,17941,9,,,0,15,,17942,9,,,0,55,,17943,9,,,0,15,,17944,9,,,0,15,,17945,9,,,0,15,,17946,9,,,0,55,,17947,9,,,0,15,,17948,9,,,0,15,,17949,9,,,0,15,,17950,9,,,0,55,,17951,9,,,0,15,,17952,9,,,0,15,,17953,9,,,0,15,,17954,9,,,0,55,,17955,9,,,0,15,,17956,9,,,0,15,,17957,9,,,0,15,,17958,9,,,0,55,,17959,9,,,0,15,,17960,9,,,0,15,,17961,9,,,0,15,,17962,9,,,0,55,,17963,9,,,0,15,,17964,9,,,0,15,,17965,9,,,0,15,,17966,9,,,0,54,,17967,9,,,0,14,,17968,9,,,0,15,,17969,9,,,0,15,,17970,9,,,0,55,,17971,9,,,0,15,,17972,9,,,0,15,,17973,9,,,0,15,,17974,9,,,0,55,,17975,9,,,0,15,,17976,9,,,0,15,,17977,9,,,0,15,,17978,9,,,0,52,,17979,9,,,0,15,,17980,9,,,0,15,,17981,9,,,0,15,,17982,9,,,0,55,,17983,9,,,0,15,,17984,9,,,0,15,,17985,9,,,0,15,,17986,9,,,0,55,,17987,9,,,0,15,,17988,9,,,0,15,,17989,9,,,0,15,,17990,9,,,0,55,,17991,9,,,0,15,,17992,9,,,0,15,,17993,9,,,0
101,'259.0.2',606,,17994,9,,,0,25,,17995,9,,,0,15,,17996,9,,,0,55,,17997,9,,,0,15,,17998,9,,,0,15,,17999,9,,,0,15,,18000,9,,,0,55,,18001,9,,,0,15,,18002,9,,,0,15,,18003,9,,,0,16,,18004,9,,,0,55,,18005,9,,,0,15,,18006,9,,,0,15,,18007,9,,,0,15,,18008,9,,,0,55,,18009,9,,,0,15,,18010,9,,,0,15,,18011,9,,,0,15,,18012,9,,,0,55,,18013,9,,,0,16,,18014,9,,,0,16,,18015,9,,,0,15,,18016,9,,,0,55,,18017,9,,,0,15,,18018,9,,,0,15,,18019,9,,,0,15,,18020,9,,,0,55,,18021,9,,,0,15,,18022,9,,,0,15,,18023,9,,,0,15,,18024,9,,,0,55,,18025,9,,,0,15,,18026,9,,,0,15,,18027,9,,,0,15,,18028,9,,,0,55,,18029,9,,,0,15,,18030,9,,,0,15,,18031,9,,,0,15,,18032,9,,,0,55,,18033,9,,,0,15,,18034,9,,,0,15,,18035,9,,,0,15,,18036,9,,,0,55,,18037,9,,,0,15,,18038,9,,,0,15,,18039,9,,,0,15,,18040,9,,,0,55,,18041,9,,,0,14,,18042,9,,,0,13,,18043,9,,,0,15,,18044,9,,,0,55,,18045,9,,,0,15,,18046,9,,,0,15,,18047,9,,,0,15,,18048,9,,,0,55,,18049,9,,,0,30,,18050,9,,,0,70,,18051,9,,,0,30,,18052,9,,,0,70,,18053,9,,,0,30,,18054,9,,,0,70,,18055,9,,,0,30,,18056,9,,,0,70,,18057,9,,,0
101,'259.0.3',554,,18058,9,,,0,70,,18059,9,,,0,13,,18060,9,,,0,15,,18061,9,,,0,55,,18062,9,,,0,10,,18063,9,,,0,10,,18064,9,,,0,13,,18065,9,,,0,12,,18066,9,,,0,50,,18067,9,,,0,10,,18068,9,,,0,10,,18069,9,,,0,12,,18070,9,,,0,10,,18071,9,,,0,8,,18072,9,,,0,48,,18073,9,,,0,10,,18074,9,,,0,10,,18075,9,,,0,10,,18076,9,,,0,10,,18077,9,,,0,10,,18078,9,,,0,9,,18079,9,,,0,49,,18080,9,,,0,10,,18081,9,,,0,10,,18082,9,,,0,10,,18083,9,,,0,10,,18084,9,,,0,10,,18085,9,,,0,50,,18086,9,,,0,10,,18087,9,,,0,11,,18088,9,,,0,10,,18089,9,,,0,10,,18090,9,,,0,10,,18091,9,,,0,50,,18092,9,,,0,10,,18093,9,,,0,10,,18094,9,,,0,10,,18095,9,,,0,10,,18096,9,,,0,10,,18097,9,,,0,50,,18098,9,,,0,10,,18099,9,,,0,10,,18100,9,,,0,10,,18101,9,,,0,10,,18102,9,,,0,10,,18103,9,,,0,50,,18104,9,,,0,10,,18105,9,,,0,10,,18106,9,,,0,10,,18107,9,,,0,10,,18108,9,,,0,10,,18109,9,,,0,50,,18110,9,,,0,10,,18111,9,,,0,10,,18112,9,,,0,12,,18113,9,,,0,12,,18114,9,,,0,50,,18115,9,,,0,10,,18116,9,,,0,10,,18117,9,,,0,10,,18118,9,,,0,10,,18119,9,,,0,10,,18120,9,,,0,50,,18121,9,,,0,10,,18122,9,,,0,10,,18123,9,,,0,10,,18124,9,,,0,10,,18125,9,,,0,10,,18126,9,,,0,49,,18127,9,,,0,7,,18128,9,,,0,9,,18129,9,,,0,10,,18130,9,,,0,10,,18131,9,,,0,10,,18132,9,,,0,10,,18133,9,,,0,50,,18134,9,,,0,10,,18135,9,,,0,10,,18136,9,,,0,10,,18137,9,,,0,10,,18138,9,,,0,10,,18139,9,,,0,49,,18140,9,,,0,9,,18141,9,,,0,10,,18142,9,,,0,10,,18143,9,,,0,10,,18144,9,,,0,10,,18145,9,,,0,50,,18146,9,,,0,10,,18147,9,,,0,10,,18148,9,,,0,10,,18149,9,,,0,10,,18150,9,,,0,10,,18151,9,,,0,50,,18152,9,,,0,10,,18153,9,,,0,15,,18154,9,,,0,15,,18155,9,,,0,55,,18156,9,,,0,15,,18157,9,,,0,15,,18158,9,,,0,15,,18159,9,,,0,55,,18160,9,,,0,15,,18161,9,,,0,15,,18162,9,,,0,15,,18163,9,,,0,55,,18164,9,,,0
800,'259.0.1',541,,19386,3,,,0,70,,19387,3,,,0,30,,19388,3,,,0,70,,19389,3,,,0,30,,19390,3,,,0,60,,19391,3,,,0,20,,19392,3,,,0,30,,19393,3,,,0,70,,19394,3,,,0,30,,19395,3,,,0,70,,19396,3,,,0,26,,19397,3,,,0,70,,19398,3,,,0,30,,19399,3,,,0,70,,19400,3,,,0,30,,19401,3,,,0,70,,19402,3,,,0,30,,19403,3,,,0,70,,19404,3,,,0,30,,19405,3,,,0,70,,19406,3,,,0,30,,19407,3,,,0,70,,19408,3,,,0,30,,19409,3,,,0,70,,19410,3,,,0,30,,19411,3,,,0,74,,19412,3,,,0,30,,19413,3,,,0,70,,19414,3,,,0,30,,19415,3,,,0,70,,19416,3,,,0,30,,19417,3,,,0,70,,19418,3,,,0,30,,19419,3,,,0,70,,19420,3,,,0,30,,19421,3,,,0,70,,19422,3,,,0,100,,19423,3,,,0
800,'259.0.2',556,,19424,3,,,0,70,,19425,3,,,0,30,,19426,3,,,0,70,,19427,3,,,0,30,,19428,3,,,0,70,,19429,3,,,0,30,,19430,3,,,0,70,,19431,3,,,0,30,,19432,3,,,0,70,,19433,3,,,0,30,,19434,3,,,0,65,,19435,3,,,0,30,,19436,3,,,0,71,,19437,3,,,0,30,,19438,3,,,0,70,,19439,3,,,0,30,,19440,3,,,0,70,,19441,3,,,0,30,,19442,3,,,0,70,,19443,3,,,0,30,,19444,3,,,0,75,,19445,3,,,0,30,,19446,3,,,0,70,,19447,3,,,0,30,,19448,3,,,0,70,,19449,3,,,0,29,,19450,3,,,0,70,,19451,3,,,0,30,,19452,3,,,0,70,,19453,3,,,0,30,,19454,3,,,0,70,,19455,3,,,0,30,,19456,3,,,0,70,,19457,3,,,0,100,,19458,3,,,0,100,,19459,3,,,0
800,'259.0.3',528,,19462,3,,,0,30,,19463,3,,,0,70,,19464,3,,,0,30,,19465,3,,,0,70,,19466,3,,,0,31,,19467,3,,,0,70,,19468,3,,,0,30,,19469,3,,,0,70,,19470,3,,,0,20,,19471,3,,,0,60,,19472,3,,,0,20,,19473,3,,,0,20,,19474,3,,,0,60,,19475,3,,,0,20,,19476,3,,,0,20,,19477,3,,,0,60,,19478,3,,,0,20,,19479,3,,,0,20,,19480,3,,,0,60,,19481,3,,,0,20,,19482,3,,,0,20,,19483,3,,,0,60,,19484,3,,,0,20,,19485,3,,,0,20,,19486,3,,,0,61,,19487,3,,,0,20,,19488,3,,,0,20,,19489,3,,,0,60,,19490,3,,,0,20,,19491,3,,,0,20,,19492,3,,,0,60,,19493,3,,,0,20,,19494,3,,,0,78,,19495,3,,,0,10,,19510,3,,,0,10,,19496,3,,,0,30,,19497,3,,,0,70,,19498,3,,,0,30,,19499,3,,,0,70,,19500,3,,,0,30,,19501,3,,,0,70,,19502,3,,,0,30,,19503,3,,,0,70,,19504,3,,,0,30,,19505,3,,,0,70,,19506,3,,,0,30,,19507,3,,,0,70,,19508,3,,,0,30,,19509,3,,,0
1000701,'259.0.1',621,,24368,3,,,0,20,,24369,3,,,0,60,,24370,3,,,0,20,,24371,3,,,0,20,,24372,3,,,0,60,,24373,3,,,0,20,,24374,3,,,0,21,,24375,3,,,0,60,,24376,3,,,0,20,,24377,3,,,0,20,,24378,3,,,0,60,,24379,3,,,0,20,,24380,3,,,0,20,,24381,3,,,0,60,,24382,3,,,0,20,,24383,3,,,0,20,,24384,3,,,0,60,,24385,3,,,0,20,,24386,3,,,0,20,,24387,3,,,0,60,,24388,3,,,0,20,,24389,3,,,0,20,,24390,3,,,0,60,,24391,3,,,0,20,,24392,3,,,0,20,,24393,3,,,0,60,,24394,3,,,0,20,,24395,3,,,0,20,,24396,3,,,0,60,,24397,3,,,0,20,,24398,3,,,0,20,,24399,3,,,0,60,,24400,3,,,0,20,,24401,3,,,0,20,,24402,3,,,0,60,,24403,3,,,0,20,,24404,3,,,0,20,,24405,3,,,0,60,,24406,3,,,0,20,,24407,3,,,0,20,,24408,3,,,0,60,,24409,3,,,0,20,,24410,3,,,0,20,,24411,3,,,0,60,,24412,3,,,0,20,,24413,3,,,0,20,,24414,3,,,0,60,,24415,3,,,0,20,,24416,3,,,0,20,,24417,3,,,0,60,,24418,3,,,0,20,,24419,3,,,0,20,,24420,3,,,0,60,,24421,3,,,0
1000701,'259.0.2',621,,24422,3,,,0,30,,24423,3,,,0,70,,24424,3,,,0,30,,24425,3,,,0,70,,24426,3,,,0,30,,24427,3,,,0,71,,24428,3,,,0,30,,24429,3,,,0,70,,24430,3,,,0,30,,24431,3,,,0,70,,24432,3,,,0,30,,24433,3,,,0,70,,24434,3,,,0,30,,24435,3,,,0,70,,24436,3,,,0,30,,24437,3,,,0,70,,24438,3,,,0,30,,24439,3,,,0,70,,24440,3,,,0,30,,24441,3,,,0,70,,24442,3,,,0,30,,24443,3,,,0,70,,24444,3,,,0,30,,24445,3,,,0,70,,24446,3,,,0,30,,24447,3,,,0,70,,24448,3,,,0,30,,24449,3,,,0,70,,24450,3,,,0,29,,24451,3,,,0,70,,24452,3,,,0,30,,24453,3,,,0,70,,24454,3,,,0,30,,24455,3,,,0,70,,24456,3,,,0,30,,24457,3,,,0
1000701,'259.0.3',605,,24458,3,,,0,15,,24459,3,,,0,15,,24460,3,,,0,15,,24461,3,,,0,55,,24462,3,,,0,17,,24463,3,,,0,20,,24464,3,,,0,15,,24465,3,,,0,55,,24466,3,,,0,15,,24467,3,,,0,15,,24468,3,,,0,15,,24469,3,,,0,55,,24470,3,,,0,15,,24471,3,,,0,15,,24472,3,,,0,12,,24473,3,,,0,54,,24474,3,,,0,15,,24475,3,,,0,15,,24476,3,,,0,15,,24477,3,,,0,55,,24478,3,,,0,15,,24479,3,,,0,15,,24480,3,,,0,15,,24481,3,,,0,55,,24482,3,,,0,15,,24483,3,,,0,15,,24484,3,,,0,15,,24485,3,,,0,55,,24486,3,,,0,15,,24487,3,,,0,15,,24488,3,,,0,15,,24489,3,,,0,55,,24490,3,,,0,15,,24491,3,,,0,15,,24492,3,,,0,16,,24493,3,,,0,55,,24494,3,,,0,15,,24495,3,,,0,15,,24496,3,,,0,15,,24497,3,,,0,55,,24498,3,,,0,15,,24499,3,,,0,15,,24500,3,,,0,15,,24501,3,,,0,55,,24502,3,,,0,15,,24503,3,,,0,15,,24504,3,,,0,15,,24505,3,,,0,53,,24506,3,,,0,15,,24507,3,,,0,15,,24508,3,,,0,15,,24509,3,,,0,55,,24510,3,,,0,15,,24511,3,,,0,15,,24512,3,,,0,13,,24513,3,,,0,55,,24514,3,,,0,15,,24515,3,,,0,15,,24516,3,,,0,15,,24517,3,,,0,55,,24518,3,,,0,15,,24519,3,,,0,15,,24520,3,,,0,15,,24521,3,,,0,54,,24522,3,,,0,15,,24523,3,,,0,15,,24524,3,,,0,15,,24525,3,,,0,55,,24526,3,,,0,30,,24527,3,,,0,70,,24528,3,,,0,30,,24529,3,,,0
1000900,'259.0.1',649,,24530,3,,,0,100,,24531,3,,,0,100,,24532,3,,,0,94,,24533,3,,,0,100,,24534,3,,,0,96,,24535,3,,,0,100,,24536,3,,,0,100,,24537,3,,,0,100,,24538,3,,,0,100,,24539,3,,,0,100,,24540,3,,,0,100,,24541,3,,,0,100,,24542,3,,,0,104,,24543,3,,,0,100,,24544,3,,,0,100,,24545,3,,,0,100,,24546,3,,,0,100,,24547,3,,,0
1000900,'259.0.2',647,,24548,3,,,0,96,,24549,3,,,0,100,,24550,3,,,0,100,,24551,3,,,0,100,,24552,3,,,0,100,,24553,3,,,0,100,,24554,3,,,0,100,,24555,3,,,0,100,,24556,3,,,0,100,,24557,3,,,0,100,,24558,3,,,0,100,,24559,3,,,0,100,,24560,3,,,0,100,,24561,3,,,0,102,,24562,3,,,0,100,,24563,3,,,0,100,,24564,3,,,0,100,,24565,3,,,0
1000900,'259.0.3',601,,24566,3,,,0,30,,24567,3,,,0,70,,24568,3,,,0,30,,24569,3,,,0,70,,24570,3,,,0,29,,24571,3,,,0,12,,24572,3,,,0,15,,24573,3,,,0,70,,24574,3,,,0,15,,24575,3,,,0,15,,24576,3,,,0,70,,24577,3,,,0,15,,24578,3,,,0,13,,24579,3,,,0,67,,24580,3,,,0,15,,24581,3,,,0,15,,24582,3,,,0,70,,24583,3,,,0,15,,24584,3,,,0,15,,24585,3,,,0,70,,24586,3,,,0,15,,24587,3,,,0,15,,24588,3,,,0,70,,24589,3,,,0,26,,24590,3,,,0,59,,24591,3,,,0,9,,24592,3,,,0,19,,24593,3,,,0,10,,24594,3,,,0,60,,24595,3,,,0,10,,24596,3,,,0,20,,24597,3,,,0,10,,24598,3,,,0,10,,24599,3,,,0,61,,24600,3,,,0,9,,24601,3,,,0,8,,24602,3,,,0,16,,24603,3,,,0,10,,24604,3,,,0,60,,24605,3,,,0,10,,24606,3,,,0,30,,24607,3,,,0,70,,24608,3,,,0,30,,24609,3,,,0,70,,24610,3,,,0,30,,24611,3,,,0,69,,24612,3,,,0,15,,24613,3,,,0,15,,24614,3,,,0,75,,24615,3,,,0,20,,24616,3,,,0,80,,24617,3,,,0,20,,24618,3,,,0,80,,24619,3,,,0
1001001,'259.0.3',644,,24739,9,,,0,64,,24740,9,,,0,20,,24741,9,,,0,20,,24742,9,,,0,60,,24743,9,,,0,20,,24744,9,,,0,20,,24745,9,,,0,56,,24746,9,,,0,20,,24747,9,,,0,507,,24748,9,,,0,15,,24749,9,,,0,64,,24750,9,,,0,21,,24751,9,,,0,20,,24752,9,,,0,60,,24753,9,,,0,20,,24754,9,,,0,25,,24755,9,,,0,64,,24756,9,,,0,22,,24757,9,,,0,60,,24758,9,,,0,9,,24759,9,,,0,20,,24760,9,,,0
2000900,'259.0.1',619,,25574,3,,,0,100,,25575,3,,,0,100,,25576,3,,,0,94,,25577,3,,,0,100,,25578,3,,,0,100,,25579,3,,,0,95,,25580,3,,,0,100,,25581,3,,,0,100,,25582,3,,,0,100,,25583,3,,,0,100,,25584,3,,,0,100,,25585,3,,,0,100,,25586,3,,,0,105,,25587,3,,,0,100,,25588,3,,,0,100,,25589,3,,,0,100,,25590,3,,,0,100,,25591,3,,,0,100,,25592,3,,,0
2000900,'259.0.2',618,,25593,3,,,0,97,,25594,3,,,0,98,,25595,3,,,0,100,,25596,3,,,0,100,,25597,3,,,0,100,,25598,3,,,0,100,,25599,3,,,0,100,,25600,3,,,0,100,,25601,3,,,0,100,,25602,3,,,0,100,,25603,3,,,0,100,,25604,3,,,0,100,,25605,3,,,0,100,,25606,3,,,0,102,,25607,3,,,0,100,,25608,3,,,0,100,,25609,3,,,0,100,,25610,3,,,0,100,,25611,3,,,0
2000900,'259.0.3',616,,25614,3,,,0,30,,25615,3,,,0,70,,25616,3,,,0,26,,25617,3,,,0,70,,25618,3,,,0,100,,25619,3,,,0,100,,25620,3,,,0,95,,25621,3,,,0,96,,25622,3,,,0,100,,25623,3,,,0,100,,25624,3,,,0,28,,25625,3,,,0,25,,25626,3,,,0,68,,25627,3,,,0,30,,25628,3,,,0,70,,25629,3,,,0,80,,25630,3,,,0,34,,25631,3,,,0,70,,25632,3,,,0,30,,25633,3,,,0,70,,25634,3,,,0,30,,25635,3,,,0,70,,25636,3,,,0,30,,25637,3,,,0,70,,25638,3,,,0,100,,25639,3,,,0,100,,25640,3,,,0,100,,25641,3,,,0,100,,25642,3,,,0
2001001,'259.0.1',653,,25812,20,,,0,94,,25813,20,,,0,87,,25814,20,,,0,72,,25815,20,,,0,30,,25816,20,,,0,71,,25817,20,,,0,33,,25818,20,,,0,71,,25819,20,,,0,31,,25820,20,,,0,72,,25821,20,,,0,33,,25822,20,,,0,72,,25823,20,,,0,30,,25824,20,,,0,70,,25825,20,,,0,30,,25826,20,,,0,70,,25827,20,,,0,30,,25828,20,,,0,70,,25829,20,,,0,30,,25830,20,,,0,70,,25831,20,,,0,30,,25832,20,,,0,70,,25833,20,,,0,30,,25834,20,,,0,66,,25835,20,,,0,26,,25836,20,,,0,70,,25837,20,,,0,30,,25838,20,,,0,100,,25839,20,,,0,99,,25840,20,,,0,99,,25841,20,,,0,100,,25842,20,,,0
2001001,'259.0.2',647,,25843,20,,,0,92,,25844,20,,,0,90,,25845,20,,,0,72,,25846,20,,,0,30,,25847,20,,,0,72,,25848,20,,,0,32,,25849,20,,,0,72,,25850,20,,,0,31,,25851,20,,,0,71,,25852,20,,,0,30,,25853,20,,,0,70,,25854,20,,,0,30,,25855,20,,,0,70,,25856,20,,,0,32,,25857,20,,,0,71,,25858,20,,,0,30,,25859,20,,,0,70,,25860,20,,,0,30,,25861,20,,,0,69,,25862,20,,,0,30,,25863,20,,,0,69,,25864,20,,,0,30,,25865,20,,,0,101,,25866,20,,,0,100,,25867,20,,,0,100,,25868,20,,,0,100,,25869,20,,,0,100,,25870,20,,,0,100,,25871,20,,,0
2001001,'259.0.3',605,,25872,20,,,0,30,,25873,20,,,0,23,,25874,20,,,0,63,,25875,20,,,0,22,,25910,20,,,0,60,,25876,20,,,0,20,,25877,20,,,0,20,,25878,20,,,0,60,,25879,20,,,0,50,,25880,20,,,0,60,,25881,20,,,0,24,,25882,20,,,0,70,,25883,20,,,0,31,,25884,20,,,0,70,,25885,20,,,0,30,,25886,20,,,0,70,,25887,20,,,0,30,,25888,20,,,0,79,,25889,20,,,0,21,,25890,20,,,0,64,,25891,20,,,0,15,,25892,20,,,0,21,,25893,20,,,0,20,,25894,20,,,0,60,,25895,20,,,0,21,,25896,20,,,0,64,,25897,20,,,0,25,,25898,20,,,0,21,,25899,20,,,0,60,,25900,20,,,0,9,,25901,20,,,0,20,,25902,20,,,0,70,,25903,20,,,0,26,,25904,20,,,0,72,,25905,20,,,0,30,,25906,20,,,0,70,,25907,20,,,0,30,,25908,20,,,0,70,,25909,20,,,0
3001001,'259.0.1',623,,26385,28,,,0,94,,26386,28,,,0,100,,26387,28,,,0,34,,26388,28,,,0,70,,26389,28,,,0,30,,26390,28,,,0,70,,26391,28,,,0,34,,26392,28,,,0,72,,26393,28,,,0,31,,26394,28,,,0,72,,26395,28,,,0,74,,26396,28,,,0,30,,26397,28,,,0,70,,26398,28,,,0,30,,26399,28,,,0,70,,26400,28,,,0,30,,26401,28,,,0,70,,26402,28,,,0,30,,26403,28,,,0,70,,26404,28,,,0,30,,26405,28,,,0,70,,26406,28,,,0,30,,26407,28,,,0,69,,26408,28,,,0,24,,26409,28,,,0,28,,26410,28,,,0,70,,26411,28,,,0,100,,26412,28,,,0,96,,26413,28,,,0,94,,26414,28,,,0,100,,26415,28,,,0
3001001,'259.0.2',622,,26417,28,,,0,90,,26418,28,,,0,100,,26419,28,,,0,30,,26420,28,,,0,70,,26421,28,,,0,30,,26422,28,,,0,72,,26423,28,,,0,33,,26424,28,,,0,74,,26425,28,,,0,30,,26426,28,,,0,70,,26427,28,,,0,31,,26428,28,,,0,71,,26429,28,,,0,30,,26430,28,,,0,70,,26431,28,,,0,30,,26432,28,,,0,73,,26433,28,,,0,30,,26434,28,,,0,70,,26435,28,,,0,30,,26436,28,,,0,70,,26437,28,,,0,30,,26438,28,,,0,70,,26439,28,,,0,29,,26440,28,,,0,67,,26441,28,,,0,100,,26442,28,,,0,94,,26443,28,,,0,100,,26444,28,,,0,100,,26445,28,,,0
3001001,'259.0.3',550,,26447,28,,,0,70,,26448,28,,,0,31,,26449,28,,,0,65,,26450,28,,,0,22,,26451,28,,,0,20,,26452,28,,,0,58,,26453,28,,,0,19,,26454,28,,,0,20,,26455,28,,,0,56,,26456,28,,,0,32,,26457,28,,,0,60,,26458,28,,,0,20,,26459,28,,,0,28,,26460,28,,,0,72,,26461,28,,,0,30,,26462,28,,,0,70,,26463,28,,,0,30,,26464,28,,,0,70,,26465,28,,,0,30,,26466,28,,,0,70,,26467,28,,,0,30,,26468,28,,,0,70,,26469,28,,,0,21,,26470,28,,,0,60,,26471,28,,,0,20,,26472,28,,,0,21,,26473,28,,,0,67,,26474,28,,,0,23,,26475,28,,,0,20,,26476,28,,,0,60,,26477,28,,,0,18,,26478,28,,,0,16,,26479,28,,,0,57,,26480,28,,,0,13,,26481,28,,,0,12,,26482,28,,,0,19,,26483,28,,,0,79,,26484,28,,,0,30,,26485,28,,,0,70,,26486,28,,,0,30,,26487,28,,,0,70,,26488,28,,,0,28,,26489,28,,,0,64,,26490,28,,,0
