5600,'259.0.1',611,,21295,11,,,0,30,,21296,11,,,0,70,,21297,11,,,0,30,,21298,11,,,0,70,,21299,11,,,0,30,,21300,11,,,0,70,,21301,11,,,0,30,,21302,11,,,0,71,,21303,11,,,0,29,,21304,11,,,0,70,,21305,11,,,0,30,,21306,11,,,0,70,,21307,11,,,0,30,,21308,11,,,0,70,,21309,11,,,0,30,,21310,11,,,0,70,,21311,11,,,0,30,,21312,11,,,0,70,,21313,11,,,0,30,,21314,11,,,0,70,,21315,11,,,0,30,,21316,11,,,0,70,,21317,11,,,0,30,,21318,11,,,0,70,,21319,11,,,0,31,,21320,11,,,0,70,,21321,11,,,0,30,,21322,11,,,0,70,,21323,11,,,0,30,,21324,11,,,0,70,,21325,11,,,0,30,,21326,11,,,0,70,,21327,11,,,0,30,,21328,11,,,0,70,,21329,11,,,0,30,,21330,11,,,0
5600,'259.0.2',711,,21331,11,,,0,30,,21332,11,,,0,70,,21333,11,,,0,30,,21334,11,,,0,70,,21335,11,,,0,30,,21336,11,,,0,71,,21337,11,,,0,30,,21338,11,,,0,70,,21339,11,,,0,30,,21340,11,,,0,70,,21341,11,,,0,30,,21342,11,,,0,70,,21343,11,,,0,30,,21344,11,,,0,70,,21345,11,,,0,30,,21346,11,,,0,70,,21347,11,,,0,30,,21348,11,,,0,70,,21349,11,,,0,30,,21350,11,,,0,70,,21351,11,,,0,30,,21352,11,,,0,70,,21353,11,,,0,30,,21354,11,,,0,69,,21355,11,,,0,30,,21356,11,,,0,70,,21357,11,,,0,30,,21358,11,,,0,70,,21359,11,,,0,30,,21360,11,,,0,70,,21361,11,,,0
5600,'259.0.3',612,,21362,11,,,0,30,,21363,11,,,0,70,,21364,11,,,0,30,,21365,11,,,0,70,,21366,11,,,0,30,,21367,11,,,0,70,,21368,11,,,0,30,,21369,11,,,0,70,,21370,11,,,0,30,,21371,11,,,0,70,,21372,11,,,0,30,,21373,11,,,0,70,,21374,11,,,0,30,,21375,11,,,0,70,,21376,11,,,0,30,,21377,11,,,0,70,,21378,11,,,0,30,,21379,11,,,0,70,,21380,11,,,0,30,,21381,11,,,0,70,,21382,11,,,0,30,,21383,11,,,0,70,,21384,11,,,0,30,,21385,11,,,0,70,,21386,11,,,0,30,,21387,11,,,0,70,,21388,11,,,0,30,,21389,11,,,0,70,,21390,11,,,0,30,,21391,11,,,0,70,,21392,11,,,0,30,,21393,11,,,0,70,,21394,11,,,0,30,,21395,11,,,0,70,,21396,11,,,0,30,,21397,11,,,0
7200,'259.0.1',621,,22425,19,,,0,30,,22426,19,,,0,70,,22427,19,,,0,30,,22428,19,,,0,70,,22429,19,,,0,30,,22430,19,,,0,70,,22431,19,,,0,30,,22432,19,,,0,70,,22433,19,,,0,32,,22434,19,,,0,70,,22435,19,,,0,30,,22436,19,,,0,70,,22437,19,,,0,30,,22438,19,,,0,70,,22439,19,,,0,30,,22440,19,,,0,70,,22441,19,,,0,30,,22442,19,,,0,70,,22443,19,,,0,30,,22444,19,,,0,70,,22445,19,,,0,30,,22446,19,,,0,70,,22447,19,,,0,28,,22448,19,,,0,70,,22449,19,,,0,100,,22450,19,,,0,100,,22451,19,,,0,100,,22452,19,,,0,100,,22453,19,,,0,100,,22454,19,,,0
7200,'259.0.2',721,,22455,19,,,0,100,,22456,19,,,0,100,,22457,19,,,0,100,,22458,19,,,0,102,,22459,19,,,0,100,,22460,19,,,0,100,,22461,19,,,0,100,,22462,19,,,0,100,,22463,19,,,0,100,,22464,19,,,0,100,,22465,19,,,0,100,,22466,19,,,0,97,,22467,19,,,0,100,,22468,19,,,0,100,,22469,19,,,0,100,,22470,19,,,0
7200,'259.0.3',621,,22471,19,,,0,30,,22472,19,,,0,70,,22473,19,,,0,31,,22474,19,,,0,70,,22475,19,,,0,30,,22476,19,,,0,69,,22477,19,,,0,30,,22478,19,,,0,70,,22479,19,,,0,30,,22480,19,,,0,70,,22481,19,,,0,30,,22482,19,,,0,70,,22483,19,,,0,30,,22484,19,,,0,70,,22485,19,,,0,30,,22486,19,,,0,70,,22487,19,,,0,30,,22488,19,,,0,70,,22489,19,,,0,30,,22490,19,,,0,70,,22491,19,,,0,30,,22492,19,,,0,70,,22493,19,,,0,30,,22494,19,,,0,69,,22495,19,,,0,30,,22496,19,,,0,70,,22497,19,,,0,100,,22498,19,,,0,100,,22499,19,,,0,100,,22500,19,,,0,100,,22501,19,,,0
2001001,'259.0.1',638,,25812,2,,,0,94,,25813,2,,,0,87,,25814,2,,,0,30,,25815,2,,,0,70,,25816,2,,,0,31,,25817,2,,,0,73,,25818,2,,,0,30,,25819,2,,,0,70,,25820,2,,,0,32,,25821,2,,,0,73,,25822,2,,,0,72,,25823,2,,,0,30,,25824,2,,,0,70,,25825,2,,,0,30,,25826,2,,,0,70,,25827,2,,,0,30,,25828,2,,,0,70,,25829,2,,,0,30,,25830,2,,,0,70,,25831,2,,,0,30,,25832,2,,,0,70,,25833,2,,,0,30,,25834,2,,,0,28,,25835,2,,,0,67,,25836,2,,,0,30,,25837,2,,,0,70,,25838,2,,,0,100,,25839,2,,,0,100,,25840,2,,,0,100,,25841,2,,,0,100,,25842,2,,,0
2001001,'259.0.2',633,,25843,2,,,0,92,,25844,2,,,0,90,,25845,2,,,0,32,,25846,2,,,0,70,,25847,2,,,0,30,,25848,2,,,0,72,,25849,2,,,0,32,,25850,2,,,0,71,,25851,2,,,0,30,,25852,2,,,0,70,,25853,2,,,0,30,,25854,2,,,0,70,,25855,2,,,0,30,,25856,2,,,0,72,,25857,2,,,0,31,,25858,2,,,0,70,,25859,2,,,0,30,,25860,2,,,0,70,,25861,2,,,0,29,,25862,2,,,0,70,,25863,2,,,0,30,,25864,2,,,0,70,,25865,2,,,0,102,,25866,2,,,0,100,,25867,2,,,0,100,,25868,2,,,0,100,,25869,2,,,0,100,,25870,2,,,0,100,,25871,2,,,0
2001001,'259.0.3',547,,25872,2,,,0,70,,25873,2,,,0,22,,25874,2,,,0,18,,25875,2,,,0,62,,25910,2,,,0,20,,25876,2,,,0,20,,25877,2,,,0,60,,25878,2,,,0,21,,25879,2,,,0,94,,25880,2,,,0,20,,25881,2,,,0,64,,25882,2,,,0,29,,25883,2,,,0,70,,25884,2,,,0,30,,25885,2,,,0,70,,25886,2,,,0,30,,25887,2,,,0,70,,25888,2,,,0,39,,25889,2,,,0,61,,25890,2,,,0,24,,25891,2,,,0,15,,25892,2,,,0,61,,25893,2,,,0,20,,25894,2,,,0,20,,25895,2,,,0,61,,25896,2,,,0,24,,25897,2,,,0,65,,25898,2,,,0,21,,25899,2,,,0,20,,25900,2,,,0,9,,25901,2,,,0,60,,25902,2,,,0,30,,25903,2,,,0,70,,25904,2,,,0,32,,25905,2,,,0,70,,25906,2,,,0,30,,25907,2,,,0,70,,25908,2,,,0,30,,25909,2,,,0
3001001,'259.0.1',608,,26385,10,,,0,94,,26386,10,,,0,100,,26387,10,,,0,32,,26388,10,,,0,70,,26389,10,,,0,30,,26390,10,,,0,70,,26391,10,,,0,34,,26392,10,,,0,70,,26393,10,,,0,31,,26394,10,,,0,72,,26395,10,,,0,34,,26396,10,,,0,70,,26397,10,,,0,30,,26398,10,,,0,70,,26399,10,,,0,30,,26400,10,,,0,70,,26401,10,,,0,30,,26402,10,,,0,70,,26403,10,,,0,30,,26404,10,,,0,70,,26405,10,,,0,30,,26406,10,,,0,70,,26407,10,,,0,30,,26408,10,,,0,66,,26409,10,,,0,28,,26410,10,,,0,70,,26411,10,,,0,100,,26412,10,,,0,96,,26413,10,,,0,96,,26414,10,,,0,100,,26415,10,,,0
3001001,'259.0.2',608,,26417,10,,,0,50,,26418,10,,,0,100,,26419,10,,,0,70,,26420,10,,,0,30,,26421,10,,,0,70,,26422,10,,,0,30,,26423,10,,,0,73,,26424,10,,,0,74,,26425,10,,,0,30,,26426,10,,,0,70,,26427,10,,,0,30,,26428,10,,,0,71,,26429,10,,,0,30,,26430,10,,,0,70,,26431,10,,,0,30,,26432,10,,,0,73,,26433,10,,,0,30,,26434,10,,,0,70,,26435,10,,,0,30,,26436,10,,,0,70,,26437,10,,,0,30,,26438,10,,,0,70,,26439,10,,,0,30,,26440,10,,,0,68,,26441,10,,,0,100,,26442,10,,,0,94,,26443,10,,,0,100,,26444,10,,,0,100,,26445,10,,,0
3001001,'259.0.3',532,,26447,10,,,0,70,,26448,10,,,0,30,,26449,10,,,0,20,,26450,10,,,0,62,,26451,10,,,0,20,,26452,10,,,0,18,,26453,10,,,0,59,,26454,10,,,0,20,,26455,10,,,0,20,,26456,10,,,0,73,,26457,10,,,0,20,,26458,10,,,0,60,,26459,10,,,0,28,,26460,10,,,0,70,,26461,10,,,0,30,,26462,10,,,0,70,,26463,10,,,0,30,,26464,10,,,0,70,,26465,10,,,0,30,,26466,10,,,0,70,,26467,10,,,0,30,,26468,10,,,0,70,,26469,10,,,0,21,,26470,10,,,0,20,,26471,10,,,0,60,,26472,10,,,0,21,,26473,10,,,0,27,,26474,10,,,0,63,,26475,10,,,0,20,,26476,10,,,0,20,,26477,10,,,0,58,,26478,10,,,0,16,,26479,10,,,0,17,,26480,10,,,0,14,,26481,10,,,0,55,,26482,10,,,0,19,,26483,10,,,0,79,,26484,10,,,0,30,,26485,10,,,0,70,,26486,10,,,0,30,,26487,10,,,0,70,,26488,10,,,0,27,,26489,10,,,0,65,,26490,10,,,0
