401,'259.0.1',634,,18926,39,,,0,100,,18927,39,,,0,100,,18928,39,,,0,70,,18929,39,,,0,30,,18930,39,,,0,70,,18931,39,,,0,30,,18932,39,,,0,70,,18933,39,,,0,33,,18934,39,,,0,70,,18935,39,,,0,30,,18936,39,,,0,70,,18937,39,,,0,30,,18938,39,,,0,70,,18939,39,,,0,30,,18940,39,,,0,70,,18941,39,,,0,30,,18942,39,,,0,70,,18943,39,,,0,30,,18944,39,,,0,70,,18945,39,,,0,30,,18946,39,,,0,70,,18947,39,,,0,28,,18948,39,,,0,70,,18949,39,,,0,30,,18950,39,,,0,70,,18951,39,,,0,30,,18952,39,,,0,70,,18953,39,,,0,30,,18954,39,,,0,70,,18955,39,,,0,26,,18956,39,,,0,100,,18957,39,,,0,100,,18958,39,,,0
401,'259.0.2',734,,18959,39,,,0,70,,18960,39,,,0,30,,18961,39,,,0,70,,18962,39,,,0,30,,18963,39,,,0,70,,18964,39,,,0,30,,18965,39,,,0,70,,18966,39,,,0,29,,18967,39,,,0,70,,18968,39,,,0,30,,18969,39,,,0,70,,18970,39,,,0,30,,18971,39,,,0,70,,18972,39,,,0,30,,18973,39,,,0,70,,18974,39,,,0,30,,18975,39,,,0,70,,18976,39,,,0,30,,18977,39,,,0,70,,18978,39,,,0,30,,18979,39,,,0,70,,18980,39,,,0,30,,18981,39,,,0,70,,18982,39,,,0,30,,18983,39,,,0,72,,18984,39,,,0,26,,18985,39,,,0,100,,18986,39,,,0,100,,18987,39,,,0,100,,18988,39,,,0,100,,18989,39,,,0
401,'259.0.3',613,,18990,39,,,0,15,,18991,39,,,0,15,,18992,39,,,0,15,,18993,39,,,0,58,,18994,39,,,0,20,,18995,39,,,0,8,,18996,39,,,0,8,,18997,39,,,0,48,,18998,39,,,0,8,,18999,39,,,0,8,,19000,39,,,0,8,,19001,39,,,0,8,,19002,39,,,0,8,,19003,39,,,0,8,,19004,39,,,0,8,,19005,39,,,0,48,,19006,39,,,0,8,,19007,39,,,0,7,,19008,39,,,0,6,,19009,39,,,0,8,,19010,39,,,0,8,,19011,39,,,0,8,,19012,39,,,0,8,,19013,39,,,0,48,,19014,39,,,0,8,,19015,39,,,0,8,,19016,39,,,0,8,,19017,39,,,0,8,,19018,39,,,0,11,,19019,39,,,0,55,,19020,39,,,0,15,,19021,39,,,0,15,,19022,39,,,0,15,,19023,39,,,0,55,,19024,39,,,0,15,,19025,39,,,0,15,,19026,39,,,0,15,,19027,39,,,0,55,,19028,39,,,0,15,,19029,39,,,0,15,,19030,39,,,0,15,,19031,39,,,0,55,,19032,39,,,0,15,,19033,39,,,0,15,,19034,39,,,0,15,,19035,39,,,0,55,,19036,39,,,0,16,,19037,39,,,0,17,,19038,39,,,0,18,,19039,39,,,0,55,,19040,39,,,0,15,,19041,39,,,0,15,,19042,39,,,0,15,,19043,39,,,0,55,,19044,39,,,0,15,,19045,39,,,0,15,,19046,39,,,0,15,,19047,39,,,0,53,,19048,39,,,0,12,,19049,39,,,0,11,,19050,39,,,0,15,,19051,39,,,0,55,,19052,39,,,0,20,,19053,39,,,0,20,,19054,39,,,0,60,,19055,39,,,0,20,,19056,39,,,0,20,,19057,39,,,0,60,,19058,39,,,0,20,,19059,39,,,0,20,,19060,39,,,0,60,,19061,39,,,0,19,,19062,39,,,0,28,,19063,39,,,0,70,,19064,39,,,0,30,,19065,39,,,0,70,,19066,39,,,0,30,,19067,39,,,0,70,,19068,39,,,0
2900,'259.0.1',654,,20522,43,,,0,70,,20523,43,,,0,30,,20524,43,,,0,70,,20525,43,,,0,30,,20526,43,,,0,70,,20527,43,,,0,30,,20528,43,,,0,72,,20529,43,,,0,74,,20530,43,,,0,26,,20531,43,,,0,30,,20532,43,,,0,70,,20533,43,,,0,30,,20534,43,,,0,70,,20535,43,,,0,30,,20536,43,,,0,70,,20537,43,,,0,30,,20538,43,,,0,70,,20539,43,,,0,30,,20540,43,,,0,70,,20541,43,,,0,29,,20542,43,,,0,70,,20543,43,,,0,31,,20544,43,,,0,70,,20545,43,,,0,30,,20546,43,,,0,70,,20547,43,,,0,30,,20548,43,,,0,70,,20549,43,,,0,27,,20550,43,,,0,102,,20551,43,,,0,100,,20552,43,,,0,100,,20553,43,,,0,81,,20554,43,,,0
2900,'259.0.2',659,,20555,43,,,0,70,,20556,43,,,0,30,,20557,43,,,0,70,,20558,43,,,0,30,,20559,43,,,0,70,,20560,43,,,0,30,,20561,43,,,0,72,,20562,43,,,0,70,,20563,43,,,0,33,,20564,43,,,0,67,,20565,43,,,0,30,,20566,43,,,0,70,,20567,43,,,0,30,,20568,43,,,0,70,,20569,43,,,0,30,,20570,43,,,0,70,,20571,43,,,0,30,,20572,43,,,0,70,,20573,43,,,0,30,,20574,43,,,0,70,,20575,43,,,0,30,,20576,43,,,0,69,,20577,43,,,0,28,,20578,43,,,0,72,,20579,43,,,0,100,,20580,43,,,0,100,,20581,43,,,0,100,,20582,43,,,0,100,,20583,43,,,0,100,,20584,43,,,0,38,,20585,43,,,0
2900,'259.0.3',614,,20586,43,,,0,15,,20587,43,,,0,17,,20588,43,,,0,55,,20589,43,,,0,15,,20590,43,,,0,15,,20591,43,,,0,15,,20592,43,,,0,55,,20593,43,,,0,15,,20594,43,,,0,15,,20595,43,,,0,15,,20596,43,,,0,55,,20597,43,,,0,15,,20598,43,,,0,15,,20599,43,,,0,15,,20600,43,,,0,70,,20601,43,,,0,30,,20602,43,,,0,70,,20603,43,,,0,30,,20604,43,,,0,70,,20605,43,,,0,30,,20606,43,,,0,70,,20607,43,,,0,30,,20608,43,,,0,70,,20609,43,,,0,30,,20610,43,,,0,71,,20611,43,,,0,30,,20612,43,,,0,55,,20613,43,,,0,15,,20614,43,,,0,15,,20615,43,,,0,15,,20616,43,,,0,55,,20617,43,,,0,15,,20618,43,,,0,15,,20619,43,,,0,15,,20620,43,,,0,54,,20621,43,,,0,15,,20622,43,,,0,15,,20623,43,,,0,15,,20624,43,,,0,55,,20625,43,,,0,15,,20626,43,,,0,30,,20627,43,,,0,70,,20628,43,,,0,30,,20629,43,,,0,70,,20630,43,,,0,30,,20631,43,,,0,70,,20632,43,,,0,30,,20633,43,,,0,100,,20634,43,,,0,88,,20635,43,,,0
1001001,'259.0.3',650,,24739,18,,,0,66,,24740,18,,,0,20,,24741,18,,,0,20,,24742,18,,,0,60,,24743,18,,,0,20,,24744,18,,,0,20,,24745,18,,,0,56,,24746,18,,,0,20,,24747,18,,,0,509,,24748,18,,,0,15,,24749,18,,,0,64,,24750,18,,,0,21,,24751,18,,,0,60,,24752,18,,,0,20,,24753,18,,,0,20,,24754,18,,,0,65,,24755,18,,,0,24,,24756,18,,,0,22,,24757,18,,,0,60,,24758,18,,,0,9,,24759,18,,,0,20,,24760,18,,,0
2001001,'259.0.1',659,,25812,29,,,0,94,,25813,29,,,0,89,,25814,29,,,0,72,,25815,29,,,0,30,,25816,29,,,0,71,,25817,29,,,0,33,,25818,29,,,0,71,,25819,29,,,0,31,,25820,29,,,0,72,,25821,29,,,0,33,,25822,29,,,0,72,,25823,29,,,0,30,,25824,29,,,0,70,,25825,29,,,0,30,,25826,29,,,0,70,,25827,29,,,0,30,,25828,29,,,0,70,,25829,29,,,0,30,,25830,29,,,0,70,,25831,29,,,0,30,,25832,29,,,0,70,,25833,29,,,0,30,,25834,29,,,0,66,,25835,29,,,0,26,,25836,29,,,0,70,,25837,29,,,0,30,,25838,29,,,0,100,,25839,29,,,0,99,,25840,29,,,0,99,,25841,29,,,0,100,,25842,29,,,0
2001001,'259.0.2',653,,25843,29,,,0,92,,25844,29,,,0,90,,25845,29,,,0,72,,25846,29,,,0,32,,25847,29,,,0,72,,25848,29,,,0,32,,25849,29,,,0,72,,25850,29,,,0,31,,25851,29,,,0,71,,25852,29,,,0,30,,25853,29,,,0,70,,25854,29,,,0,30,,25855,29,,,0,70,,25856,29,,,0,32,,25857,29,,,0,71,,25858,29,,,0,30,,25859,29,,,0,70,,25860,29,,,0,30,,25861,29,,,0,69,,25862,29,,,0,30,,25863,29,,,0,69,,25864,29,,,0,30,,25865,29,,,0,101,,25866,29,,,0,100,,25867,29,,,0,100,,25868,29,,,0,100,,25869,29,,,0,100,,25870,29,,,0,100,,25871,29,,,0
2001001,'259.0.3',611,,25872,29,,,0,30,,25873,29,,,0,65,,25874,29,,,0,23,,25875,29,,,0,22,,25910,29,,,0,60,,25876,29,,,0,20,,25877,29,,,0,20,,25878,29,,,0,60,,25879,29,,,0,90,,25880,29,,,0,20,,25881,29,,,0,24,,25882,29,,,0,72,,25883,29,,,0,31,,25884,29,,,0,70,,25885,29,,,0,30,,25886,29,,,0,70,,25887,29,,,0,30,,25888,29,,,0,79,,25889,29,,,0,21,,25890,29,,,0,64,,25891,29,,,0,15,,25892,29,,,0,21,,25893,29,,,0,60,,25894,29,,,0,20,,25895,29,,,0,21,,25896,29,,,0,64,,25897,29,,,0,25,,25898,29,,,0,21,,25899,29,,,0,60,,25900,29,,,0,9,,25901,29,,,0,20,,25902,29,,,0,70,,25903,29,,,0,24,,25904,29,,,0,72,,25905,29,,,0,30,,25906,29,,,0,70,,25907,29,,,0,30,,25908,29,,,0,70,,25909,29,,,0
3001001,'259.0.1',629,,26385,37,,,0,94,,26386,37,,,0,100,,26387,37,,,0,36,,26388,37,,,0,70,,26389,37,,,0,30,,26390,37,,,0,70,,26391,37,,,0,74,,26392,37,,,0,32,,26393,37,,,0,71,,26394,37,,,0,32,,26395,37,,,0,74,,26396,37,,,0,30,,26397,37,,,0,70,,26398,37,,,0,30,,26399,37,,,0,70,,26400,37,,,0,30,,26401,37,,,0,70,,26402,37,,,0,30,,26403,37,,,0,70,,26404,37,,,0,30,,26405,37,,,0,70,,26406,37,,,0,30,,26407,37,,,0,69,,26408,37,,,0,24,,26409,37,,,0,68,,26410,37,,,0,30,,26411,37,,,0,100,,26412,37,,,0,96,,26413,37,,,0,94,,26414,37,,,0,100,,26415,37,,,0
3001001,'259.0.2',628,,26417,37,,,0,90,,26418,37,,,0,100,,26419,37,,,0,30,,26420,37,,,0,70,,26421,37,,,0,30,,26422,37,,,0,74,,26423,37,,,0,33,,26424,37,,,0,74,,26425,37,,,0,30,,26426,37,,,0,70,,26427,37,,,0,71,,26428,37,,,0,31,,26429,37,,,0,70,,26430,37,,,0,30,,26431,37,,,0,70,,26432,37,,,0,33,,26433,37,,,0,70,,26434,37,,,0,30,,26435,37,,,0,70,,26436,37,,,0,30,,26437,37,,,0,70,,26438,37,,,0,30,,26439,37,,,0,69,,26440,37,,,0,27,,26441,37,,,0,100,,26442,37,,,0,94,,26443,37,,,0,100,,26444,37,,,0,100,,26445,37,,,0
3001001,'259.0.3',556,,26447,37,,,0,70,,26448,37,,,0,33,,26449,37,,,0,65,,26450,37,,,0,22,,26451,37,,,0,60,,26452,37,,,0,18,,26453,37,,,0,19,,26454,37,,,0,60,,26455,37,,,0,16,,26456,37,,,0,32,,26457,37,,,0,60,,26458,37,,,0,20,,26459,37,,,0,28,,26460,37,,,0,74,,26461,37,,,0,70,,26462,37,,,0,30,,26463,37,,,0,70,,26464,37,,,0,30,,26465,37,,,0,70,,26466,37,,,0,30,,26467,37,,,0,70,,26468,37,,,0,30,,26469,37,,,0,21,,26470,37,,,0,60,,26471,37,,,0,20,,26472,37,,,0,21,,26473,37,,,0,67,,26474,37,,,0,23,,26475,37,,,0,60,,26476,37,,,0,20,,26477,37,,,0,18,,26478,37,,,0,16,,26479,37,,,0,57,,26480,37,,,0,11,,26481,37,,,0,12,,26482,37,,,0,19,,26483,37,,,0,79,,26484,37,,,0,70,,26485,37,,,0,30,,26486,37,,,0,70,,26487,37,,,0,30,,26488,37,,,0,68,,26489,37,,,0,24,,26490,37,,,0
