201,'259.0.1',628,,18331,42,,,0,100,,18332,42,,,0,100,,18333,42,,,0,15,,18334,42,,,0,15,,18335,42,,,0,55,,18336,42,,,0,15,,18337,42,,,0,15,,18338,42,,,0,15,,18339,42,,,0,56,,18340,42,,,0,18,,18341,42,,,0,16,,18342,42,,,0,55,,18343,42,,,0,15,,18344,42,,,0,15,,18345,42,,,0,15,,18346,42,,,0,55,,18347,42,,,0,15,,18348,42,,,0,15,,18349,42,,,0,15,,18350,42,,,0,55,,18351,42,,,0,15,,18352,42,,,0,15,,18353,42,,,0,15,,18354,42,,,0,55,,18355,42,,,0,15,,18356,42,,,0,15,,18357,42,,,0,15,,18358,42,,,0,55,,18359,42,,,0,15,,18360,42,,,0,15,,18361,42,,,0,15,,18362,42,,,0,55,,18363,42,,,0,15,,18364,42,,,0,15,,18365,42,,,0,14,,18366,42,,,0,54,,18367,42,,,0,15,,18368,42,,,0,15,,18369,42,,,0,15,,18370,42,,,0,55,,18371,42,,,0,15,,18372,42,,,0,15,,18373,42,,,0,14,,18374,42,,,0,13,,18375,42,,,0,54,,18376,42,,,0,15,,18377,42,,,0,30,,18378,42,,,0,70,,18379,42,,,0,30,,18380,42,,,0,70,,18381,42,,,0,30,,18382,42,,,0,70,,18383,42,,,0,30,,18384,42,,,0,70,,18385,42,,,0,30,,18386,42,,,0,70,,18387,42,,,0,30,,18388,42,,,0
201,'259.0.2',635,,18389,42,,,0,100,,18390,42,,,0,95,,18391,42,,,0,20,,18392,42,,,0,60,,18393,42,,,0,20,,18394,42,,,0,22,,18395,42,,,0,62,,18396,42,,,0,20,,18397,42,,,0,20,,18398,42,,,0,60,,18399,42,,,0,20,,18400,42,,,0,20,,18401,42,,,0,60,,18402,42,,,0,20,,18403,42,,,0,20,,18404,42,,,0,60,,18405,42,,,0,20,,18406,42,,,0,20,,18407,42,,,0,60,,18408,42,,,0,20,,18409,42,,,0,20,,18410,42,,,0,60,,18411,42,,,0,20,,18412,42,,,0,20,,18413,42,,,0,60,,18414,42,,,0,20,,18415,42,,,0,20,,18416,42,,,0,60,,18417,42,,,0,20,,18418,42,,,0,20,,18419,42,,,0,60,,18420,42,,,0,15,,18421,42,,,0,27,,18422,42,,,0,69,,18423,42,,,0,30,,18424,42,,,0,70,,18425,42,,,0,30,,18426,42,,,0,70,,18427,42,,,0,30,,18428,42,,,0,70,,18429,42,,,0,30,,18430,42,,,0,70,,18431,42,,,0,30,,18432,42,,,0,70,,18433,42,,,0
201,'259.0.3',558,,18434,42,,,0,70,,18435,42,,,0,30,,18436,42,,,0,55,,18437,42,,,0,15,,18438,42,,,0,22,,18439,42,,,0,58,,18440,42,,,0,15,,18441,42,,,0,15,,18442,42,,,0,15,,18443,42,,,0,55,,18444,42,,,0,13,,18445,42,,,0,14,,18446,42,,,0,15,,18447,42,,,0,55,,18448,42,,,0,15,,18449,42,,,0,15,,18450,42,,,0,15,,18451,42,,,0,55,,18452,42,,,0,15,,18453,42,,,0,15,,18454,42,,,0,15,,18455,42,,,0,55,,18456,42,,,0,15,,18457,42,,,0,15,,18458,42,,,0,15,,18459,42,,,0,55,,18460,42,,,0,15,,18461,42,,,0,15,,18462,42,,,0,15,,18463,42,,,0,55,,18464,42,,,0,15,,18465,42,,,0,15,,18466,42,,,0,15,,18467,42,,,0,55,,18468,42,,,0,15,,18469,42,,,0,16,,18470,42,,,0,17,,18471,42,,,0,56,,18472,42,,,0,15,,18473,42,,,0,15,,18474,42,,,0,15,,18475,42,,,0,55,,18476,42,,,0,15,,18477,42,,,0,15,,18478,42,,,0,13,,18479,42,,,0,52,,18480,42,,,0,14,,18481,42,,,0,15,,18482,42,,,0,15,,18483,42,,,0,54,,18484,42,,,0,27,,18485,42,,,0,30,,18486,42,,,0,70,,18487,42,,,0,30,,18488,42,,,0,70,,18489,42,,,0,30,,18490,42,,,0,70,,18491,42,,,0,30,,18492,42,,,0,70,,18493,42,,,0,30,,18494,42,,,0,70,,18495,42,,,0,30,,18496,42,,,0
501,'259.0.1',624,,19227,21,,,0,20,,19228,21,,,0,60,,19229,21,,,0,20,,19230,21,,,0,20,,19231,21,,,0,60,,19232,21,,,0,20,,19233,21,,,0,20,,19234,21,,,0,60,,19235,21,,,0,20,,19236,21,,,0,20,,19237,21,,,0,62,,19238,21,,,0,25,,19239,21,,,0,20,,19240,21,,,0,60,,19241,21,,,0,20,,19242,21,,,0,20,,19243,21,,,0,60,,19244,21,,,0,20,,19245,21,,,0,20,,19246,21,,,0,60,,19247,21,,,0,20,,19248,21,,,0,20,,19249,21,,,0,60,,19250,21,,,0,20,,19251,21,,,0,20,,19252,21,,,0,60,,19253,21,,,0,20,,19254,21,,,0,20,,19255,21,,,0,58,,19256,21,,,0,19,,19257,21,,,0,20,,19258,21,,,0,60,,19259,21,,,0,20,,19260,21,,,0,20,,19261,21,,,0,60,,19262,21,,,0,20,,19263,21,,,0,20,,19264,21,,,0,60,,19265,21,,,0,20,,19266,21,,,0,20,,19267,21,,,0,59,,19268,21,,,0,17,,19269,21,,,0,20,,19270,21,,,0,60,,19271,21,,,0,20,,19272,21,,,0,20,,19273,21,,,0,60,,19274,21,,,0,20,,19275,21,,,0,30,,19276,21,,,0,70,,19277,21,,,0,30,,19278,21,,,0,70,,19279,21,,,0,30,,19280,21,,,0
501,'259.0.2',624,,19281,21,,,0,30,,19282,21,,,0,70,,19283,21,,,0,30,,19284,21,,,0,70,,19285,21,,,0,30,,19286,21,,,0,70,,19287,21,,,0,30,,19288,21,,,0,70,,19289,21,,,0,33,,19290,21,,,0,69,,19291,21,,,0,30,,19292,21,,,0,70,,19293,21,,,0,30,,19294,21,,,0,70,,19295,21,,,0,30,,19296,21,,,0,70,,19297,21,,,0,30,,19298,21,,,0,70,,19299,21,,,0,30,,19300,21,,,0,70,,19301,21,,,0,30,,19302,21,,,0,70,,19303,21,,,0,30,,19304,21,,,0,70,,19305,21,,,0,30,,19306,21,,,0,70,,19307,21,,,0,30,,19308,21,,,0,70,,19309,21,,,0,30,,19310,21,,,0,70,,19311,21,,,0,27,,19312,21,,,0,70,,19313,21,,,0,30,,19314,21,,,0,70,,19315,21,,,0,30,,19316,21,,,0
501,'259.0.3',526,,19317,21,,,0,30,,19318,21,,,0,70,,19319,21,,,0,15,,19320,21,,,0,15,,19321,21,,,0,55,,19322,21,,,0,19,,19323,21,,,0,22,,19324,21,,,0,55,,19325,21,,,0,15,,19326,21,,,0,15,,19327,21,,,0,14,,19328,21,,,0,52,,19329,21,,,0,12,,19330,21,,,0,13,,19331,21,,,0,15,,19332,21,,,0,15,,19333,21,,,0,55,,19334,21,,,0,15,,19335,21,,,0,15,,19336,21,,,0,15,,19337,21,,,0,55,,19338,21,,,0,15,,19339,21,,,0,15,,19340,21,,,0,15,,19341,21,,,0,55,,19342,21,,,0,15,,19343,21,,,0,15,,19344,21,,,0,15,,19345,21,,,0,55,,19346,21,,,0,15,,19347,21,,,0,15,,19348,21,,,0,15,,19349,21,,,0,55,,19350,21,,,0,15,,19351,21,,,0,15,,19352,21,,,0,15,,19353,21,,,0,55,,19354,21,,,0,15,,19355,21,,,0,15,,19356,21,,,0,15,,19357,21,,,0,59,,19358,21,,,0,15,,19359,21,,,0,15,,19360,21,,,0,55,,19361,21,,,0,15,,19362,21,,,0,15,,19363,21,,,0,15,,19364,21,,,0,55,,19365,21,,,0,15,,19366,21,,,0,14,,19367,21,,,0,11,,19368,21,,,0,12,,19369,21,,,0,60,,19370,21,,,0,20,,19371,21,,,0,20,,19372,21,,,0,60,,19373,21,,,0,20,,19374,21,,,0,20,,19375,21,,,0,60,,19376,21,,,0,20,,19377,21,,,0,20,,19378,21,,,0,60,,19379,21,,,0,30,,19380,21,,,0,70,,19381,21,,,0,30,,19382,21,,,0,70,,19383,21,,,0,30,,19384,21,,,0
2900,'259.0.1',643,,20522,31,,,0,70,,20523,31,,,0,30,,20524,31,,,0,70,,20525,31,,,0,30,,20526,31,,,0,70,,20527,31,,,0,30,,20528,31,,,0,70,,20529,31,,,0,34,,20530,31,,,0,66,,20531,31,,,0,30,,20532,31,,,0,70,,20533,31,,,0,30,,20534,31,,,0,70,,20535,31,,,0,30,,20536,31,,,0,70,,20537,31,,,0,30,,20538,31,,,0,70,,20539,31,,,0,30,,20540,31,,,0,70,,20541,31,,,0,29,,20542,31,,,0,70,,20543,31,,,0,31,,20544,31,,,0,70,,20545,31,,,0,30,,20546,31,,,0,70,,20547,31,,,0,30,,20548,31,,,0,70,,20549,31,,,0,29,,20550,31,,,0,102,,20551,31,,,0,100,,20552,31,,,0,100,,20553,31,,,0,81,,20554,31,,,0
2900,'259.0.2',648,,20555,31,,,0,70,,20556,31,,,0,30,,20557,31,,,0,70,,20558,31,,,0,30,,20559,31,,,0,70,,20560,31,,,0,30,,20561,31,,,0,70,,20562,31,,,0,30,,20563,31,,,0,73,,20564,31,,,0,27,,20565,31,,,0,70,,20566,31,,,0,30,,20567,31,,,0,70,,20568,31,,,0,30,,20569,31,,,0,70,,20570,31,,,0,30,,20571,31,,,0,70,,20572,31,,,0,30,,20573,31,,,0,70,,20574,31,,,0,30,,20575,31,,,0,70,,20576,31,,,0,30,,20577,31,,,0,68,,20578,31,,,0,32,,20579,31,,,0,100,,20580,31,,,0,100,,20581,31,,,0,100,,20582,31,,,0,100,,20583,31,,,0,100,,20584,31,,,0,78,,20585,31,,,0
2900,'259.0.3',603,,20586,31,,,0,15,,20587,31,,,0,15,,20588,31,,,0,15,,20589,31,,,0,55,,20590,31,,,0,15,,20591,31,,,0,15,,20592,31,,,0,15,,20593,31,,,0,55,,20594,31,,,0,15,,20595,31,,,0,15,,20596,31,,,0,15,,20597,31,,,0,55,,20598,31,,,0,15,,20599,31,,,0,15,,20600,31,,,0,70,,20601,31,,,0,30,,20602,31,,,0,70,,20603,31,,,0,30,,20604,31,,,0,70,,20605,31,,,0,30,,20606,31,,,0,70,,20607,31,,,0,30,,20608,31,,,0,70,,20609,31,,,0,30,,20610,31,,,0,70,,20611,31,,,0,30,,20612,31,,,0,15,,20613,31,,,0,55,,20614,31,,,0,15,,20615,31,,,0,15,,20616,31,,,0,15,,20617,31,,,0,55,,20618,31,,,0,15,,20619,31,,,0,15,,20620,31,,,0,15,,20621,31,,,0,55,,20622,31,,,0,15,,20623,31,,,0,15,,20624,31,,,0,15,,20625,31,,,0,55,,20626,31,,,0,30,,20627,31,,,0,70,,20628,31,,,0,30,,20629,31,,,0,70,,20630,31,,,0,30,,20631,31,,,0,70,,20632,31,,,0,30,,20633,31,,,0,100,,20634,31,,,0,88,,20635,31,,,0
8401,'259.0.1',638,,22848,37,,,0,100,,22849,37,,,0,100,,22850,37,,,0,102,,22851,37,,,0,101,,22852,37,,,0,100,,22853,37,,,0,103,,22854,37,,,0,101,,22855,37,,,0,100,,22856,37,,,0,100,,22857,37,,,0,100,,22858,37,,,0,99,,22859,37,,,0,100,,22860,37,,,0,100,,22861,37,,,0,95,,22862,37,,,0,100,,22863,37,,,0,100,,22864,37,,,0
8401,'259.0.2',642,,22865,37,,,0,100,,22866,37,,,0,100,,22867,37,,,0,105,,22868,37,,,0,100,,22869,37,,,0,100,,22870,37,,,0,100,,22871,37,,,0,100,,22872,37,,,0,100,,22873,37,,,0,100,,22874,37,,,0,100,,22875,37,,,0,100,,22876,37,,,0,98,,22877,37,,,0,100,,22878,37,,,0,100,,22879,37,,,0,100,,22880,37,,,0,100,,22881,37,,,0
8401,'259.0.3',548,,22882,37,,,0,70,,22883,37,,,0,30,,22884,37,,,0,55,,22885,37,,,0,21,,22913,37,,,0,20,,22886,37,,,0,15,,22887,37,,,0,55,,22888,37,,,0,15,,22889,37,,,0,15,,22890,37,,,0,15,,22891,37,,,0,55,,22892,37,,,0,8,,22893,37,,,0,11,,22914,37,,,0,15,,22894,37,,,0,100,,22895,37,,,0,100,,22896,37,,,0,100,,22897,37,,,0,100,,22898,37,,,0,100,,22899,37,,,0,100,,22900,37,,,0,77,,22901,37,,,0,31,,22902,37,,,0,70,,22903,37,,,0,30,,22904,37,,,0,64,,22905,37,,,0,28,,22906,37,,,0,100,,22907,37,,,0,98,,22908,37,,,0,100,,22909,37,,,0,100,,22910,37,,,0,100,,22911,37,,,0,100,,22912,37,,,0
1001001,'259.0.3',642,,24739,6,,,0,62,,24740,6,,,0,20,,24741,6,,,0,20,,24742,6,,,0,60,,24743,6,,,0,20,,24744,6,,,0,20,,24745,6,,,0,58,,24746,6,,,0,20,,24747,6,,,0,506,,24748,6,,,0,15,,24749,6,,,0,64,,24750,6,,,0,21,,24751,6,,,0,20,,24752,6,,,0,60,,24753,6,,,0,20,,24754,6,,,0,25,,24755,6,,,0,64,,24756,6,,,0,22,,24757,6,,,0,20,,24758,6,,,0,49,,24759,6,,,0,20,,24760,6,,,0
2001001,'259.0.1',651,,25812,17,,,0,94,,25813,17,,,0,87,,25814,17,,,0,72,,25815,17,,,0,30,,25816,17,,,0,71,,25817,17,,,0,33,,25818,17,,,0,70,,25819,17,,,0,31,,25820,17,,,0,72,,25821,17,,,0,33,,25822,17,,,0,72,,25823,17,,,0,30,,25824,17,,,0,70,,25825,17,,,0,30,,25826,17,,,0,70,,25827,17,,,0,30,,25828,17,,,0,70,,25829,17,,,0,30,,25830,17,,,0,70,,25831,17,,,0,30,,25832,17,,,0,70,,25833,17,,,0,30,,25834,17,,,0,67,,25835,17,,,0,26,,25836,17,,,0,70,,25837,17,,,0,30,,25838,17,,,0,100,,25839,17,,,0,99,,25840,17,,,0,99,,25841,17,,,0,100,,25842,17,,,0
2001001,'259.0.2',645,,25843,17,,,0,92,,25844,17,,,0,90,,25845,17,,,0,32,,25846,17,,,0,70,,25847,17,,,0,72,,25848,17,,,0,32,,25849,17,,,0,72,,25850,17,,,0,31,,25851,17,,,0,70,,25852,17,,,0,30,,25853,17,,,0,70,,25854,17,,,0,30,,25855,17,,,0,70,,25856,17,,,0,32,,25857,17,,,0,71,,25858,17,,,0,30,,25859,17,,,0,70,,25860,17,,,0,30,,25861,17,,,0,69,,25862,17,,,0,30,,25863,17,,,0,70,,25864,17,,,0,30,,25865,17,,,0,101,,25866,17,,,0,100,,25867,17,,,0,100,,25868,17,,,0,100,,25869,17,,,0,100,,25870,17,,,0,100,,25871,17,,,0
2001001,'259.0.3',603,,25872,17,,,0,30,,25873,17,,,0,22,,25874,17,,,0,62,,25875,17,,,0,22,,25910,17,,,0,20,,25876,17,,,0,60,,25877,17,,,0,20,,25878,17,,,0,61,,25879,17,,,0,51,,25880,17,,,0,60,,25881,17,,,0,24,,25882,17,,,0,69,,25883,17,,,0,31,,25884,17,,,0,70,,25885,17,,,0,30,,25886,17,,,0,70,,25887,17,,,0,30,,25888,17,,,0,79,,25889,17,,,0,21,,25890,17,,,0,24,,25891,17,,,0,55,,25892,17,,,0,21,,25893,17,,,0,20,,25894,17,,,0,60,,25895,17,,,0,21,,25896,17,,,0,64,,25897,17,,,0,25,,25898,17,,,0,21,,25899,17,,,0,60,,25900,17,,,0,9,,25901,17,,,0,20,,25902,17,,,0,70,,25903,17,,,0,27,,25904,17,,,0,72,,25905,17,,,0,30,,25906,17,,,0,70,,25907,17,,,0,30,,25908,17,,,0,70,,25909,17,,,0
3001001,'259.0.1',621,,26385,25,,,0,94,,26386,25,,,0,100,,26387,25,,,0,34,,26388,25,,,0,70,,26389,25,,,0,30,,26390,25,,,0,70,,26391,25,,,0,34,,26392,25,,,0,71,,26393,25,,,0,31,,26394,25,,,0,72,,26395,25,,,0,74,,26396,25,,,0,30,,26397,25,,,0,70,,26398,25,,,0,30,,26399,25,,,0,70,,26400,25,,,0,30,,26401,25,,,0,70,,26402,25,,,0,30,,26403,25,,,0,70,,26404,25,,,0,30,,26405,25,,,0,70,,26406,25,,,0,30,,26407,25,,,0,70,,26408,25,,,0,24,,26409,25,,,0,28,,26410,25,,,0,70,,26411,25,,,0,100,,26412,25,,,0,96,,26413,25,,,0,94,,26414,25,,,0,100,,26415,25,,,0
3001001,'259.0.2',620,,26417,25,,,0,90,,26418,25,,,0,100,,26419,25,,,0,30,,26420,25,,,0,70,,26421,25,,,0,30,,26422,25,,,0,72,,26423,25,,,0,33,,26424,25,,,0,74,,26425,25,,,0,30,,26426,25,,,0,70,,26427,25,,,0,30,,26428,25,,,0,71,,26429,25,,,0,30,,26430,25,,,0,70,,26431,25,,,0,30,,26432,25,,,0,73,,26433,25,,,0,30,,26434,25,,,0,70,,26435,25,,,0,30,,26436,25,,,0,70,,26437,25,,,0,30,,26438,25,,,0,70,,26439,25,,,0,30,,26440,25,,,0,67,,26441,25,,,0,100,,26442,25,,,0,94,,26443,25,,,0,100,,26444,25,,,0,100,,26445,25,,,0
3001001,'259.0.3',548,,26447,25,,,0,70,,26448,25,,,0,30,,26449,25,,,0,64,,26450,25,,,0,22,,26451,25,,,0,20,,26452,25,,,0,58,,26453,25,,,0,19,,26454,25,,,0,20,,26455,25,,,0,58,,26456,25,,,0,32,,26457,25,,,0,60,,26458,25,,,0,20,,26459,25,,,0,28,,26460,25,,,0,71,,26461,25,,,0,30,,26462,25,,,0,70,,26463,25,,,0,30,,26464,25,,,0,70,,26465,25,,,0,30,,26466,25,,,0,70,,26467,25,,,0,30,,26468,25,,,0,70,,26469,25,,,0,21,,26470,25,,,0,60,,26471,25,,,0,20,,26472,25,,,0,21,,26473,25,,,0,67,,26474,25,,,0,23,,26475,25,,,0,20,,26476,25,,,0,60,,26477,25,,,0,18,,26478,25,,,0,16,,26479,25,,,0,57,,26480,25,,,0,14,,26481,25,,,0,12,,26482,25,,,0,19,,26483,25,,,0,79,,26484,25,,,0,30,,26485,25,,,0,70,,26486,25,,,0,30,,26487,25,,,0,70,,26488,25,,,0,28,,26489,25,,,0,64,,26490,25,,,0
