400,'244.0.1',602,,9953,16,,,0,100,,9954,16,,,0,100,,9955,16,,,0,30,,9956,16,,,0,70,,9957,16,,,0,31,,9958,16,,,0,72,,9959,16,,,0,30,,9960,16,,,0,70,,9961,16,,,0,30,,9962,16,,,0,70,,9963,16,,,0,30,,9964,16,,,0,70,,9965,16,,,0,30,,9966,16,,,0,70,,9967,16,,,0,30,,9968,16,,,0,70,,9969,16,,,0,30,,9970,16,,,0,70,,9971,16,,,0,30,,9972,16,,,0,70,,9973,16,,,0,30,,9974,16,,,0,70,,9975,16,,,0,30,,9976,16,,,0,70,,9977,16,,,0,30,,9978,16,,,0,70,,9979,16,,,0,30,,9980,16,,,0,69,,9981,16,,,0,28,,9982,16,,,0,70,,9983,16,,,0,100,,9984,16,,,0,100,,9985,16,,,0
400,'244.0.2',657,,9986,16,,,0,70,,9987,16,,,0,30,,9988,16,,,0,70,,9989,16,,,0,30,,9990,16,,,0,70,,9991,16,,,0,30,,9992,16,,,0,70,,9993,16,,,0,30,,9994,16,,,0,70,,9995,16,,,0,32,,9996,16,,,0,70,,9997,16,,,0,30,,9998,16,,,0,70,,9999,16,,,0,30,,10000,16,,,0,70,,10001,16,,,0,30,,10002,16,,,0,70,,10003,16,,,0,30,,10004,16,,,0,70,,10005,16,,,0,30,,10006,16,,,0,70,,10007,16,,,0,30,,10008,16,,,0,68,,10009,16,,,0,30,,10010,16,,,0,70,,10011,16,,,0,30,,10012,16,,,0,100,,10013,16,,,0,100,,10014,16,,,0,100,,10015,16,,,0,100,,10016,16,,,0
400,'244.0.3',612,,10017,16,,,0,20,,10018,16,,,0,20,,10019,16,,,0,60,,10020,16,,,0,15,,10021,16,,,0,18,,10022,16,,,0,55,,10023,16,,,0,15,,10024,16,,,0,15,,10025,16,,,0,15,,10026,16,,,0,55,,10027,16,,,0,15,,10028,16,,,0,15,,10029,16,,,0,15,,10030,16,,,0,55,,10031,16,,,0,15,,10032,16,,,0,15,,10033,16,,,0,15,,10034,16,,,0,55,,10035,16,,,0,15,,10036,16,,,0,15,,10037,16,,,0,17,,10038,16,,,0,55,,10039,16,,,0,15,,10040,16,,,0,15,,10041,16,,,0,15,,10042,16,,,0,55,,10043,16,,,0,15,,10044,16,,,0,10,,10045,16,,,0,10,,10046,16,,,0,10,,10047,16,,,0,10,,10048,16,,,0,50,,10049,16,,,0,10,,10050,16,,,0,8,,10051,16,,,0,8,,10052,16,,,0,8,,10053,16,,,0,8,,10054,16,,,0,8,,10055,16,,,0,48,,10056,16,,,0,9,,10057,16,,,0,8,,10058,16,,,0,8,,10059,16,,,0,8,,10060,16,,,0,8,,10061,16,,,0,8,,10062,16,,,0,48,,10063,16,,,0,8,,10064,16,,,0,8,,10065,16,,,0,8,,10066,16,,,0,8,,10067,16,,,0,8,,10068,16,,,0,8,,10069,16,,,0,8,,10070,16,,,0,56,,10071,16,,,0,8,,10072,16,,,0,8,,10073,16,,,0,8,,10074,16,,,0,8,,10075,16,,,0,8,,10076,16,,,0,48,,10077,16,,,0,13,,10078,16,,,0,15,,10079,16,,,0,15,,10080,16,,,0,60,,10081,16,,,0,20,,10082,16,,,0,20,,10083,16,,,0,60,,10084,16,,,0,20,,10085,16,,,0,20,,10086,16,,,0,60,,10087,16,,,0,18,,10088,16,,,0,20,,10089,16,,,0,60,,10090,16,,,0,30,,10091,16,,,0,70,,10092,16,,,0,30,,10093,16,,,0,70,,10094,16,,,0,30,,10095,16,,,0,70,,10096,16,,,0
400,'244.1141.3',1706,,10097,16,,,0
400,'244.1143.3',1706,,10098,16,,,0
800,'244.0.1',548,,10559,11,,,0,70,,10560,11,,,0,30,,10561,11,,,0,70,,10562,11,,,0,30,,10563,11,,,0,60,,10564,11,,,0,22,,10565,11,,,0,70,,10566,11,,,0,30,,10567,11,,,0,70,,10568,11,,,0,30,,10569,11,,,0,28,,10570,11,,,0,70,,10571,11,,,0,30,,10572,11,,,0,70,,10573,11,,,0,30,,10574,11,,,0,70,,10575,11,,,0,30,,10576,11,,,0,71,,10577,11,,,0,30,,10578,11,,,0,70,,10579,11,,,0,30,,10580,11,,,0,70,,10581,11,,,0,30,,10582,11,,,0,70,,10583,11,,,0,30,,10584,11,,,0,72,,10585,11,,,0,70,,10586,11,,,0,30,,10587,11,,,0,70,,10588,11,,,0,30,,10589,11,,,0,70,,10590,11,,,0,30,,10591,11,,,0,70,,10592,11,,,0,30,,10593,11,,,0,69,,10594,11,,,0,30,,10595,11,,,0,100,,10596,11,,,0
800,'244.0.2',605,,10597,11,,,0,30,,10598,11,,,0,70,,10599,11,,,0,30,,10600,11,,,0,70,,10601,11,,,0,30,,10602,11,,,0,70,,10603,11,,,0,30,,10604,11,,,0,70,,10605,11,,,0,31,,10606,11,,,0,70,,10607,11,,,0,25,,10608,11,,,0,70,,10609,11,,,0,32,,10610,11,,,0,70,,10611,11,,,0,30,,10612,11,,,0,70,,10613,11,,,0,30,,10614,11,,,0,70,,10615,11,,,0,30,,10616,11,,,0,70,,10617,11,,,0,35,,10618,11,,,0,70,,10619,11,,,0,30,,10620,11,,,0,70,,10621,11,,,0,30,,10622,11,,,0,68,,10623,11,,,0,30,,10624,11,,,0,70,,10625,11,,,0,29,,10626,11,,,0,70,,10627,11,,,0,30,,10628,11,,,0,70,,10629,11,,,0,30,,10630,11,,,0,100,,10631,11,,,0,100,,10632,11,,,0
800,'244.0.3',537,,10635,11,,,0,70,,10636,11,,,0,30,,10637,11,,,0,70,,10638,11,,,0,32,,10639,11,,,0,71,,10640,11,,,0,30,,10641,11,,,0,70,,10642,11,,,0,30,,10643,11,,,0,60,,10644,11,,,0,20,,10645,11,,,0,20,,10646,11,,,0,60,,10647,11,,,0,20,,10648,11,,,0,20,,10649,11,,,0,60,,10650,11,,,0,20,,10651,11,,,0,20,,10652,11,,,0,60,,10653,11,,,0,20,,10654,11,,,0,20,,10655,11,,,0,60,,10656,11,,,0,20,,10657,11,,,0,20,,10658,11,,,0,60,,10659,11,,,0,24,,10660,11,,,0,20,,10661,11,,,0,60,,10662,11,,,0,20,,10663,11,,,0,20,,10664,11,,,0,60,,10665,11,,,0,20,,10666,11,,,0,20,,10667,11,,,0,75,,10668,11,,,0,10,,10683,11,,,0,10,,10669,11,,,0,70,,10670,11,,,0,30,,10671,11,,,0,70,,10672,11,,,0,30,,10673,11,,,0,70,,10674,11,,,0,29,,10675,11,,,0,70,,10676,11,,,0,30,,10677,11,,,0,70,,10678,11,,,0,30,,10679,11,,,0,70,,10680,11,,,0,30,,10681,11,,,0,70,,10682,11,,,0
9000,'244.0.1',615,,14558,11,,,0,25,,14559,11,,,0,70,,14560,11,,,0,30,,14561,11,,,0,70,,14562,11,,,0,25,,14563,11,,,0,70,,14564,11,,,0,30,,14565,11,,,0,65,,14566,11,,,0,32,,14567,11,,,0,70,,14568,11,,,0,30,,14569,11,,,0,70,,14570,11,,,0,27,,14571,11,,,0,30,,14572,11,,,0,70,,14573,11,,,0,30,,14574,11,,,0,70,,14575,11,,,0,30,,14576,11,,,0,70,,14577,11,,,0,30,,14578,11,,,0,73,,14579,11,,,0,70,,14580,11,,,0,30,,14581,11,,,0,70,,14582,11,,,0,30,,14583,11,,,0,70,,14584,11,,,0,30,,14585,11,,,0,70,,14586,11,,,0,104,,14587,11,,,0,100,,14588,11,,,0,100,,14589,11,,,0,100,,14590,11,,,0
9000,'244.0.2',604,,14591,11,,,0,100,,14592,11,,,0,100,,14593,11,,,0,55,,14594,11,,,0,97,,14595,11,,,0,99,,14596,11,,,0,102,,14597,11,,,0,100,,14598,11,,,0,98,,14599,11,,,0,100,,14600,11,,,0,100,,14601,11,,,0,100,,14602,11,,,0,103,,14603,11,,,0,145,,14604,11,,,0,101,,14605,11,,,0,100,,14606,11,,,0,100,,14607,11,,,0,100,,14608,11,,,0
9000,'244.0.3',600,,14642,11,,,0,15,,14641,11,,,0,15,,14609,11,,,0,15,,14643,11,,,0,55,,14610,11,,,0,15,,14644,11,,,0,15,,14611,11,,,0,15,,14645,11,,,0,60,,14612,11,,,0,30,,14613,11,,,0,65,,14614,11,,,0,31,,14615,11,,,0,69,,14616,11,,,0,30,,14617,11,,,0,70,,14618,11,,,0,27,,14619,11,,,0,31,,14620,11,,,0,70,,14621,11,,,0,30,,14622,11,,,0,70,,14623,11,,,0,30,,14624,11,,,0,70,,14625,11,,,0,17,,14646,11,,,0,55,,14626,11,,,0,15,,14647,11,,,0,15,,14627,11,,,0,15,,14648,11,,,0,55,,14628,11,,,0,15,,14649,11,,,0,15,,14653,11,,,0,15,,14650,11,,,0,55,,14629,11,,,0,15,,14651,11,,,0,15,,14630,11,,,0,15,,14652,11,,,0,12,,14631,11,,,0,75,,14632,11,,,0,70,,14633,11,,,0,30,,14634,11,,,0,70,,14635,11,,,0,30,,14636,11,,,0,100,,14637,11,,,0,98,,14638,11,,,0,100,,14639,11,,,0,100,,14640,11,,,0
12301,'244.0.3',1531,,14888,6,,,0,70,,14890,6,,,0,30,,14891,6,,,0,70,,14880,6,,,0,30,,14885,6,,,0,28,,14889,6,,,0,70,,14892,6,,,0
12701,'244.0.3',1549,,14902,6,,,0,55,,14903,6,,,0,15,,14904,6,,,0,85,,14905,6,,,0,15,,14906,6,,,0,15,,14907,6,,,0,15,,14908,6,,,0
12701,'244.1141.3',1629,,14909,6,,,0,20,,14910,6,,,0
12701,'244.1143.3',1629,,14911,6,,,0,20,,14912,6,,,0
1000701,'244.0.1',632,,15562,16,,,0,20,,15563,16,,,0,60,,15564,16,,,0,20,,15565,16,,,0,20,,15566,16,,,0,60,,15567,16,,,0,20,,15568,16,,,0,21,,15569,16,,,0,60,,15570,16,,,0,20,,15571,16,,,0,20,,15572,16,,,0,60,,15573,16,,,0,20,,15574,16,,,0,20,,15575,16,,,0,62,,15576,16,,,0,20,,15577,16,,,0,20,,15578,16,,,0,60,,15579,16,,,0,20,,15580,16,,,0,20,,15581,16,,,0,60,,15582,16,,,0,20,,15583,16,,,0,20,,15584,16,,,0,60,,15585,16,,,0,20,,15586,16,,,0,20,,15587,16,,,0,60,,15588,16,,,0,20,,15589,16,,,0,20,,15590,16,,,0,60,,15591,16,,,0,20,,15592,16,,,0,20,,15593,16,,,0,60,,15594,16,,,0,19,,15595,16,,,0,20,,15596,16,,,0,60,,15597,16,,,0,20,,15598,16,,,0,20,,15599,16,,,0,60,,15600,16,,,0,19,,15601,16,,,0,20,,15602,16,,,0,60,,15603,16,,,0,20,,15604,16,,,0,20,,15605,16,,,0,60,,15606,16,,,0,20,,15607,16,,,0,20,,15608,16,,,0,60,,15609,16,,,0,20,,15610,16,,,0,20,,15611,16,,,0,60,,15612,16,,,0,20,,15613,16,,,0,20,,15614,16,,,0,60,,15615,16,,,0
1000701,'244.0.2',632,,15616,16,,,0,70,,15617,16,,,0,30,,15618,16,,,0,70,,15619,16,,,0,30,,15620,16,,,0,70,,15621,16,,,0,32,,15622,16,,,0,70,,15623,16,,,0,30,,15624,16,,,0,70,,15625,16,,,0,30,,15626,16,,,0,71,,15627,16,,,0,30,,15628,16,,,0,70,,15629,16,,,0,30,,15630,16,,,0,70,,15631,16,,,0,30,,15632,16,,,0,70,,15633,16,,,0,30,,15634,16,,,0,70,,15635,16,,,0,30,,15636,16,,,0,70,,15637,16,,,0,30,,15638,16,,,0,70,,15639,16,,,0,29,,15640,16,,,0,69,,15641,16,,,0,30,,15642,16,,,0,70,,15643,16,,,0,30,,15644,16,,,0,69,,15645,16,,,0,30,,15646,16,,,0,70,,15647,16,,,0,30,,15648,16,,,0,70,,15649,16,,,0,30,,15650,16,,,0,70,,15651,16,,,0
1000701,'244.0.3',617,,15652,16,,,0,15,,15653,16,,,0,15,,15654,16,,,0,55,,15655,16,,,0,15,,15656,16,,,0,17,,15657,16,,,0,21,,15658,16,,,0,55,,15659,16,,,0,15,,15660,16,,,0,15,,15661,16,,,0,15,,15662,16,,,0,55,,15663,16,,,0,15,,15664,16,,,0,15,,15665,16,,,0,15,,15666,16,,,0,52,,15667,16,,,0,14,,15668,16,,,0,15,,15669,16,,,0,15,,15670,16,,,0,55,,15671,16,,,0,15,,15672,16,,,0,15,,15673,16,,,0,15,,15674,16,,,0,56,,15675,16,,,0,15,,15676,16,,,0,15,,15677,16,,,0,15,,15678,16,,,0,55,,15679,16,,,0,15,,15680,16,,,0,15,,15681,16,,,0,15,,15682,16,,,0,55,,15683,16,,,0,15,,15684,16,,,0,15,,15685,16,,,0,15,,15686,16,,,0,57,,15687,16,,,0,17,,15688,16,,,0,15,,15689,16,,,0,15,,15690,16,,,0,55,,15691,16,,,0,15,,15692,16,,,0,15,,15693,16,,,0,15,,15694,16,,,0,55,,15695,16,,,0,15,,15696,16,,,0,12,,15697,16,,,0,13,,15698,16,,,0,55,,15699,16,,,0,13,,15700,16,,,0,15,,15701,16,,,0,15,,15702,16,,,0,55,,15703,16,,,0,15,,15704,16,,,0,15,,15705,16,,,0,15,,15706,16,,,0,53,,15707,16,,,0,15,,15708,16,,,0,15,,15709,16,,,0,15,,15710,16,,,0,55,,15711,16,,,0,15,,15712,16,,,0,15,,15713,16,,,0,15,,15714,16,,,0,55,,15715,16,,,0,13,,15716,16,,,0,15,,15717,16,,,0,15,,15718,16,,,0,55,,15719,16,,,0,15,,15720,16,,,0,30,,15721,16,,,0,70,,15722,16,,,0,30,,15723,16,,,0
