401,'244.0.1',632,,10099,38,,,0,100,,10100,38,,,0,100,,10101,38,,,0,70,,10102,38,,,0,30,,10103,38,,,0,70,,10104,38,,,0,30,,10105,38,,,0,71,,10106,38,,,0,33,,10107,38,,,0,70,,10108,38,,,0,30,,10109,38,,,0,70,,10110,38,,,0,30,,10111,38,,,0,70,,10112,38,,,0,30,,10113,38,,,0,70,,10114,38,,,0,30,,10115,38,,,0,70,,10116,38,,,0,30,,10117,38,,,0,70,,10118,38,,,0,30,,10119,38,,,0,70,,10120,38,,,0,28,,10121,38,,,0,70,,10122,38,,,0,30,,10123,38,,,0,70,,10124,38,,,0,30,,10125,38,,,0,70,,10126,38,,,0,30,,10127,38,,,0,69,,10128,38,,,0,27,,10129,38,,,0,100,,10130,38,,,0,100,,10131,38,,,0
401,'244.0.2',732,,10132,38,,,0,70,,10133,38,,,0,30,,10134,38,,,0,70,,10135,38,,,0,30,,10136,38,,,0,70,,10137,38,,,0,30,,10138,38,,,0,71,,10139,38,,,0,29,,10140,38,,,0,70,,10141,38,,,0,30,,10142,38,,,0,70,,10143,38,,,0,30,,10144,38,,,0,70,,10145,38,,,0,30,,10146,38,,,0,70,,10147,38,,,0,30,,10148,38,,,0,70,,10149,38,,,0,30,,10150,38,,,0,70,,10151,38,,,0,30,,10152,38,,,0,70,,10153,38,,,0,30,,10154,38,,,0,70,,10155,38,,,0,30,,10156,38,,,0,71,,10157,38,,,0,27,,10158,38,,,0,100,,10159,38,,,0,100,,10160,38,,,0,100,,10161,38,,,0,100,,10162,38,,,0
401,'244.0.3',611,,10163,38,,,0,15,,10164,38,,,0,15,,10165,38,,,0,15,,10166,38,,,0,59,,10167,38,,,0,20,,10168,38,,,0,8,,10169,38,,,0,8,,10170,38,,,0,8,,10171,38,,,0,48,,10172,38,,,0,8,,10173,38,,,0,8,,10174,38,,,0,8,,10175,38,,,0,8,,10176,38,,,0,8,,10177,38,,,0,8,,10178,38,,,0,48,,10179,38,,,0,8,,10180,38,,,0,7,,10181,38,,,0,6,,10182,38,,,0,8,,10183,38,,,0,8,,10184,38,,,0,8,,10185,38,,,0,8,,10186,38,,,0,48,,10187,38,,,0,8,,10188,38,,,0,8,,10189,38,,,0,8,,10190,38,,,0,8,,10191,38,,,0,11,,10192,38,,,0,55,,10193,38,,,0,15,,10194,38,,,0,15,,10195,38,,,0,15,,10196,38,,,0,55,,10197,38,,,0,15,,10198,38,,,0,15,,10199,38,,,0,15,,10200,38,,,0,55,,10201,38,,,0,15,,10202,38,,,0,15,,10203,38,,,0,15,,10204,38,,,0,55,,10205,38,,,0,15,,10206,38,,,0,15,,10207,38,,,0,15,,10208,38,,,0,55,,10209,38,,,0,15,,10210,38,,,0,17,,10211,38,,,0,18,,10212,38,,,0,55,,10213,38,,,0,15,,10214,38,,,0,15,,10215,38,,,0,15,,10216,38,,,0,55,,10217,38,,,0,15,,10218,38,,,0,15,,10219,38,,,0,15,,10220,38,,,0,53,,10221,38,,,0,12,,10222,38,,,0,11,,10223,38,,,0,15,,10224,38,,,0,15,,10225,38,,,0,60,,10226,38,,,0,20,,10227,38,,,0,20,,10228,38,,,0,60,,10229,38,,,0,20,,10230,38,,,0,20,,10231,38,,,0,60,,10232,38,,,0,20,,10233,38,,,0,20,,10234,38,,,0,59,,10235,38,,,0,28,,10236,38,,,0,70,,10237,38,,,0,30,,10238,38,,,0,70,,10239,38,,,0,30,,10240,38,,,0,70,,10241,38,,,0
1001001,'244.0.3',650,,15933,16,,,0,66,,15934,16,,,0,20,,15935,16,,,0,20,,15936,16,,,0,60,,15937,16,,,0,20,,15938,16,,,0,20,,15939,16,,,0,55,,15940,16,,,0,20,,15941,16,,,0,509,,15942,16,,,0,15,,15943,16,,,0,64,,15944,16,,,0,21,,15945,16,,,0,60,,15946,16,,,0,20,,15947,16,,,0,20,,15948,16,,,0,65,,15949,16,,,0,24,,15950,16,,,0,22,,15951,16,,,0,60,,15952,16,,,0,9,,15953,16,,,0,20,,15954,16,,,0
2001001,'244.0.1',659,,16998,27,,,0,94,,16999,27,,,0,88,,17000,27,,,0,72,,17001,27,,,0,30,,17002,27,,,0,71,,17003,27,,,0,33,,17004,27,,,0,72,,17005,27,,,0,31,,17006,27,,,0,72,,17007,27,,,0,33,,17008,27,,,0,72,,17009,27,,,0,30,,17010,27,,,0,70,,17011,27,,,0,30,,17012,27,,,0,70,,17013,27,,,0,30,,17014,27,,,0,70,,17015,27,,,0,30,,17016,27,,,0,70,,17017,27,,,0,30,,17018,27,,,0,70,,17019,27,,,0,30,,17020,27,,,0,65,,17021,27,,,0,26,,17022,27,,,0,70,,17023,27,,,0,30,,17024,27,,,0,100,,17025,27,,,0,99,,17026,27,,,0,99,,17027,27,,,0,100,,17028,27,,,0
2001001,'244.0.2',652,,17029,27,,,0,92,,17030,27,,,0,90,,17031,27,,,0,72,,17032,27,,,0,32,,17033,27,,,0,72,,17034,27,,,0,32,,17035,27,,,0,72,,17036,27,,,0,31,,17037,27,,,0,71,,17038,27,,,0,30,,17039,27,,,0,70,,17040,27,,,0,30,,17041,27,,,0,70,,17042,27,,,0,32,,17043,27,,,0,71,,17044,27,,,0,30,,17045,27,,,0,70,,17046,27,,,0,30,,17047,27,,,0,69,,17048,27,,,0,30,,17049,27,,,0,69,,17050,27,,,0,30,,17051,27,,,0,101,,17052,27,,,0,100,,17053,27,,,0,100,,17054,27,,,0,100,,17055,27,,,0,100,,17056,27,,,0,100,,17057,27,,,0
2001001,'244.0.3',611,,17058,27,,,0,30,,17059,27,,,0,65,,17060,27,,,0,23,,17061,27,,,0,22,,17096,27,,,0,60,,17062,27,,,0,20,,17063,27,,,0,20,,17064,27,,,0,59,,17065,27,,,0,90,,17066,27,,,0,20,,17067,27,,,0,24,,17068,27,,,0,72,,17069,27,,,0,31,,17070,27,,,0,70,,17071,27,,,0,30,,17072,27,,,0,70,,17073,27,,,0,30,,17074,27,,,0,79,,17075,27,,,0,21,,17076,27,,,0,64,,17077,27,,,0,15,,17078,27,,,0,21,,17079,27,,,0,60,,17080,27,,,0,20,,17081,27,,,0,21,,17082,27,,,0,64,,17083,27,,,0,25,,17084,27,,,0,21,,17085,27,,,0,60,,17086,27,,,0,9,,17087,27,,,0,20,,17088,27,,,0,70,,17089,27,,,0,24,,17090,27,,,0,72,,17091,27,,,0,30,,17092,27,,,0,70,,17093,27,,,0,30,,17094,27,,,0,70,,17095,27,,,0
3001001,'244.0.1',629,,17558,35,,,0,94,,17559,35,,,0,100,,17560,35,,,0,35,,17561,35,,,0,70,,17562,35,,,0,30,,17563,35,,,0,70,,17564,35,,,0,74,,17565,35,,,0,33,,17566,35,,,0,71,,17567,35,,,0,32,,17568,35,,,0,74,,17569,35,,,0,30,,17570,35,,,0,70,,17571,35,,,0,30,,17572,35,,,0,70,,17573,35,,,0,30,,17574,35,,,0,70,,17575,35,,,0,30,,17576,35,,,0,70,,17577,35,,,0,30,,17578,35,,,0,70,,17579,35,,,0,30,,17580,35,,,0,68,,17581,35,,,0,24,,17582,35,,,0,68,,17583,35,,,0,30,,17584,35,,,0,100,,17585,35,,,0,96,,17586,35,,,0,94,,17587,35,,,0,100,,17588,35,,,0
3001001,'244.0.2',627,,17590,35,,,0,90,,17591,35,,,0,100,,17592,35,,,0,30,,17593,35,,,0,70,,17594,35,,,0,30,,17595,35,,,0,74,,17596,35,,,0,33,,17597,35,,,0,74,,17598,35,,,0,30,,17599,35,,,0,70,,17600,35,,,0,31,,17601,35,,,0,71,,17602,35,,,0,70,,17603,35,,,0,30,,17604,35,,,0,70,,17605,35,,,0,33,,17606,35,,,0,70,,17607,35,,,0,30,,17608,35,,,0,70,,17609,35,,,0,30,,17610,35,,,0,70,,17611,35,,,0,30,,17612,35,,,0,69,,17613,35,,,0,27,,17614,35,,,0,100,,17615,35,,,0,94,,17616,35,,,0,100,,17617,35,,,0,100,,17618,35,,,0
3001001,'244.0.3',556,,17620,35,,,0,70,,17621,35,,,0,33,,17622,35,,,0,65,,17623,35,,,0,22,,17624,35,,,0,60,,17625,35,,,0,18,,17626,35,,,0,19,,17627,35,,,0,60,,17628,35,,,0,15,,17629,35,,,0,32,,17630,35,,,0,60,,17631,35,,,0,20,,17632,35,,,0,28,,17633,35,,,0,74,,17634,35,,,0,70,,17635,35,,,0,30,,17636,35,,,0,70,,17637,35,,,0,30,,17638,35,,,0,70,,17639,35,,,0,30,,17640,35,,,0,70,,17641,35,,,0,30,,17642,35,,,0,21,,17643,35,,,0,60,,17644,35,,,0,20,,17645,35,,,0,21,,17646,35,,,0,67,,17647,35,,,0,23,,17648,35,,,0,60,,17649,35,,,0,20,,17650,35,,,0,18,,17651,35,,,0,16,,17652,35,,,0,57,,17653,35,,,0,11,,17654,35,,,0,12,,17655,35,,,0,19,,17656,35,,,0,79,,17657,35,,,0,70,,17658,35,,,0,30,,17659,35,,,0,70,,17660,35,,,0,30,,17661,35,,,0,68,,17662,35,,,0,24,,17663,35,,,0
