5900,'244.0.1',632,,12777,4,,,0,100,,12778,4,,,0,100,,12779,4,,,0,100,,12780,4,,,0,100,,12781,4,,,0,100,,12782,4,,,0,100,,12783,4,,,0,100,,12784,4,,,0,100,,12785,4,,,0,100,,12786,4,,,0,100,,12787,4,,,0,100,,12788,4,,,0,100,,12789,4,,,0,100,,12790,4,,,0,100,,12791,4,,,0,100,,12792,4,,,0,100,,12793,4,,,0,100,,12794,4,,,0
5900,'244.0.2',732,,12795,4,,,0,100,,12796,4,,,0,100,,12797,4,,,0,100,,12798,4,,,0,100,,12799,4,,,0,100,,12800,4,,,0,100,,12801,4,,,0,100,,12802,4,,,0,100,,12803,4,,,0,100,,12804,4,,,0,100,,12805,4,,,0,100,,12806,4,,,0,100,,12807,4,,,0,100,,12808,4,,,0,100,,12809,4,,,0,100,,12810,4,,,0
5900,'244.0.3',538,,12811,4,,,0,20,,12832,4,,,0,60,,12812,4,,,0,20,,12813,4,,,0,20,,12814,4,,,0,60,,12815,4,,,0,20,,12816,4,,,0,62,,12817,4,,,0,20,,12818,4,,,0,93,,12819,4,,,0,100,,12820,4,,,0,100,,12821,4,,,0,100,,12822,4,,,0,100,,12823,4,,,0,100,,12824,4,,,0,100,,12825,4,,,0,408,,12826,4,,,0,100,,12827,4,,,0,100,,12828,4,,,0,100,,12829,4,,,0,100,,12830,4,,,0,100,,12831,4,,,0
6301,'244.0.1',733,,13157,4,,,0,100,,13158,4,,,0,100,,13159,4,,,0,100,,13160,4,,,0,100,,13161,4,,,0,100,,13162,4,,,0,100,,13163,4,,,0,100,,13164,4,,,0,100,,13165,4,,,0,100,,13166,4,,,0,100,,13167,4,,,0,100,,13168,4,,,0,99,,13169,4,,,0,100,,13170,4,,,0,100,,13171,4,,,0,100,,13172,4,,,0
6301,'244.0.2',703,,13173,4,,,0,100,,13174,4,,,0,100,,13175,4,,,0,100,,13176,4,,,0,100,,13177,4,,,0,100,,13178,4,,,0,100,,13179,4,,,0,100,,13180,4,,,0,99,,13181,4,,,0,100,,13182,4,,,0,100,,13183,4,,,0,100,,13184,4,,,0,100,,13185,4,,,0,100,,13186,4,,,0,100,,13187,4,,,0
6301,'244.0.3',622,,13188,4,,,0,30,,13189,4,,,0,70,,13190,4,,,0,30,,13191,4,,,0,70,,13192,4,,,0,30,,13193,4,,,0,70,,13194,4,,,0,16,,13195,4,,,0,100,,13196,4,,,0,100,,13197,4,,,0,100,,13198,4,,,0,100,,13199,4,,,0,100,,13200,4,,,0,115,,13201,4,,,0,70,,13202,4,,,0,30,,13203,4,,,0,70,,13204,4,,,0,30,,13205,4,,,0,70,,13206,4,,,0,30,,13207,4,,,0,100,,13208,4,,,0,100,,13209,4,,,0,100,,13210,4,,,0,100,,13211,4,,,0
6800,'244.0.1',552,,13492,4,,,0,100,,13493,4,,,0,100,,13494,4,,,0,100,,13495,4,,,0,100,,13496,4,,,0,100,,13497,4,,,0,100,,13498,4,,,0,100,,13499,4,,,0,100,,13500,4,,,0,100,,13501,4,,,0,100,,13502,4,,,0,100,,13503,4,,,0,100,,13504,4,,,0,100,,13505,4,,,0,100,,13506,4,,,0,100,,13507,4,,,0,100,,13508,4,,,0,100,,13509,4,,,0,100,,13510,4,,,0
6800,'244.0.2',652,,13511,4,,,0,100,,13512,4,,,0,100,,13513,4,,,0,100,,13514,4,,,0,100,,13515,4,,,0,100,,13516,4,,,0,100,,13517,4,,,0,100,,13518,4,,,0,100,,13519,4,,,0,100,,13520,4,,,0,100,,13521,4,,,0,100,,13522,4,,,0,100,,13523,4,,,0,100,,13524,4,,,0,100,,13525,4,,,0,100,,13526,4,,,0
6800,'244.0.3',557,,13528,4,,,0,70,,13529,4,,,0,30,,13530,4,,,0,70,,13531,4,,,0,30,,13544,4,,,0,156,,13532,4,,,0,100,,13533,4,,,0,100,,13534,4,,,0,100,,13535,4,,,0,100,,13536,4,,,0,100,,13537,4,,,0,100,,13538,4,,,0,429,,13539,4,,,0,100,,13540,4,,,0,100,,13541,4,,,0,100,,13542,4,,,0,100,,13543,4,,,0
15900,'244.0.3',1543,,14978,17,,,0,61,,14979,17,,,0,24,,14980,17,,,0,23,,14981,17,,,0,62,,14982,17,,,0,19,,14985,17,,,0,11,,14986,17,,,0,60,,14983,17,,,0,18,,14984,17,,,0
40101,'244.0.1',806,,15308,4,,,0,326,,15309,4,,,0,600,,15310,4,,,0
40101,'244.0.2',806,,15311,4,,,0,326,,15312,4,,,0,600,,15313,4,,,0
40101,'244.0.3',631,,15314,4,,,0,175,,15315,4,,,0,135,,15316,4,,,0,613,,15319,4,,,0,179,,15317,4,,,0,179,,15318,4,,,0
1016800,'244.0.3',1539,,16285,17,,,0,73,,16286,17,,,0,35,,16287,17,,,0,73,,16288,17,,,0,26,,16289,17,,,0,64,,16290,17,,,0,30,,16291,17,,,0
2016800,'244.0.3',1557,,17301,17,,,0,76,,17302,17,,,0,73,,17303,17,,,0,29,,17304,17,,,0,24,,17305,17,,,0,66,,17306,17,,,0
