2200,'259.0.1',617,,19795,6,,,0,30,,19796,6,,,0,70,,19797,6,,,0,30,,19798,6,,,0,70,,19799,6,,,0,30,,19800,6,,,0,70,,19801,6,,,0,30,,19802,6,,,0,70,,19803,6,,,0,30,,19804,6,,,0,70,,19805,6,,,0,35,,19806,6,,,0,70,,19807,6,,,0,30,,19808,6,,,0,70,,19809,6,,,0,30,,19810,6,,,0,70,,19811,6,,,0,30,,19812,6,,,0,70,,19813,6,,,0,30,,19814,6,,,0,70,,19815,6,,,0,30,,19816,6,,,0,70,,19817,6,,,0,30,,19818,6,,,0,70,,19819,6,,,0,25,,19820,6,,,0,70,,19821,6,,,0,30,,19822,6,,,0,70,,19823,6,,,0,30,,19824,6,,,0,70,,19825,6,,,0,30,,19826,6,,,0,70,,19827,6,,,0,30,,19828,6,,,0,70,,19829,6,,,0,30,,19830,6,,,0
2200,'259.0.2',637,,19831,6,,,0,70,,19832,6,,,0,30,,19833,6,,,0,70,,19834,6,,,0,30,,19835,6,,,0,70,,19836,6,,,0,30,,19837,6,,,0,70,,19838,6,,,0,30,,19839,6,,,0,70,,19840,6,,,0,30,,19841,6,,,0,70,,19842,6,,,0,30,,19843,6,,,0,70,,19844,6,,,0,30,,19845,6,,,0,70,,19846,6,,,0,30,,19847,6,,,0,70,,19848,6,,,0,30,,19849,6,,,0,70,,19850,6,,,0,30,,19851,6,,,0,70,,19852,6,,,0,30,,19853,6,,,0,70,,19854,6,,,0,30,,19855,6,,,0,70,,19856,6,,,0,30,,19857,6,,,0,70,,19858,6,,,0,30,,19859,6,,,0,70,,19860,6,,,0,30,,19861,6,,,0,70,,19862,6,,,0,30,,19863,6,,,0,70,,19864,6,,,0,30,,19865,6,,,0
2200,'259.0.3',627,,19866,6,,,0,30,,19867,6,,,0,70,,19868,6,,,0,30,,19869,6,,,0,70,,19870,6,,,0,30,,19871,6,,,0,70,,19872,6,,,0,27,,19873,6,,,0,70,,19874,6,,,0,30,,19875,6,,,0,74,,19876,6,,,0,26,,19877,6,,,0,70,,19878,6,,,0,30,,19879,6,,,0,70,,19880,6,,,0,30,,19881,6,,,0,70,,19882,6,,,0,33,,19883,6,,,0,70,,19884,6,,,0,73,,19885,6,,,0,30,,19886,6,,,0,70,,19887,6,,,0,30,,19888,6,,,0,70,,19889,6,,,0,27,,19890,6,,,0,27,,19891,6,,,0,70,,19892,6,,,0,30,,19893,6,,,0,70,,19894,6,,,0,30,,19895,6,,,0,70,,19896,6,,,0,30,,19897,6,,,0,70,,19898,6,,,0,30,,19899,6,,,0,70,,19900,6,,,0,30,,19901,6,,,0
2500,'259.0.1',736,,20228,6,,,0,100,,20229,6,,,0,100,,20230,6,,,0,100,,20231,6,,,0,99,,20232,6,,,0,100,,20233,6,,,0,100,,20234,6,,,0,100,,20235,6,,,0,100,,20236,6,,,0,100,,20237,6,,,0,100,,20238,6,,,0,100,,20239,6,,,0,100,,20240,6,,,0,100,,20241,6,,,0,100,,20242,6,,,0,100,,20243,6,,,0
2500,'259.0.2',836,,20245,6,,,0,100,,20246,6,,,0,100,,20247,6,,,0,100,,20248,6,,,0,100,,20249,6,,,0,100,,20250,6,,,0,100,,20251,6,,,0,100,,20252,6,,,0,100,,20253,6,,,0,100,,20254,6,,,0,100,,20255,6,,,0,100,,20256,6,,,0,100,,20257,6,,,0,100,,20258,6,,,0
2500,'259.0.3',539,,20259,6,,,0,70,,20260,6,,,0,30,,20261,6,,,0,70,,20262,6,,,0,30,,20263,6,,,0,70,,20264,6,,,0,30,,20265,6,,,0,70,,20266,6,,,0,100,,20267,6,,,0,100,,20268,6,,,0,100,,20269,6,,,0,100,,20270,6,,,0,100,,20271,6,,,0,100,,20272,6,,,0,30,,20273,6,,,0,70,,20274,6,,,0,30,,20275,6,,,0,70,,20276,6,,,0,30,,20277,6,,,0,70,,20278,6,,,0,30,,20279,6,,,0,70,,20280,6,,,0,100,,20281,6,,,0,100,,20282,6,,,0,100,,20283,6,,,0,100,,20284,6,,,0
12301,'259.0.3',1538,,23715,8,,,0,70,,23717,8,,,0,30,,23718,8,,,0,70,,23707,8,,,0,29,,23712,8,,,0,67,,23716,8,,,0,30,,23719,8,,,0
12701,'259.0.3',1559,,23729,8,,,0,56,,23730,8,,,0,15,,23731,8,,,0,83,,23732,8,,,0,15,,23733,8,,,0,15,,23734,8,,,0,15,,23735,8,,,0
12701,'259.1141.3',1640,,23736,8,,,0,19,,23737,8,,,0
12701,'259.1143.3',1640,,23738,8,,,0,19,,23739,8,,,0
41500,'259.0.3',624,,24126,6,,,0,100,,24127,6,,,0,100,,24128,6,,,0,100,,24129,6,,,0,523,,24133,6,,,0,100,,24130,6,,,0,100,,24131,6,,,0,100,,24132,6,,,0
1000900,'259.0.1',706,,24530,25,,,0,100,,24531,25,,,0,100,,24532,25,,,0,100,,24533,25,,,0,100,,24534,25,,,0,96,,24535,25,,,0,102,,24536,25,,,0,100,,24537,25,,,0,100,,24538,25,,,0,100,,24539,25,,,0,100,,24540,25,,,0,100,,24541,25,,,0,100,,24542,25,,,0,101,,24543,25,,,0,100,,24544,25,,,0,100,,24545,25,,,0,100,,24546,25,,,0,100,,24547,25,,,0
1000900,'259.0.2',705,,24548,25,,,0,96,,24549,25,,,0,100,,24550,25,,,0,100,,24551,25,,,0,106,,24552,25,,,0,100,,24553,25,,,0,100,,24554,25,,,0,100,,24555,25,,,0,100,,24556,25,,,0,100,,24557,25,,,0,100,,24558,25,,,0,100,,24559,25,,,0,100,,24560,25,,,0,100,,24561,25,,,0,98,,24562,25,,,0,100,,24563,25,,,0,100,,24564,25,,,0,100,,24565,25,,,0
1000900,'259.0.3',620,,24566,25,,,0,30,,24567,25,,,0,70,,24568,25,,,0,31,,24569,25,,,0,72,,24570,25,,,0,29,,24571,25,,,0,52,,24572,25,,,0,15,,24573,25,,,0,30,,24574,25,,,0,55,,24575,25,,,0,15,,24576,25,,,0,30,,24577,25,,,0,58,,24578,25,,,0,13,,24579,25,,,0,27,,24580,25,,,0,55,,24581,25,,,0,15,,24582,25,,,0,30,,24583,25,,,0,55,,24584,25,,,0,15,,24585,25,,,0,30,,24586,25,,,0,55,,24587,25,,,0,15,,24588,25,,,0,30,,24589,25,,,0,66,,24590,25,,,0,25,,24591,25,,,0,9,,24592,25,,,0,59,,24593,25,,,0,10,,24594,25,,,0,20,,24595,25,,,0,10,,24596,25,,,0,60,,24597,25,,,0,10,,24598,25,,,0,10,,24599,25,,,0,20,,24600,25,,,0,5,,24601,25,,,0,6,,24602,25,,,0,56,,24603,25,,,0,10,,24604,25,,,0,20,,24605,25,,,0,10,,24606,25,,,0,70,,24607,25,,,0,30,,24608,25,,,0,70,,24609,25,,,0,30,,24610,25,,,0,69,,24611,25,,,0,27,,24612,25,,,0,55,,24613,25,,,0,15,,24614,25,,,0,35,,24615,25,,,0,60,,24616,25,,,0,40,,24617,25,,,0,60,,24618,25,,,0,40,,24619,25,,,0
2000900,'259.0.1',636,,25574,25,,,0,100,,25575,25,,,0,100,,25576,25,,,0,100,,25577,25,,,0,100,,25578,25,,,0,100,,25579,25,,,0,98,,25580,25,,,0,100,,25581,25,,,0,100,,25582,25,,,0,100,,25583,25,,,0,100,,25584,25,,,0,100,,25585,25,,,0,100,,25586,25,,,0,101,,25587,25,,,0,100,,25588,25,,,0,100,,25589,25,,,0,100,,25590,25,,,0,100,,25591,25,,,0,100,,25592,25,,,0
2000900,'259.0.2',636,,25593,25,,,0,97,,25594,25,,,0,98,,25595,25,,,0,100,,25596,25,,,0,106,,25597,25,,,0,100,,25598,25,,,0,100,,25599,25,,,0,100,,25600,25,,,0,100,,25601,25,,,0,100,,25602,25,,,0,100,,25603,25,,,0,100,,25604,25,,,0,100,,25605,25,,,0,100,,25606,25,,,0,98,,25607,25,,,0,100,,25608,25,,,0,100,,25609,25,,,0,100,,25610,25,,,0,100,,25611,25,,,0
2000900,'259.0.3',535,,25612,6,,,0,70,,25613,6,,,0,30,,25614,25,,,0,70,,25615,25,,,0,30,,25616,25,,,0,69,,25617,25,,,0,30,,25618,25,,,0,100,,25619,25,,,0,100,,25620,25,,,0,99,,25621,25,,,0,96,,25622,25,,,0,100,,25623,25,,,0,100,,25624,25,,,0,28,,25625,25,,,0,70,,25626,25,,,0,29,,25627,25,,,0,70,,25628,25,,,0,30,,25629,25,,,0,79,,25630,25,,,0,67,,25631,25,,,0,30,,25632,25,,,0,70,,25633,25,,,0,30,,25634,25,,,0,70,,25635,25,,,0,30,,25636,25,,,0,70,,25637,25,,,0,27,,25638,25,,,0,100,,25639,25,,,0,100,,25640,25,,,0,100,,25641,25,,,0,100,,25642,25,,,0
