5901,'244.0.1',642,,12833,20,,,0,100,,12834,20,,,0,100,,12835,20,,,0,100,,12836,20,,,0,102,,12837,20,,,0,100,,12838,20,,,0,100,,12839,20,,,0,100,,12840,20,,,0,100,,12841,20,,,0,100,,12842,20,,,0,100,,12843,20,,,0,100,,12844,20,,,0,98,,12845,20,,,0,100,,12846,20,,,0,100,,12847,20,,,0,100,,12848,20,,,0,100,,12849,20,,,0,100,,12850,20,,,0
5901,'244.0.2',742,,12851,20,,,0,100,,12852,20,,,0,100,,12853,20,,,0,102,,12854,20,,,0,100,,12855,20,,,0,100,,12856,20,,,0,100,,12857,20,,,0,100,,12858,20,,,0,100,,12859,20,,,0,100,,12860,20,,,0,100,,12861,20,,,0,98,,12862,20,,,0,100,,12863,20,,,0,100,,12864,20,,,0,100,,12865,20,,,0,100,,12866,20,,,0
5901,'244.0.3',924,,12867,20,,,0,100,,12868,20,,,0,100,,12869,20,,,0,100,,12870,20,,,0,101,,12871,20,,,0,100,,12872,20,,,0,100,,12873,20,,,0,30,,12874,20,,,0,61,,12875,20,,,0,24,,12876,20,,,0,63,,12877,20,,,0,22,,12878,20,,,0,19,,12879,20,,,0,13,,12888,20,,,0,57,,12880,20,,,0,18,,12881,20,,,0,101,,12882,20,,,0,100,,12883,20,,,0,100,,12884,20,,,0,100,,12885,20,,,0,100,,12886,20,,,0,100,,12887,20,,,0
6300,'244.0.1',812,,13103,28,,,0,100,,13104,28,,,0,100,,13105,28,,,0,100,,13106,28,,,0,100,,13107,28,,,0,100,,13108,28,,,0,100,,13109,28,,,0,101,,13110,28,,,0,100,,13111,28,,,0,100,,13112,28,,,0,100,,13113,28,,,0,100,,13114,28,,,0,97,,13115,28,,,0,99,,13116,28,,,0,100,,13117,28,,,0,100,,13118,28,,,0
6300,'244.0.2',741,,13119,28,,,0,100,,13120,28,,,0,100,,13121,28,,,0,100,,13122,28,,,0,100,,13123,28,,,0,100,,13124,28,,,0,100,,13125,28,,,0,100,,13126,28,,,0,98,,13127,28,,,0,100,,13128,28,,,0,100,,13129,28,,,0,100,,13130,28,,,0,100,,13131,28,,,0,100,,13132,28,,,0,100,,13133,28,,,0
6300,'244.0.3',706,,13134,28,,,0,30,,13135,28,,,0,70,,13136,28,,,0,30,,13137,28,,,0,70,,13138,28,,,0,30,,13139,28,,,0,70,,13140,28,,,0,16,,13141,28,,,0,100,,13142,28,,,0,100,,13143,28,,,0,100,,13144,28,,,0,100,,13145,28,,,0,101,,13146,28,,,0,115,,13147,28,,,0,70,,13148,28,,,0,28,,13149,28,,,0,70,,13150,28,,,0,29,,13151,28,,,0,69,,13152,28,,,0,30,,13153,28,,,0,100,,13154,28,,,0,100,,13155,28,,,0,100,,13156,28,,,0
6801,'244.0.1',629,,13545,26,,,0,100,,13546,26,,,0,100,,13547,26,,,0,100,,13548,26,,,0,102,,13549,26,,,0,101,,13550,26,,,0,100,,13551,26,,,0,100,,13552,26,,,0,100,,13553,26,,,0,100,,13554,26,,,0,100,,13555,26,,,0,99,,13556,26,,,0,100,,13557,26,,,0,100,,13558,26,,,0,99,,13559,26,,,0,100,,13560,26,,,0,100,,13561,26,,,0,100,,13562,26,,,0,100,,13563,26,,,0
6801,'244.0.2',729,,13564,26,,,0,100,,13565,26,,,0,100,,13566,26,,,0,100,,13567,26,,,0,101,,13568,26,,,0,101,,13569,26,,,0,101,,13570,26,,,0,100,,13571,26,,,0,100,,13572,26,,,0,100,,13573,26,,,0,99,,13574,26,,,0,100,,13575,26,,,0,99,,13576,26,,,0,99,,13577,26,,,0,100,,13578,26,,,0,100,,13579,26,,,0
6801,'244.0.3',953,,13580,26,,,0,100,,13581,26,,,0,100,,13582,26,,,0,101,,13583,26,,,0,102,,13584,26,,,0,100,,13585,26,,,0,100,,13586,26,,,0,81,,13587,26,,,0,76,,13588,26,,,0,31,,13589,26,,,0,69,,13590,26,,,0,23,,13591,26,,,0,66,,13592,26,,,0,119,,13593,26,,,0,100,,13594,26,,,0,100,,13595,26,,,0,100,,13596,26,,,0,100,,13597,26,,,0
15901,'244.0.3',553,,14987,19,,,0,60,,14995,19,,,0,20,,14988,19,,,0,20,,14989,19,,,0,60,,14990,19,,,0,20,,14991,19,,,0,20,,14992,19,,,0,61,,14993,19,,,0,19,,14994,19,,,0
40100,'244.0.1',755,,15295,43,,,0,501,,15296,43,,,0,600,,15297,43,,,0
40100,'244.0.2',754,,15298,43,,,0,501,,15299,43,,,0,600,,15300,43,,,0
40100,'244.0.3',620,,15302,43,,,0,136,,15306,43,,,0,175,,15307,43,,,0,175,,15304,43,,,0,615,,15301,43,,,0,179,,15305,43,,,0,139,,15303,43,,,0
1016801,'244.0.3',620,,16292,22,,,0,30,,16293,22,,,0,70,,16294,22,,,0,30,,16295,22,,,0,70,,16296,22,,,0,30,,16297,22,,,0
2016801,'244.0.3',607,,17307,27,,,0,30,,17308,27,,,0,70,,17309,27,,,0,30,,17310,27,,,0,70,,17311,27,,,0,30,,17312,27,,,0
