501,'259.0.1',614,,19227,14,,,0,20,,19228,14,,,0,20,,19229,14,,,0,60,,19230,14,,,0,20,,19231,14,,,0,20,,19232,14,,,0,60,,19233,14,,,0,20,,19234,14,,,0,20,,19235,14,,,0,60,,19236,14,,,0,20,,19237,14,,,0,20,,19238,14,,,0,64,,19239,14,,,0,20,,19240,14,,,0,20,,19241,14,,,0,60,,19242,14,,,0,20,,19243,14,,,0,20,,19244,14,,,0,60,,19245,14,,,0,20,,19246,14,,,0,20,,19247,14,,,0,60,,19248,14,,,0,20,,19249,14,,,0,20,,19250,14,,,0,60,,19251,14,,,0,20,,19252,14,,,0,20,,19253,14,,,0,60,,19254,14,,,0,20,,19255,14,,,0,20,,19256,14,,,0,59,,19257,14,,,0,20,,19258,14,,,0,20,,19259,14,,,0,60,,19260,14,,,0,20,,19261,14,,,0,20,,19262,14,,,0,60,,19263,14,,,0,20,,19264,14,,,0,20,,19265,14,,,0,60,,19266,14,,,0,20,,19267,14,,,0,20,,19268,14,,,0,57,,19269,14,,,0,20,,19270,14,,,0,20,,19271,14,,,0,60,,19272,14,,,0,20,,19273,14,,,0,20,,19274,14,,,0,60,,19275,14,,,0,30,,19276,14,,,0,70,,19277,14,,,0,30,,19278,14,,,0,70,,19279,14,,,0,30,,19280,14,,,0
501,'259.0.2',614,,19281,14,,,0,30,,19282,14,,,0,70,,19283,14,,,0,30,,19284,14,,,0,70,,19285,14,,,0,30,,19286,14,,,0,70,,19287,14,,,0,30,,19288,14,,,0,70,,19289,14,,,0,33,,19290,14,,,0,69,,19291,14,,,0,30,,19292,14,,,0,70,,19293,14,,,0,31,,19294,14,,,0,68,,19295,14,,,0,30,,19296,14,,,0,70,,19297,14,,,0,30,,19298,14,,,0,71,,19299,14,,,0,30,,19300,14,,,0,70,,19301,14,,,0,30,,19302,14,,,0,70,,19303,14,,,0,30,,19304,14,,,0,70,,19305,14,,,0,30,,19306,14,,,0,70,,19307,14,,,0,30,,19308,14,,,0,70,,19309,14,,,0,30,,19310,14,,,0,70,,19311,14,,,0,27,,19312,14,,,0,70,,19313,14,,,0,30,,19314,14,,,0,70,,19315,14,,,0,30,,19316,14,,,0
501,'259.0.3',516,,19317,14,,,0,30,,19318,14,,,0,70,,19319,14,,,0,15,,19320,14,,,0,15,,19321,14,,,0,55,,19322,14,,,0,15,,19323,14,,,0,22,,19324,14,,,0,15,,19325,14,,,0,55,,19326,14,,,0,15,,19327,14,,,0,15,,19328,14,,,0,15,,19329,14,,,0,52,,19330,14,,,0,13,,19331,14,,,0,15,,19332,14,,,0,15,,19333,14,,,0,55,,19334,14,,,0,15,,19335,14,,,0,15,,19336,14,,,0,15,,19337,14,,,0,55,,19338,14,,,0,15,,19339,14,,,0,15,,19340,14,,,0,15,,19341,14,,,0,55,,19342,14,,,0,15,,19343,14,,,0,15,,19344,14,,,0,15,,19345,14,,,0,55,,19346,14,,,0,15,,19347,14,,,0,15,,19348,14,,,0,15,,19349,14,,,0,55,,19350,14,,,0,15,,19351,14,,,0,15,,19352,14,,,0,15,,19353,14,,,0,55,,19354,14,,,0,15,,19355,14,,,0,15,,19356,14,,,0,15,,19357,14,,,0,55,,19358,14,,,0,15,,19359,14,,,0,15,,19360,14,,,0,15,,19361,14,,,0,55,,19362,14,,,0,15,,19363,14,,,0,15,,19364,14,,,0,15,,19365,14,,,0,55,,19366,14,,,0,15,,19367,14,,,0,14,,19368,14,,,0,12,,19369,14,,,0,60,,19370,14,,,0,20,,19371,14,,,0,20,,19372,14,,,0,60,,19373,14,,,0,20,,19374,14,,,0,20,,19375,14,,,0,60,,19376,14,,,0,20,,19377,14,,,0,20,,19378,14,,,0,60,,19379,14,,,0,30,,19380,14,,,0,70,,19381,14,,,0,30,,19382,14,,,0,70,,19383,14,,,0,30,,19384,14,,,0
5300,'259.0.1',608,,20917,4,,,0,30,,20918,4,,,0,70,,20919,4,,,0,30,,20920,4,,,0,70,,20921,4,,,0,30,,20922,4,,,0,70,,20923,4,,,0,30,,20924,4,,,0,70,,20925,4,,,0,30,,20926,4,,,0,70,,20927,4,,,0,30,,20928,4,,,0,70,,20929,4,,,0,30,,20930,4,,,0,70,,20931,4,,,0,30,,20932,4,,,0,70,,20933,4,,,0,30,,20934,4,,,0,70,,20935,4,,,0,30,,20936,4,,,0,70,,20937,4,,,0,30,,20938,4,,,0,70,,20939,4,,,0,30,,20940,4,,,0,70,,20941,4,,,0,30,,20942,4,,,0,70,,20943,4,,,0,30,,20944,4,,,0,70,,20945,4,,,0,30,,20946,4,,,0,70,,20947,4,,,0,30,,20948,4,,,0,70,,20949,4,,,0,100,,20950,4,,,0
5300,'259.0.2',708,,20951,4,,,0,100,,20952,4,,,0,100,,20953,4,,,0,100,,20954,4,,,0,100,,20955,4,,,0,100,,20956,4,,,0,100,,20957,4,,,0,100,,20958,4,,,0,100,,20959,4,,,0,100,,20960,4,,,0,100,,20961,4,,,0,100,,20962,4,,,0,100,,20963,4,,,0,100,,20964,4,,,0,100,,20965,4,,,0,100,,20966,4,,,0
5300,'259.0.3',607,,20967,4,,,0,30,,20968,4,,,0,71,,20969,4,,,0,30,,20970,4,,,0,70,,20971,4,,,0,30,,20972,4,,,0,70,,20973,4,,,0,30,,20974,4,,,0,70,,20975,4,,,0,30,,20976,4,,,0,70,,20977,4,,,0,30,,20978,4,,,0,70,,20979,4,,,0,30,,20980,4,,,0,70,,20981,4,,,0,30,,20982,4,,,0,70,,20983,4,,,0,30,,20984,4,,,0,70,,20985,4,,,0,30,,20986,4,,,0,70,,20987,4,,,0,30,,20988,4,,,0,70,,20989,4,,,0,30,,20990,4,,,0,70,,20991,4,,,0,30,,20992,4,,,0,70,,20993,4,,,0,30,,20994,4,,,0,70,,20995,4,,,0,30,,20996,4,,,0,70,,20997,4,,,0,100,,20998,4,,,0,100,,20999,4,,,0,100,,21000,4,,,0
5401,'259.0.1',650,,21140,31,,,0,100,,21141,31,,,0,100,,21142,31,,,0,100,,21143,31,,,0,108,,21144,31,,,0,100,,21145,31,,,0,100,,21146,31,,,0,100,,21147,31,,,0,100,,21148,31,,,0,99,,21149,31,,,0,100,,21150,31,,,0,100,,21151,31,,,0,95,,21152,31,,,0,100,,21153,31,,,0,100,,21154,31,,,0,100,,21155,31,,,0,100,,21156,31,,,0
5401,'259.0.2',851,,21157,31,,,0,100,,21158,31,,,0,107,,21159,31,,,0,100,,21160,31,,,0,99,,21161,31,,,0,100,,21162,31,,,0,99,,21163,31,,,0,99,,21164,31,,,0,100,,21165,31,,,0,100,,21166,31,,,0,96,,21167,31,,,0,100,,21168,31,,,0,100,,21169,31,,,0,100,,21170,31,,,0
5401,'259.0.3',654,,21171,31,,,0,74,,21172,31,,,0,27,,21173,31,,,0,70,,21174,31,,,0,30,,21175,31,,,0,70,,21176,31,,,0,75,,21177,31,,,0,100,,21178,31,,,0,100,,21179,31,,,0,104,,21180,31,,,0,100,,21181,31,,,0,102,,21182,31,,,0,100,,21183,31,,,0,30,,21184,31,,,0,75,,21185,31,,,0,27,,21186,31,,,0,70,,21187,31,,,0,24,,21188,31,,,0,69,,21189,31,,,0,30,,21190,31,,,0,70,,21191,31,,,0,30,,21192,31,,,0,70,,21193,31,,,0,100,,21194,31,,,0
5501,'259.0.1',811,,21245,30,,,0,102,,21246,30,,,0,101,,21247,30,,,0,103,,21248,30,,,0,100,,21249,30,,,0,100,,21250,30,,,0,100,,21251,30,,,0,100,,21252,30,,,0,100,,21253,30,,,0,100,,21254,30,,,0,98,,21255,30,,,0,100,,21256,30,,,0,97,,21257,30,,,0,100,,21258,30,,,0,100,,21259,30,,,0
5501,'259.0.2',812,,21260,30,,,0,100,,21261,30,,,0,102,,21262,30,,,0,103,,21263,30,,,0,100,,21264,30,,,0,100,,21265,30,,,0,100,,21266,30,,,0,100,,21267,30,,,0,100,,21268,30,,,0,100,,21269,30,,,0,98,,21270,30,,,0,97,,21271,30,,,0,100,,21272,30,,,0,100,,21273,30,,,0,100,,21274,30,,,0
5501,'259.0.3',702,,21275,30,,,0,32,,21293,30,,,0,71,,21276,30,,,0,32,,21277,30,,,0,100,,21278,30,,,0,85,,21279,30,,,0,100,,21280,30,,,0,100,,21281,30,,,0,103,,21282,30,,,0,100,,21283,30,,,0,100,,21284,30,,,0,85,,21285,30,,,0,100,,21286,30,,,0,33,,21294,30,,,0,68,,21287,30,,,0,23,,21288,30,,,0,75,,21289,30,,,0,99,,21290,30,,,0,110,,21291,30,,,0,100,,21292,30,,,0
6201,'259.0.1',746,,21874,29,,,0,100,,21875,29,,,0,101,,21876,29,,,0,102,,21877,29,,,0,100,,21878,29,,,0,100,,21879,29,,,0,100,,21880,29,,,0,100,,21881,29,,,0,100,,21882,29,,,0,100,,21883,29,,,0,100,,21884,29,,,0,98,,21885,29,,,0,98,,21886,29,,,0,100,,21887,29,,,0,100,,21888,29,,,0,100,,21889,29,,,0
6201,'259.0.2',743,,21890,29,,,0,100,,21891,29,,,0,101,,21892,29,,,0,104,,21893,29,,,0,100,,21894,29,,,0,100,,21895,29,,,0,100,,21896,29,,,0,100,,21897,29,,,0,100,,21898,29,,,0,98,,21899,29,,,0,100,,21900,29,,,0,97,,21901,29,,,0,99,,21902,29,,,0,100,,21903,29,,,0,100,,21904,29,,,0,100,,21905,29,,,0
6201,'259.0.3',655,,21906,29,,,0,72,,21907,29,,,0,30,,21908,29,,,0,70,,21909,29,,,0,30,,21910,29,,,0,71,,21911,29,,,0,30,,21912,29,,,0,100,,21913,29,,,0,100,,21914,29,,,0,100,,21915,29,,,0,100,,21916,29,,,0,100,,21917,29,,,0,143,,21918,29,,,0,30,,21919,29,,,0,70,,21920,29,,,0,30,,21921,29,,,0,70,,21922,29,,,0,28,,21923,29,,,0,27,,21924,29,,,0,70,,21925,29,,,0,100,,21926,29,,,0,100,,21927,29,,,0,100,,21928,29,,,0
15801,'259.0.3',719,,23801,26,,,0,31,,23804,26,,,0,70,,23802,26,,,0,29,,23803,26,,,0
15901,'259.0.3',610,,23814,26,,,0,20,,23822,26,,,0,20,,23815,26,,,0,60,,23816,26,,,0,22,,23817,26,,,0,21,,23818,26,,,0,61,,23819,26,,,0,20,,23820,26,,,0,18,,23821,26,,,0
16100,'259.0.3',614,,23823,39,,,0,30,,23824,39,,,0,70,,23825,39,,,0,32,,23826,39,,,0,72,,23827,39,,,0,29,,23828,39,,,0
16501,'259.0.3',631,,23841,27,,,0,70,,23842,27,,,0,32,,23843,27,,,0,73,,23844,27,,,0,31,,23845,27,,,0,70,,23846,27,,,0
1000600,'259.0.3',533,,24150,15,,,0,70,,24151,15,,,0,30,,24152,15,,,0,70,,24153,15,,,0,31,,24154,15,,,0,70,,24155,15,,,0,30,,24156,15,,,0,70,,24157,15,,,0,30,,24158,15,,,0,17,,24159,15,,,0,70,,24160,15,,,0,30,,24161,15,,,0,70,,24162,15,,,0,30,,24163,15,,,0,70,,24164,15,,,0,30,,24165,15,,,0,70,,24166,15,,,0,30,,24167,15,,,0,70,,24168,15,,,0,30,,24169,15,,,0,70,,24170,15,,,0,15,,24171,15,,,0,70,,24172,15,,,0,30,,24173,15,,,0,69,,24174,15,,,0,30,,24175,15,,,0,69,,24176,15,,,0,30,,24177,15,,,0
1016801,'259.0.3',636,,25098,29,,,0,70,,25099,29,,,0,32,,25100,29,,,0,72,,25101,29,,,0,29,,25102,29,,,0,68,,25103,29,,,0
2000600,'259.0.1',553,,25112,43,,,0,100,,25113,43,,,0,100,,25114,43,,,0,100,,25115,43,,,0,100,,25116,43,,,0,103,,25117,43,,,0,100,,25118,43,,,0,102,,25119,43,,,0,100,,25120,43,,,0,100,,25121,43,,,0,100,,25122,43,,,0,98,,25123,43,,,0,100,,25124,43,,,0,99,,25125,43,,,0,98,,25126,43,,,0,100,,25127,43,,,0,100,,25128,43,,,0,97,,25129,43,,,0,100,,25130,43,,,0,100,,25131,43,,,0
2000600,'259.0.2',548,,25132,43,,,0,103,,25133,43,,,0,100,,25134,43,,,0,100,,25135,43,,,0,100,,25136,43,,,0,102,,25137,43,,,0,101,,25138,43,,,0,100,,25139,43,,,0,101,,25140,43,,,0,100,,25141,43,,,0,99,,25142,43,,,0,100,,25143,43,,,0,100,,25144,43,,,0,100,,25145,43,,,0,100,,25146,43,,,0,98,,25147,43,,,0,100,,25148,43,,,0,96,,25149,43,,,0,100,,25150,43,,,0,100,,25151,43,,,0
2000600,'259.0.3',601,,25152,43,,,0,11,,25153,43,,,0,26,,25154,45,,,0,71,,25155,45,,,0,32,,25156,45,,,0,72,,25157,45,,,0,29,,25158,45,,,0,70,,25159,45,,,0,30,,25160,45,,,0,65,,25161,45,,,0,100,,25162,45,,,0,100,,25163,45,,,0,101,,25164,45,,,0,100,,25165,45,,,0,100,,25166,45,,,0,105,,25167,45,,,0,30,,25168,45,,,0,68,,25169,45,,,0,30,,25170,45,,,0,69,,25171,45,,,0,29,,25172,45,,,0,69,,25173,45,,,0,96,,25174,45,,,0,100,,25175,45,,,0,98,,25176,43,,,0,57,,25177,43,,,0,100,,25178,43,,,0,100,,25179,43,,,0
2016801,'259.0.3',623,,26121,34,,,0,30,,26122,34,,,0,71,,26123,34,,,0,32,,26124,34,,,0,71,,26125,34,,,0,30,,26126,34,,,0
3000600,'259.0.1',624,,26140,43,,,0,103,,26141,43,,,0,100,,26142,43,,,0,102,,26143,43,,,0,101,,26144,43,,,0,101,,26145,43,,,0,100,,26146,43,,,0,102,,26147,43,,,0,100,,26148,43,,,0,100,,26149,43,,,0,98,,26150,43,,,0,100,,26151,43,,,0,99,,26152,43,,,0,100,,26153,43,,,0,98,,26154,43,,,0,98,,26155,43,,,0,99,,26156,43,,,0,100,,26157,43,,,0,100,,26158,43,,,0,100,,26159,43,,,0
3000600,'259.0.2',623,,26160,43,,,0,103,,26161,43,,,0,100,,26162,43,,,0,100,,26163,43,,,0,100,,26164,43,,,0,102,,26165,43,,,0,102,,26166,43,,,0,101,,26167,43,,,0,100,,26168,43,,,0,100,,26169,43,,,0,98,,26170,43,,,0,100,,26171,43,,,0,100,,26172,43,,,0,100,,26173,43,,,0,100,,26174,43,,,0,98,,26175,43,,,0,97,,26176,43,,,0,100,,26177,43,,,0,100,,26178,43,,,0,100,,26179,43,,,0
3000600,'259.0.3',627,,26180,45,,,0,30,,26181,45,,,0,70,,26182,45,,,0,30,,26183,45,,,0,70,,26184,45,,,0,30,,26185,45,,,0,73,,26186,45,,,0,70,,26187,45,,,0,41,,26188,45,,,0,100,,26189,45,,,0,100,,26190,45,,,0,101,,26191,45,,,0,100,,26192,45,,,0,100,,26193,45,,,0,90,,26194,45,,,0,68,,26195,45,,,0,30,,26196,45,,,0,70,,26197,45,,,0,28,,26198,45,,,0,27,,26199,45,,,0,69,,26200,45,,,0,116,,26201,45,,,0,100,,26202,45,,,0,100,,26203,45,,,0,95,,26204,43,,,0,100,,26205,43,,,0,100,,26206,43,,,0
