300,'244.0.1',615,,9670,1,,,0,100,,9671,1,,,0,100,,9672,1,,,0,30,,9673,1,,,0,70,,9674,1,,,0,30,,9675,1,,,0,70,,9676,1,,,0,30,,9677,1,,,0,70,,9678,1,,,0,30,,9679,1,,,0,70,,9680,1,,,0,30,,9681,1,,,0,70,,9682,1,,,0,30,,9683,1,,,0,70,,9684,1,,,0,30,,9685,1,,,0,70,,9686,1,,,0,30,,9687,1,,,0,70,,9688,1,,,0,30,,9689,1,,,0,70,,9690,1,,,0,30,,9691,1,,,0,70,,9692,1,,,0,30,,9693,1,,,0,70,,9694,1,,,0,30,,9695,1,,,0,70,,9696,1,,,0,30,,9697,1,,,0,70,,9698,1,,,0,30,,9699,1,,,0,70,,9700,1,,,0,30,,9701,1,,,0,70,,9702,1,,,0,30,,9703,1,,,0,70,,9704,1,,,0,20,,9705,1,,,0
300,'244.0.2',600,,9706,1,,,0,100,,9707,1,,,0,100,,9708,1,,,0,30,,9709,1,,,0,70,,9710,1,,,0,27,,9711,1,,,0,20,,9712,1,,,0,60,,9713,1,,,0,20,,9714,1,,,0,20,,9715,1,,,0,60,,9716,1,,,0,20,,9717,1,,,0,20,,9718,1,,,0,60,,9719,1,,,0,20,,9720,1,,,0,20,,9721,1,,,0,60,,9722,1,,,0,20,,9723,1,,,0,20,,9724,1,,,0,60,,9725,1,,,0,20,,9726,1,,,0,20,,9727,1,,,0,60,,9728,1,,,0,20,,9729,1,,,0,20,,9730,1,,,0,60,,9731,1,,,0,20,,9732,1,,,0,20,,9733,1,,,0,60,,9734,1,,,0,20,,9735,1,,,0,20,,9736,1,,,0,60,,9737,1,,,0,30,,9738,1,,,0,70,,9739,1,,,0,30,,9740,1,,,0,70,,9741,1,,,0,30,,9742,1,,,0,70,,9743,1,,,0,30,,9744,1,,,0,63,,9745,1,,,0,30,,9746,1,,,0,70,,9747,1,,,0,30,,9748,1,,,0,70,,9749,1,,,0
300,'244.0.3',530,,9750,1,,,0,70,,9751,1,,,0,15,,9752,1,,,0,15,,9753,1,,,0,15,,9754,1,,,0,55,,9755,1,,,0,15,,9756,1,,,0,15,,9757,1,,,0,15,,9758,1,,,0,55,,9759,1,,,0,15,,9760,1,,,0,15,,9761,1,,,0,15,,9762,1,,,0,55,,9763,1,,,0,20,,9764,1,,,0,20,,9765,1,,,0,60,,9766,1,,,0,20,,9767,1,,,0,20,,9768,1,,,0,60,,9769,1,,,0,20,,9770,1,,,0,20,,9771,1,,,0,60,,9772,1,,,0,20,,9773,1,,,0,20,,9774,1,,,0,60,,9775,1,,,0,20,,9776,1,,,0,20,,9777,1,,,0,60,,9778,1,,,0,20,,9779,1,,,0,20,,9780,1,,,0,10,,9781,1,,,0,50,,9782,1,,,0,15,,9783,1,,,0,15,,9784,1,,,0,15,,9785,1,,,0,55,,9786,1,,,0,15,,9787,1,,,0,15,,9788,1,,,0,15,,9789,1,,,0,55,,9790,1,,,0,15,,9791,1,,,0,15,,9792,1,,,0,15,,9793,1,,,0,55,,9794,1,,,0,15,,9795,1,,,0,15,,9796,1,,,0,20,,9797,1,,,0,60,,9798,1,,,0,20,,9799,1,,,0,20,,9800,1,,,0,60,,9801,1,,,0,20,,9802,1,,,0,20,,9803,1,,,0,50,,9804,1,,,0,30,,9805,1,,,0,70,,9806,1,,,0,30,,9807,1,,,0,70,,9808,1,,,0,30,,9809,1,,,0,70,,9810,1,,,0,30,,9811,1,,,0
301,'244.0.1',659,,9812,63,4,,0,100,,9813,63,4,,0,100,,9814,63,4,,0,70,,9815,63,4,,0,30,,9816,63,4,,0,70,,9817,63,4,,0,74,,9818,63,4,,0,34,,9819,63,4,,0,70,,9820,63,4,,0,30,,9821,63,4,,0,70,,9822,63,4,,0,30,,9823,63,4,,0,70,,9824,63,4,,0,30,,9825,63,4,,0,70,,9826,63,4,,0,30,,9827,63,4,,0,70,,9828,63,4,,0,30,,9829,63,4,,0,70,,9830,63,4,,0,30,,9831,63,4,,0,70,,9832,63,4,,0,27,,9833,63,4,,0,66,,9834,63,4,,0,30,,9835,63,4,,0,70,,9836,63,4,,0,30,,9837,63,4,,0,70,,9838,63,4,,0,30,,9839,63,4,,0,70,,9840,63,4,,0,30,,9841,63,4,,0,70,,9842,63,4,,0,30,,9843,63,4,,0,70,,9844,63,4,,0,30,,9845,63,4,,0,70,,9846,63,4,,0,30,,9847,63,4,,0
301,'244.0.2',655,,9848,63,4,,0,100,,9849,63,4,,0,100,,9850,63,4,,0,70,,9851,63,4,,0,30,,9852,63,4,,0,60,,9853,63,4,,0,20,,9854,63,4,,0,65,,9855,63,4,,0,22,,9856,63,4,,0,20,,9857,63,4,,0,60,,9858,63,4,,0,20,,9859,63,4,,0,20,,9860,63,4,,0,60,,9861,63,4,,0,20,,9862,63,4,,0,20,,9863,63,4,,0,60,,9864,63,4,,0,20,,9865,63,4,,0,20,,9866,63,4,,0,60,,9867,63,4,,0,20,,9868,63,4,,0,20,,9869,63,4,,0,60,,9870,63,4,,0,20,,9871,63,4,,0,20,,9872,63,4,,0,60,,9873,63,4,,0,20,,9874,63,4,,0,20,,9875,63,4,,0,60,,9876,63,4,,0,20,,9877,63,4,,0,20,,9878,63,4,,0,60,,9879,63,4,,0,30,,9880,63,4,,0,70,,9881,63,4,,0,30,,9882,63,4,,0,70,,9883,63,4,,0,26,,9884,63,4,,0,27,,9885,63,4,,0,70,,9886,63,4,,0,30,,9887,63,4,,0,70,,9888,63,4,,0,30,,9889,63,4,,0,70,,9890,63,4,,0,30,,9891,63,4,,0
301,'244.0.3',635,,9892,63,4,,0,70,,9893,63,4,,0,15,,9894,63,4,,0,15,,9895,63,4,,0,14,,9896,63,4,,0,57,,9897,63,4,,0,19,,9898,63,4,,0,18,,9899,63,4,,0,15,,9900,63,4,,0,55,,9901,63,4,,0,15,,9902,63,4,,0,16,,9903,63,4,,0,15,,9904,63,4,,0,53,,9905,63,4,,0,16,,9906,63,4,,0,20,,9907,63,4,,0,60,,9908,63,4,,0,20,,9909,63,4,,0,20,,9910,63,4,,0,60,,9911,63,4,,0,20,,9912,63,4,,0,20,,9913,63,4,,0,60,,9914,63,4,,0,20,,9915,63,4,,0,20,,9916,63,4,,0,60,,9917,63,4,,0,20,,9918,63,4,,0,20,,9919,63,4,,0,62,,9920,63,4,,0,24,,9921,63,4,,0,25,,9922,63,4,,0,62,,9923,63,4,,0,15,,9924,63,4,,0,15,,9925,63,4,,0,55,,9926,63,4,,0,15,,9927,63,4,,0,15,,9928,63,4,,0,15,,9929,63,4,,0,52,,9930,63,4,,0,12,,9931,63,4,,0,11,,9932,63,4,,0,11,,9933,63,4,,0,13,,9934,63,4,,0,54,,9935,63,4,,0,15,,9936,63,4,,0,15,,9937,63,4,,0,20,,9938,63,4,,0,60,,9939,63,4,,0,20,,9940,63,4,,0,20,,9941,63,4,,0,60,,9942,63,4,,0,20,,9943,63,4,,0,20,,9944,63,4,,0,50,,9945,63,4,,0,28,,9946,63,4,,0,25,,9947,63,4,,0,67,,9948,63,4,,0,30,,9949,63,4,,0,73,,9950,63,4,,0,30,,9951,63,4,,0,70,,9952,63,4,,0
5600,'244.0.1',634,,12468,33,4,,0,70,,12469,33,4,,0,30,,12470,33,4,,0,70,,12471,33,4,,0,30,,12472,33,4,,0,70,,12473,33,4,,0,30,,12474,33,4,,0,70,,12475,33,4,,0,34,,12476,33,4,,0,69,,12477,33,4,,0,30,,12478,33,4,,0,70,,12479,33,4,,0,34,,12480,33,4,,0,70,,12481,33,4,,0,30,,12482,33,4,,0,70,,12483,33,4,,0,30,,12484,33,4,,0,70,,12485,33,4,,0,30,,12486,33,4,,0,70,,12487,33,4,,0,28,,12488,33,4,,0,70,,12489,33,4,,0,30,,12490,33,4,,0,70,,12491,33,4,,0,26,,12492,33,4,,0,71,,12493,33,4,,0,30,,12494,33,4,,0,70,,12495,33,4,,0,30,,12496,33,4,,0,70,,12497,33,4,,0,30,,12498,33,4,,0,70,,12499,33,4,,0,30,,12500,33,4,,0,70,,12501,33,4,,0,30,,12502,33,4,,0,70,,12503,33,4,,0
5600,'244.0.2',733,,12504,33,4,,0,70,,12505,33,4,,0,30,,12506,33,4,,0,70,,12507,33,4,,0,30,,12508,33,4,,0,70,,12509,33,4,,0,33,,12510,33,4,,0,70,,12511,33,4,,0,30,,12512,33,4,,0,70,,12513,33,4,,0,30,,12514,33,4,,0,70,,12515,33,4,,0,30,,12516,33,4,,0,70,,12517,33,4,,0,30,,12518,33,4,,0,70,,12519,33,4,,0,30,,12520,33,4,,0,70,,12521,33,4,,0,30,,12522,33,4,,0,70,,12523,33,4,,0,30,,12524,33,4,,0,70,,12525,33,4,,0,30,,12526,33,4,,0,70,,12527,33,4,,0,27,,12528,33,4,,0,70,,12529,33,4,,0,30,,12530,33,4,,0,70,,12531,33,4,,0,30,,12532,33,4,,0,70,,12533,33,4,,0,30,,12534,33,4,,0
5600,'244.0.3',639,,12535,33,4,,0,70,,12536,33,4,,0,30,,12537,33,4,,0,70,,12538,33,4,,0,30,,12539,33,4,,0,70,,12540,33,4,,0,30,,12541,33,4,,0,70,,12542,33,4,,0,30,,12543,33,4,,0,70,,12544,33,4,,0,32,,12545,33,4,,0,71,,12546,33,4,,0,30,,12547,33,4,,0,70,,12548,33,4,,0,30,,12549,33,4,,0,70,,12550,33,4,,0,30,,12551,33,4,,0,70,,12552,33,4,,0,30,,12553,33,4,,0,70,,12554,33,4,,0,30,,12555,33,4,,0,70,,12556,33,4,,0,30,,12557,33,4,,0,70,,12558,33,4,,0,24,,12559,33,4,,0,70,,12560,33,4,,0,30,,12561,33,4,,0,70,,12562,33,4,,0,30,,12563,33,4,,0,70,,12564,33,4,,0,30,,12565,33,4,,0,70,,12566,33,4,,0,28,,12567,33,4,,0,70,,12568,33,4,,0,30,,12569,33,4,,0,70,,12570,33,4,,0
5601,'244.0.1',617,,12571,1,,,0,30,,12572,1,,,0,70,,12573,1,,,0,30,,12574,1,,,0,70,,12575,1,,,0,30,,12576,1,,,0,70,,12577,1,,,0,30,,12578,1,,,0,70,,12579,1,,,0,30,,12580,1,,,0,70,,12581,1,,,0,30,,12582,1,,,0,70,,12583,1,,,0,30,,12584,1,,,0,70,,12585,1,,,0,30,,12586,1,,,0,70,,12587,1,,,0,30,,12588,1,,,0,70,,12589,1,,,0,30,,12590,1,,,0,70,,12591,1,,,0,30,,12592,1,,,0,70,,12593,1,,,0,30,,12594,1,,,0,70,,12595,1,,,0,30,,12596,1,,,0,70,,12597,1,,,0,30,,12598,1,,,0,70,,12599,1,,,0,30,,12600,1,,,0,70,,12601,1,,,0,30,,12602,1,,,0,70,,12603,1,,,0,30,,12604,1,,,0,70,,12605,1,,,0,30,,12606,1,,,0
5601,'244.0.2',740,,12607,1,,,0,70,,12608,1,,,0,30,,12609,1,,,0,70,,12610,1,,,0,30,,12611,1,,,0,70,,12612,1,,,0,30,,12613,1,,,0,70,,12614,1,,,0,30,,12615,1,,,0,70,,12616,1,,,0,30,,12617,1,,,0,70,,12618,1,,,0,30,,12619,1,,,0,70,,12620,1,,,0,30,,12621,1,,,0,70,,12622,1,,,0,30,,12623,1,,,0,70,,12624,1,,,0,30,,12625,1,,,0,70,,12626,1,,,0,30,,12627,1,,,0,70,,12628,1,,,0,30,,12629,1,,,0,70,,12630,1,,,0,30,,12631,1,,,0,70,,12632,1,,,0,30,,12633,1,,,0,70,,12634,1,,,0,30,,12635,1,,,0,70,,12636,1,,,0
5601,'244.0.3',617,,12637,1,,,0,30,,12638,1,,,0,70,,12639,1,,,0,30,,12640,1,,,0,70,,12641,1,,,0,30,,12642,1,,,0,70,,12643,1,,,0,30,,12644,1,,,0,70,,12645,1,,,0,30,,12646,1,,,0,70,,12647,1,,,0,30,,12648,1,,,0,70,,12649,1,,,0,30,,12650,1,,,0,70,,12651,1,,,0,30,,12652,1,,,0,70,,12653,1,,,0,30,,12654,1,,,0,70,,12655,1,,,0,30,,12656,1,,,0,70,,12657,1,,,0,30,,12658,1,,,0,70,,12659,1,,,0,30,,12660,1,,,0,70,,12661,1,,,0,30,,12662,1,,,0,70,,12663,1,,,0,30,,12664,1,,,0,70,,12665,1,,,0,30,,12666,1,,,0,70,,12667,1,,,0,30,,12668,1,,,0,70,,12669,1,,,0,30,,12670,1,,,0,70,,12671,1,,,0,30,,12672,1,,,0
6400,'244.0.3',634,,13212,36,4,,0,15,,13213,36,4,,0,55,,13214,36,4,,0,15,,13215,36,4,,0,15,,13216,36,4,,0,15,,13217,36,4,,0,55,,13218,36,4,,0,15,,13219,36,4,,0,15,,13220,36,4,,0,15,,13221,36,4,,0,55,,13222,36,4,,0,15,,13223,36,4,,0,15,,13224,36,4,,0,16,,13225,36,4,,0,100,,13226,36,4,,0,100,,13227,36,4,,0,100,,13228,36,4,,0,100,,13229,36,4,,0,100,,13230,36,4,,0,151,,13231,36,4,,0,29,,13232,36,4,,0,15,,13233,36,4,,0,55,,13234,36,4,,0,15,,13235,36,4,,0,15,,13236,36,4,,0,15,,13237,36,4,,0,55,,13238,36,4,,0,7,,13239,36,4,,0,12,,13240,36,4,,0,15,,13241,36,4,,0,15,,13242,36,4,,0,55,,13243,36,4,,0,100,,13244,36,4,,0
6401,'244.0.3',612,,13245,1,,,0,15,,13246,1,,,0,15,,13247,1,,,0,15,,13248,1,,,0,55,,13249,1,,,0,15,,13250,1,,,0,15,,13251,1,,,0,15,,13252,1,,,0,55,,13253,1,,,0,15,,13254,1,,,0,15,,13255,1,,,0,15,,13256,1,,,0,55,,13257,1,,,0,28,,13258,1,,,0,100,,13259,1,,,0,100,,13260,1,,,0,100,,13261,1,,,0,100,,13262,1,,,0,100,,13263,1,,,0,73,,13264,1,,,0,15,,13265,1,,,0,15,,13266,1,,,0,15,,13267,1,,,0,55,,13268,1,,,0,15,,13269,1,,,0,15,,13270,1,,,0,15,,13271,1,,,0,55,,13272,1,,,0,15,,13273,1,,,0,15,,13274,1,,,0,15,,13275,1,,,0,55,,13276,1,,,0,15,,13277,1,,,0,15,,13278,1,,,0,100,,13279,1,,,0
8401,'244.0.1',622,,14021,26,,,0,100,,14022,26,,,0,100,,14023,26,,,0,101,,14024,26,,,0,101,,14025,26,,,0,100,,14026,26,,,0,100,,14027,26,,,0,101,,14028,26,,,0,100,,14029,26,,,0,100,,14030,26,,,0,100,,14031,26,,,0,99,,14032,26,,,0,100,,14033,26,,,0,100,,14034,26,,,0,99,,14035,26,,,0,100,,14036,26,,,0,100,,14037,26,,,0
8401,'244.0.2',626,,14038,26,,,0,100,,14039,26,,,0,100,,14040,26,,,0,103,,14041,26,,,0,100,,14042,26,,,0,100,,14043,26,,,0,100,,14044,26,,,0,100,,14045,26,,,0,100,,14046,26,,,0,100,,14047,26,,,0,100,,14048,26,,,0,100,,14049,26,,,0,99,,14050,26,,,0,100,,14051,26,,,0,100,,14052,26,,,0,100,,14053,26,,,0,100,,14054,26,,,0
8401,'244.0.3',530,,14055,26,,,0,70,,14056,26,,,0,30,,14057,26,,,0,15,,14058,26,,,0,55,,14086,26,,,0,20,,14059,26,,,0,15,,14060,26,,,0,15,,14061,26,,,0,55,,14062,26,,,0,15,,14063,26,,,0,15,,14064,26,,,0,15,,14065,26,,,0,55,,14066,26,,,0,11,,14087,26,,,0,15,,14067,26,,,0,100,,14068,26,,,0,100,,14069,26,,,0,100,,14070,26,,,0,100,,14071,26,,,0,100,,14072,26,,,0,100,,14073,26,,,0,70,,14074,26,,,0,31,,14075,26,,,0,70,,14076,26,,,0,30,,14077,26,,,0,70,,14078,26,,,0,28,,14079,26,,,0,100,,14080,26,,,0,98,,14081,26,,,0,100,,14082,26,,,0,100,,14083,26,,,0,100,,14084,26,,,0,100,,14085,26,,,0
8701,'244.0.1',628,,14383,26,,,0,30,,14384,26,,,0,70,,14385,26,,,0,30,,14386,26,,,0,70,,14387,26,,,0,30,,14388,26,,,0,71,,14389,26,,,0,71,,14390,26,,,0,30,,14391,26,,,0,70,,14392,26,,,0,31,,14393,26,,,0,71,,14394,26,,,0,30,,14395,26,,,0,70,,14396,26,,,0,30,,14397,26,,,0,70,,14398,26,,,0,30,,14399,26,,,0,70,,14400,26,,,0,30,,14401,26,,,0,70,,14402,26,,,0,30,,14403,26,,,0,70,,14404,26,,,0,30,,14405,26,,,0,69,,14406,26,,,0,26,,14407,26,,,0,95,,14408,26,,,0,100,,14409,26,,,0,100,,14410,26,,,0,100,,14411,26,,,0,100,,14412,26,,,0
8701,'244.0.2',627,,14413,26,,,0,100,,14414,26,,,0,100,,14415,26,,,0,102,,14416,26,,,0,100,,14417,26,,,0,100,,14418,26,,,0,100,,14419,26,,,0,103,,14420,26,,,0,100,,14421,26,,,0,99,,14422,26,,,0,100,,14423,26,,,0,100,,14424,26,,,0,97,,14425,26,,,0,100,,14426,26,,,0,100,,14427,26,,,0,100,,14428,26,,,0,100,,14429,26,,,0,98,,14430,26,,,0
8701,'244.0.3',652,,14431,26,,,0,76,,14432,26,,,0,15,,14433,26,,,0,70,,14434,26,,,0,24,,14435,26,,,0,69,,14436,26,,,0,30,,14437,26,,,0,70,,14438,26,,,0,30,,14439,26,,,0,70,,14440,26,,,0,30,,14441,26,,,0,70,,14442,26,,,0,30,,14443,26,,,0,70,,14444,26,,,0,30,,14445,26,,,0,70,,14446,26,,,0,33,,14447,26,,,0,72,,14448,26,,,0,30,,14449,26,,,0,69,,14450,26,,,0,31,,14451,26,,,0,70,,14452,26,,,0,30,,14453,26,,,0,67,,14454,26,,,0,28,,14455,26,,,0,70,,14456,26,,,0,50,,14457,26,,,0,100,,14458,26,,,0,100,,14459,26,,,0,100,,14460,26,,,0,100,,14461,26,,,0
2005100,'244.0.3',623,,17275,32,4,,0,30,,17276,32,4,,0,70,,17277,32,4,,0,30,,17278,32,4,,0,70,,17279,32,4,,0,30,,17280,32,4,,0,669,,17281,32,4,,0,32,,17282,32,4,,0,70,,17283,32,4,,0,30,,17284,32,4,,0,70,,17285,32,4,,0,30,,17286,32,4,,0,68,,17287,32,4,,0
2005101,'244.0.3',605,,17288,1,,,0,30,,17289,1,,,0,70,,17290,1,,,0,30,,17291,1,,,0,70,,17292,1,,,0,30,,17293,1,,,0,675,,17294,1,,,0,30,,17295,1,,,0,70,,17296,1,,,0,30,,17297,1,,,0,70,,17298,1,,,0,30,,17299,1,,,0,73,,17300,1,,,0
