400,'259.0.1',610,,18780,27,,,0,100,,18781,27,,,0,100,,18782,27,,,0,30,,18783,27,,,0,70,,18784,27,,,0,32,,18785,27,,,0,72,,18786,27,,,0,30,,18787,27,,,0,70,,18788,27,,,0,30,,18789,27,,,0,70,,18790,27,,,0,30,,18791,27,,,0,70,,18792,27,,,0,30,,18793,27,,,0,70,,18794,27,,,0,30,,18795,27,,,0,70,,18796,27,,,0,30,,18797,27,,,0,70,,18798,27,,,0,30,,18799,27,,,0,70,,18800,27,,,0,30,,18801,27,,,0,70,,18802,27,,,0,30,,18803,27,,,0,70,,18804,27,,,0,30,,18805,27,,,0,70,,18806,27,,,0,30,,18807,27,,,0,68,,18808,27,,,0,28,,18809,27,,,0,70,,18810,27,,,0,100,,18811,27,,,0,100,,18812,27,,,0
400,'259.0.2',704,,18813,27,,,0,30,,18814,27,,,0,70,,18815,27,,,0,30,,18816,27,,,0,70,,18817,27,,,0,30,,18818,27,,,0,70,,18819,27,,,0,30,,18820,27,,,0,70,,18821,27,,,0,32,,18822,27,,,0,72,,18823,27,,,0,30,,18824,27,,,0,70,,18825,27,,,0,30,,18826,27,,,0,70,,18827,27,,,0,30,,18828,27,,,0,70,,18829,27,,,0,30,,18830,27,,,0,70,,18831,27,,,0,30,,18832,27,,,0,70,,18833,27,,,0,30,,18834,27,,,0,69,,18835,27,,,0,28,,18836,27,,,0,70,,18837,27,,,0,30,,18838,27,,,0,70,,18839,27,,,0,100,,18840,27,,,0,100,,18841,27,,,0,100,,18842,27,,,0,100,,18843,27,,,0
400,'259.0.3',620,,18844,27,,,0,20,,18845,27,,,0,60,,18846,27,,,0,20,,18847,27,,,0,16,,18848,27,,,0,18,,18849,27,,,0,55,,18850,27,,,0,15,,18851,27,,,0,15,,18852,27,,,0,15,,18853,27,,,0,55,,18854,27,,,0,15,,18855,27,,,0,15,,18856,27,,,0,15,,18857,27,,,0,55,,18858,27,,,0,15,,18859,27,,,0,15,,18860,27,,,0,15,,18861,27,,,0,55,,18862,27,,,0,15,,18863,27,,,0,15,,18864,27,,,0,17,,18865,27,,,0,55,,18866,27,,,0,15,,18867,27,,,0,15,,18868,27,,,0,15,,18869,27,,,0,55,,18870,27,,,0,15,,18871,27,,,0,10,,18872,27,,,0,10,,18873,27,,,0,10,,18874,27,,,0,50,,18875,27,,,0,10,,18876,27,,,0,10,,18877,27,,,0,8,,18878,27,,,0,8,,18879,27,,,0,8,,18880,27,,,0,8,,18881,27,,,0,49,,18882,27,,,0,8,,18883,27,,,0,9,,18884,27,,,0,8,,18885,27,,,0,8,,18886,27,,,0,8,,18887,27,,,0,8,,18888,27,,,0,48,,18889,27,,,0,8,,18890,27,,,0,8,,18891,27,,,0,8,,18892,27,,,0,8,,18893,27,,,0,8,,18894,27,,,0,8,,18895,27,,,0,48,,18896,27,,,0,8,,18897,27,,,0,16,,18898,27,,,0,8,,18899,27,,,0,8,,18900,27,,,0,8,,18901,27,,,0,8,,18902,27,,,0,47,,18903,27,,,0,8,,18904,27,,,0,13,,18905,27,,,0,15,,18906,27,,,0,15,,18907,27,,,0,60,,18908,27,,,0,20,,18909,27,,,0,20,,18910,27,,,0,60,,18911,27,,,0,20,,18912,27,,,0,20,,18913,27,,,0,58,,18914,27,,,0,18,,18915,27,,,0,20,,18916,27,,,0,60,,18917,27,,,0,30,,18918,27,,,0,70,,18919,27,,,0,30,,18920,27,,,0,70,,18921,27,,,0,30,,18922,27,,,0,70,,18923,27,,,0
400,'259.1141.3',1716,,18924,27,,,0
400,'259.1143.3',1716,,18925,27,,,0
2900,'259.0.1',632,,20522,14,,,0,70,,20523,14,,,0,30,,20524,14,,,0,70,,20525,14,,,0,30,,20526,14,,,0,70,,20527,14,,,0,30,,20528,14,,,0,70,,20529,14,,,0,32,,20530,14,,,0,66,,20531,14,,,0,30,,20532,14,,,0,70,,20533,14,,,0,30,,20534,14,,,0,70,,20535,14,,,0,30,,20536,14,,,0,70,,20537,14,,,0,30,,20538,14,,,0,70,,20539,14,,,0,30,,20540,14,,,0,70,,20541,14,,,0,30,,20542,14,,,0,70,,20543,14,,,0,31,,20544,14,,,0,70,,20545,14,,,0,30,,20546,14,,,0,70,,20547,14,,,0,30,,20548,14,,,0,70,,20549,14,,,0,30,,20550,14,,,0,102,,20551,14,,,0,100,,20552,14,,,0,100,,20553,14,,,0,81,,20554,14,,,0
2900,'259.0.2',637,,20555,14,,,0,70,,20556,14,,,0,30,,20557,14,,,0,70,,20558,14,,,0,30,,20559,14,,,0,70,,20560,14,,,0,30,,20561,14,,,0,70,,20562,14,,,0,30,,20563,14,,,0,71,,20564,14,,,0,27,,20565,14,,,0,70,,20566,14,,,0,30,,20567,14,,,0,70,,20568,14,,,0,30,,20569,14,,,0,70,,20570,14,,,0,30,,20571,14,,,0,70,,20572,14,,,0,30,,20573,14,,,0,70,,20574,14,,,0,30,,20575,14,,,0,70,,20576,14,,,0,30,,20577,14,,,0,70,,20578,14,,,0,32,,20579,14,,,0,100,,20580,14,,,0,100,,20581,14,,,0,100,,20582,14,,,0,100,,20583,14,,,0,100,,20584,14,,,0,78,,20585,14,,,0
2900,'259.0.3',549,,20586,14,,,0,55,,20587,14,,,0,15,,20588,14,,,0,14,,20589,14,,,0,13,,20590,14,,,0,56,,20591,14,,,0,15,,20592,14,,,0,15,,20593,14,,,0,15,,20594,14,,,0,55,,20595,14,,,0,15,,20596,14,,,0,15,,20597,14,,,0,16,,20598,14,,,0,57,,20599,14,,,0,15,,20600,14,,,0,30,,20601,14,,,0,70,,20602,14,,,0,30,,20603,14,,,0,70,,20604,14,,,0,30,,20605,14,,,0,70,,20606,14,,,0,30,,20607,14,,,0,70,,20608,14,,,0,30,,20609,14,,,0,70,,20610,14,,,0,29,,20611,14,,,0,67,,20612,14,,,0,15,,20613,14,,,0,15,,20614,14,,,0,55,,20615,14,,,0,15,,20616,14,,,0,15,,20617,14,,,0,15,,20618,14,,,0,55,,20619,14,,,0,15,,20620,14,,,0,15,,20621,14,,,0,20,,20622,14,,,0,56,,20623,14,,,0,15,,20624,14,,,0,15,,20625,14,,,0,15,,20626,14,,,0,70,,20627,14,,,0,30,,20628,14,,,0,70,,20629,14,,,0,30,,20630,14,,,0,70,,20631,14,,,0,30,,20632,14,,,0,70,,20633,14,,,0,100,,20634,14,,,0,88,,20635,14,,,0
9000,'259.0.1',624,,23385,22,,,0,25,,23386,22,,,0,70,,23387,22,,,0,30,,23388,22,,,0,70,,23389,22,,,0,25,,23390,22,,,0,70,,23391,22,,,0,30,,23392,22,,,0,65,,23393,22,,,0,33,,23394,22,,,0,70,,23395,22,,,0,30,,23396,22,,,0,70,,23397,22,,,0,27,,23398,22,,,0,70,,23399,22,,,0,30,,23400,22,,,0,70,,23401,22,,,0,30,,23402,22,,,0,70,,23403,22,,,0,30,,23404,22,,,0,70,,23405,22,,,0,33,,23406,22,,,0,70,,23407,22,,,0,30,,23408,22,,,0,70,,23409,22,,,0,30,,23410,22,,,0,70,,23411,22,,,0,30,,23412,22,,,0,70,,23413,22,,,0,104,,23414,22,,,0,100,,23415,22,,,0,100,,23416,22,,,0,100,,23417,22,,,0
9000,'259.0.2',613,,23418,22,,,0,100,,23419,22,,,0,100,,23420,22,,,0,95,,23421,22,,,0,97,,23422,22,,,0,99,,23423,22,,,0,102,,23424,22,,,0,100,,23425,22,,,0,98,,23426,22,,,0,100,,23427,22,,,0,100,,23428,22,,,0,100,,23429,22,,,0,103,,23430,22,,,0,104,,23431,22,,,0,101,,23432,22,,,0,100,,23433,22,,,0,100,,23434,22,,,0,100,,23435,22,,,0
9000,'259.0.3',609,,23469,22,,,0,15,,23468,22,,,0,15,,23436,22,,,0,15,,23470,22,,,0,55,,23437,22,,,0,15,,23471,22,,,0,15,,23438,22,,,0,15,,23472,22,,,0,60,,23439,22,,,0,30,,23440,22,,,0,65,,23441,22,,,0,31,,23442,22,,,0,69,,23443,22,,,0,30,,23444,22,,,0,70,,23445,22,,,0,27,,23446,22,,,0,71,,23447,22,,,0,30,,23448,22,,,0,70,,23449,22,,,0,30,,23450,22,,,0,70,,23451,22,,,0,33,,23452,22,,,0,17,,23473,22,,,0,55,,23453,22,,,0,15,,23474,22,,,0,15,,23454,22,,,0,15,,23475,22,,,0,55,,23455,22,,,0,15,,23476,22,,,0,15,,23480,22,,,0,15,,23477,22,,,0,55,,23456,22,,,0,15,,23478,22,,,0,15,,23457,22,,,0,12,,23479,22,,,0,52,,23458,22,,,0,35,,23459,22,,,0,70,,23460,22,,,0,30,,23461,22,,,0,70,,23462,22,,,0,30,,23463,22,,,0,100,,23464,22,,,0,97,,23465,22,,,0,100,,23466,22,,,0,100,,23467,22,,,0
