800,'259.0.1',606,,19386,36,,,0,30,,19387,36,,,0,70,,19388,36,,,0,30,,19389,36,,,0,71,,19390,36,,,0,23,,19391,36,,,0,22,,19392,36,,,0,70,,19393,36,,,0,30,,19394,36,,,0,70,,19395,36,,,0,31,,19396,36,,,0,69,,19397,36,,,0,30,,19398,36,,,0,70,,19399,36,,,0,30,,19400,36,,,0,70,,19401,36,,,0,30,,19402,36,,,0,70,,19403,36,,,0,32,,19404,36,,,0,70,,19405,36,,,0,30,,19406,36,,,0,70,,19407,36,,,0,30,,19408,36,,,0,70,,19409,36,,,0,30,,19410,36,,,0,70,,19411,36,,,0,30,,19412,36,,,0,70,,19413,36,,,0,30,,19414,36,,,0,70,,19415,36,,,0,30,,19416,36,,,0,70,,19417,36,,,0,30,,19418,36,,,0,70,,19419,36,,,0,25,,19420,36,,,0,69,,19421,36,,,0,30,,19422,36,,,0,100,,19423,36,,,0
800,'259.0.2',625,,19424,36,,,0,30,,19425,36,,,0,70,,19426,36,,,0,30,,19427,36,,,0,70,,19428,36,,,0,30,,19429,36,,,0,70,,19430,36,,,0,30,,19431,36,,,0,70,,19432,36,,,0,34,,19433,36,,,0,70,,19434,36,,,0,25,,19435,36,,,0,71,,19436,36,,,0,32,,19437,36,,,0,70,,19438,36,,,0,30,,19439,36,,,0,70,,19440,36,,,0,30,,19441,36,,,0,70,,19442,36,,,0,30,,19443,36,,,0,70,,19444,36,,,0,75,,19445,36,,,0,29,,19446,36,,,0,70,,19447,36,,,0,30,,19448,36,,,0,69,,19449,36,,,0,28,,19450,36,,,0,30,,19451,36,,,0,67,,19452,36,,,0,29,,19453,36,,,0,70,,19454,36,,,0,30,,19455,36,,,0,70,,19456,36,,,0,30,,19457,36,,,0,100,,19458,36,,,0,100,,19459,36,,,0
800,'259.0.3',555,,19462,36,,,0,70,,19463,36,,,0,30,,19464,36,,,0,77,,19465,36,,,0,72,,19466,36,,,0,31,,19467,36,,,0,70,,19468,36,,,0,30,,19469,36,,,0,70,,19470,36,,,0,20,,19471,36,,,0,20,,19472,36,,,0,60,,19473,36,,,0,20,,19474,36,,,0,20,,19475,36,,,0,60,,19476,36,,,0,20,,19477,36,,,0,20,,19478,36,,,0,60,,19479,36,,,0,20,,19480,36,,,0,20,,19481,36,,,0,60,,19482,36,,,0,20,,19483,36,,,0,20,,19484,36,,,0,61,,19485,36,,,0,29,,19486,36,,,0,24,,19487,36,,,0,60,,19488,36,,,0,20,,19489,36,,,0,20,,19490,36,,,0,60,,19491,36,,,0,20,,19492,36,,,0,20,,19493,36,,,0,57,,19494,36,,,0,26,,19495,36,,,0,10,,19510,36,,,0,50,,19496,36,,,0,30,,19497,36,,,0,70,,19498,36,,,0,30,,19499,36,,,0,70,,19500,36,,,0,28,,19501,36,,,0,29,,19502,36,,,0,70,,19503,36,,,0,30,,19504,36,,,0,70,,19505,36,,,0,30,,19506,36,,,0,70,,19507,36,,,0,30,,19508,36,,,0,70,,19509,36,,,0
9000,'259.0.1',630,,23385,28,,,0,25,,23386,28,,,0,70,,23387,28,,,0,30,,23388,28,,,0,70,,23389,28,,,0,25,,23390,28,,,0,70,,23391,28,,,0,30,,23392,28,,,0,66,,23393,28,,,0,33,,23394,28,,,0,70,,23395,28,,,0,30,,23396,28,,,0,70,,23397,28,,,0,27,,23398,28,,,0,70,,23399,28,,,0,30,,23400,28,,,0,70,,23401,28,,,0,30,,23402,28,,,0,70,,23403,28,,,0,30,,23404,28,,,0,70,,23405,28,,,0,33,,23406,28,,,0,70,,23407,28,,,0,30,,23408,28,,,0,70,,23409,28,,,0,30,,23410,28,,,0,70,,23411,28,,,0,30,,23412,28,,,0,70,,23413,28,,,0,104,,23414,28,,,0,100,,23415,28,,,0,100,,23416,28,,,0,100,,23417,28,,,0
9000,'259.0.2',619,,23418,28,,,0,100,,23419,28,,,0,100,,23420,28,,,0,95,,23421,28,,,0,97,,23422,28,,,0,100,,23423,28,,,0,102,,23424,28,,,0,100,,23425,28,,,0,98,,23426,28,,,0,100,,23427,28,,,0,100,,23428,28,,,0,100,,23429,28,,,0,103,,23430,28,,,0,104,,23431,28,,,0,101,,23432,28,,,0,100,,23433,28,,,0,100,,23434,28,,,0,100,,23435,28,,,0
9000,'259.0.3',616,,23469,28,,,0,15,,23468,28,,,0,15,,23436,28,,,0,55,,23470,28,,,0,15,,23437,28,,,0,15,,23471,28,,,0,15,,23438,28,,,0,55,,23472,28,,,0,20,,23439,28,,,0,30,,23440,28,,,0,65,,23441,28,,,0,31,,23442,28,,,0,69,,23443,28,,,0,30,,23444,28,,,0,70,,23445,28,,,0,28,,23446,28,,,0,71,,23447,28,,,0,30,,23448,28,,,0,70,,23449,28,,,0,30,,23450,28,,,0,70,,23451,28,,,0,35,,23452,28,,,0,57,,23473,28,,,0,15,,23453,28,,,0,15,,23474,28,,,0,15,,23454,28,,,0,55,,23475,28,,,0,15,,23455,28,,,0,15,,23476,28,,,0,15,,23480,28,,,0,55,,23477,28,,,0,15,,23456,28,,,0,15,,23478,28,,,0,14,,23457,28,,,0,50,,23479,28,,,0,12,,23458,28,,,0,35,,23459,28,,,0,70,,23460,28,,,0,30,,23461,28,,,0,70,,23462,28,,,0,30,,23463,28,,,0,100,,23464,28,,,0,97,,23465,28,,,0,100,,23466,28,,,0,100,,23467,28,,,0
9100,'259.0.1',723,,23578,15,,,0,100,,23579,15,,,0,100,,23580,15,,,0,100,,23581,15,,,0,100,,23582,15,,,0,100,,23583,15,,,0,100,,23584,15,,,0,100,,23585,15,,,0,100,,23586,15,,,0,100,,23587,15,,,0,100,,23588,15,,,0,100,,23589,15,,,0,100,,23590,15,,,0,100,,23591,15,,,0,100,,23592,15,,,0,100,,23593,15,,,0
9100,'259.0.2',752,,23594,15,,,0,100,,23595,15,,,0,100,,23596,15,,,0,100,,23597,15,,,0,100,,23598,15,,,0,100,,23599,15,,,0,100,,23600,15,,,0,100,,23601,15,,,0,100,,23602,15,,,0,100,,23603,15,,,0,100,,23604,15,,,0,100,,23605,15,,,0,100,,23606,15,,,0,100,,23607,15,,,0,100,,23608,15,,,0
9100,'259.0.3',632,,23609,15,,,0,24,,23610,15,,,0,68,,23611,15,,,0,76,,23612,15,,,0,29,,23613,15,,,0,71,,23614,15,,,0,100,,23615,15,,,0,103,,23616,15,,,0,100,,23617,15,,,0,99,,23618,15,,,0,100,,23619,15,,,0,101,,23620,15,,,0,30,,23621,15,,,0,70,,23622,15,,,0,30,,23623,15,,,0,70,,23624,15,,,0,30,,23625,15,,,0,71,,23626,15,,,0,30,,23627,15,,,0,97,,23628,15,,,0,100,,23629,15,,,0,100,,23630,15,,,0,100,,23631,15,,,0
9300,'259.0.3',1540,,23687,22,,,0,66,,23688,22,,,0,42,,23689,22,,,0,62,,23690,22,,,0,35,,23691,22,,,0,60,,23692,22,,,0,30,,23693,22,,,0
